RowNumber,EmpID,Surname,Position,Birthday_Date,Start_Date,Leaving_Date,Grade_Group,Contract_Type,Contract_Hours,Work_Status,Employment_Status,Retention_Risk,Gender,Age,Tenure,Years_Tenure,Initial_Salary,Work_Life_Balance,Environment_Satisfaction,Satisfaction_Level,Last_Year_Evaluation,Time_Since_Promotion,Ease_of_External_Resourcing,Possible_Future_Training,In_Development_Role,Want_Change_Career,Salary,Left
1,15634602,Hargrave,Accountant,19/07/1957,01/01/2011,08/05/2020,White Collar,Permanent,Full Time,Fixed,Voluntarily Terminated,High,Female,65,"9 Years, 4 Months",9,30894,1,0.35,0.38,0.53,5,1,1,1,1,33949.45,1
2,15647311,Hill,Apprentice,03/07/2003,15/03/2022,,Blue Collar,Apprentice,Full Time,Fixed,Active,Medium,Female,19,"0 Years, 9 Months",0,21711.55,2,0.96,0.8,0.86,0,0,1,1,1,21711.55,0
3,15619304,Onio,Data Analyst,05/02/1956,21/04/2008,19/09/2021,White Collar,Permanent,Full Time,Flex and Fixed,Voluntarily Terminated,Low,Female,67,"13 Years, 4 Months",13,35500.6,4,0.45,0.11,0.88,5,1,0,1,1,44375.75,1
4,15701354,Boni,Gateway & Procurement Team Leader- Air Logistics,12/07/1982,04/05/2000,,White Collar,Permanent,Full Time,Fixed,Active,High,Female,40,"22  Years, 7 Months",22,36935.888,4,0.46,0.72,0.87,2,0,0,0,0,41972.6,0
5,15737888,Mitchell,Perishable Operational Care Specialist - Air Logistics,22/07/1958,22/06/2007,,Blue Collar,Permanent,Full Time,Fixed,Active,Medium,Female,64,"15 Years, 5 Months",15,27386.19,3,0.45,0.37,0.52,4,0,1,1,0,35110.5,0
6,15574012,Chu,Operations Specialist,18/12/1960,09/07/1999,,Blue Collar,Permanent,Full Time,Fixed,Active,Medium,Male,62,"23  Years, 5 Months",23,23627.83,3,0.54,0.41,0.5,1,0,0,1,0,36350.5,0
7,15592531,Bartlett,National Service Excellence Specialist- Air Logistics,05/01/1995,07/10/2020,,White Collar,Permanent,Full Time,Flex and Fixed,Active,Medium,Male,28,"2 Years, 2 Months",2,33161.05,2,0.39,0.1,0.77,0,0,1,1,0,33161.05,0
8,15656148,Obinna,Air Imports Operations Manager,19/03/1971,01/04/2015,,White Collar,Permanent,Full Time,Fixed,Active,Medium,Female,51,"7 Years, 8 Months",7,57893.93,4,0.84,0.92,0.85,2,1,0,1,0,68110.5,0
9,15792365,Silva,Sales Account Manager,23/01/1982,23/11/2020,,White Collar,Permanent,Full Time,Fixed,Active,Medium,Male,41,"2 Years, 0 Months",2,33797.6,4,0.72,0.89,1,1,1,1,0,0,34487.35,0
10,15592389,Smith,National Service Excellence Specialist- Air Logistics,31/10/1982,23/12/2016,,White Collar,Permanent,Full Time,Flex and Fixed,Active,Medium,Male,40,"5 Years, 11 Months",5,21121.14,3,0.51,0.42,0.53,1,0,1,1,1,36415.75,0
11,15767821,Bearce,National Air Logistics Transport Apprentice,26/11/1998,08/04/2022,,Blue Collar,Apprentice,Full Time,Fixed,Active,High,Male,24,"0 Years, 8 Months",0,22658.9,2,0.39,0.45,0.54,0,0,0,1,0,22658.9,0
12,15737173,Andrews,National Perishable Air Logistics Development Manager Retail,15/01/1983,15/04/2007,,White Collar,Permanent,Full Time,Flex and Fixed,Active,Low,Male,40,"15  Years, 8 Months",15,28711.5,2,0.42,0.11,0.81,5,1,0,1,0,35446.3,0
13,15632264,Kay,Recruiter,26/06/1969,13/03/2021,,White Collar,Fixed Term,Full Time,Fixed,Active,Medium,Female,53,"1 Years, 9 Months",1,41351.55,4,0.98,0.84,0.92,0,0,0,1,0,41351.55,0
14,15691483,Chin,Road Logistics Sales Representative,26/08/2003,07/03/2021,,White Collar,Permanent,Full Time,Fixed,Active,Medium,Female,19,"1  Years, 9 Months",1,33980.79,1,0.54,0.41,0.55,0,0,0,0,0,33980.79,0
15,15600882,Scott,Customer Care Specialist-Key Accounts,03/10/1991,09/09/2019,,White Collar,Temporary,Full Time,Fixed,Active,Medium,Female,31,"3 Years, 3 Months",3,31590.28,4,0.95,0.36,0.56,1,0,1,1,0,35494.7,0
16,15643966,Goforth,Customer Brokerage Specialist,02/04/1957,20/08/2020,,Blue Collar,Permanent,Full Time,Fixed,Active,Medium,Male,65,"2 Years, 3 Months",2,31882.08,4,0.76,0.77,0.54,1,1,1,0,0,33210.5,0
17,15737452,Romeo,Technical Support Engineer,02/08/1990,06/04/2021,16/12/2022,White Collar,Permanent,Full Time,Flex and Fixed,Voluntarily Terminated,High,Male,32,"1  Years, 8 Months",1,57264.96,4,0.4,0.45,0.47,4,1,0,1,1,60278.9,1
18,15788218,Henderson,Gateway & Procurement Team Leader- Air Logistics,05/06/1983,01/10/2020,,White Collar,Permanent,Full Time,Fixed,Active,High,Female,39,"2 Years, 2 Months",2,36933.53,3,0.48,0.78,0.99,2,0,1,1,0,40586.3,0
19,15661507,Muldrow,Finance Analyst,05/01/1982,02/03/2015,,White Collar,Permanent,Full Time,Flex and Fixed,Active,Medium,Male,41,"7 Years, 9 Months",7,44521.49,2,0.41,0.45,0.51,1,1,0,0,0,50592.6,0
20,15568982,Hao,Analyst Programmer ,18/07/1958,29/04/1994,,White Collar,Permanent,Full Time,Flex and Fixed,Active,Medium,Female,64,"28 Years, 7 Months",28,42255.52,2,0.45,0.76,0.89,2,1,1,1,0,62140.47,0
21,15577657,McDonald,Aerospace International Logistics Specialist,19/06/1990,06/01/2012,,Blue Collar,Fixed Term,Full Time,Fixed,Active,Low,Male,32,"10 Years, 11 Months",10,32320.4,1,0.73,0.65,0.83,7,0,1,1,0,35911.55,0
22,15597945,Dellucci,Gateway & Procurement Team Leader- Air Logistics,25/07/1961,23/07/1993,,White Collar,Permanent,Full Time,Fixed,Active,Low,Female,61,"29  Years, 4 Months",29,33967.07,3,0.73,0.79,0.55,2,0,0,1,0,38165.25,0
23,15699309,Gerasimov,BI Developer,21/05/1970,21/10/2011,,White Collar,Permanent,Full Time,Flex and Fixed,Active,Low,Female,52,"11 Years, 1 Months",11,58699.89,4,0.82,0.55,0.95,2,1,0,1,0,65222.1,0
24,15725737,Mosman,Java Software Engineer ,02/08/1983,06/03/2021,,White Collar,Permanent,Full Time,Flex and Fixed,Active,Medium,Male,39,"1  Years, 9 Months",1,65003.15,4,0.58,0.46,0.57,0,1,1,0,1,65003.15,0
25,15625047,Yen,Apprentice,16/01/2003,21/12/2021,,Blue Collar,Apprentice,Full Time,Fixed,Active,Low,Female,20,"0 Years, 11 Months",0,21208.4,4,0.45,0.4,0.53,0,0,1,1,1,21208.4,0
26,15738191,Maclean,Internal Trainer,19/09/1990,15/08/2016,,White Collar,Permanent,Full Time,Fixed,Active,Low,Male,32,"6 Years, 4 Months",6,30287.71,4,0.85,0.89,0.92,2,0,1,0,1,35632.6,0
27,15736816,Young,Perishable Warehouse Specialist - Air Logistics,09/02/1983,31/07/1985,,Blue Collar,Temporary,Full Time,Fixed,Active,Low,Male,40,"37 Years, 4 Months",37,31648.73,3,0.59,0.82,0.87,1,0,1,1,1,35165.25,0
28,15700772,Nebechi,Data Analyst,19/09/1982,24/02/2000,,White Collar,Fixed Term,Full Time,Flex and Fixed,Active,Low,Male,40,"22  Years, 9 Months",22,41837.26,4,0.38,0.4,0.49,5,1,0,0,0,51021.05,0
29,15728693,McWilliams,Warehouse Quality Control Specialist - Air Logistics,21/01/1983,08/05/2006,,Blue Collar,Fixed Term,Full Time,Fixed,Active,Low,Female,40,"16 Years, 7 Months",16,24439.65,2,0.7,0.41,0.46,2,0,1,1,1,28091.55,0
30,15656300,Lucciano,Road Logistics Sales Representative,11/04/2002,21/05/2018,,White Collar,Permanent,Full Time,Fixed,Active,Low,Male,20,"4 Years, 6 Months",4,33536.3,4,0.56,0.57,0.5,3,0,1,1,1,34933.65,0
31,15589475,Azikiwe,Technical Support Engineer,23/11/1962,06/09/2007,13/12/2021,White Collar,Permanent,Full Time,Flex and Fixed,Voluntarily Terminated,High,Female,60,"14 Years, 3 Months",14,47783.62,3,0.26,0.09,0.62,5,1,0,1,1,61261.05,1
32,15706552,Odinakachukwu,Software Engineer,25/02/1988,28/05/2013,,White Collar,Permanent,Full Time,Flex and Fixed,Active,Medium,Male,35,"9 Years, 6 Months",9,62407.36,4,0.56,0.45,0.57,1,1,1,0,1,71732.6,0
33,15750181,Sanderson,Recruiter Apprentice,21/04/2002,15/12/2021,,Blue Collar,Apprentice,Full Time,Fixed,Active,Low,Male,20,"1 Years, 0 Months",1,22067.35,3,0.51,0.4,0.51,0,0,0,1,0,22067.35,0
34,15659428,Maggard,National Air Logistics Pharma Compliance Specialist,28/12/1982,12/04/2021,,Blue Collar,Fixed Term,Full Time,Fixed,Active,Low,Female,40,"1  Years, 8 Months",1,32355.79,1,0.98,0.45,0.55,1,0,1,1,1,34421.05,0
35,15732963,Clements,Business Analyst,07/07/1981,01/05/2017,,White Collar,Permanent,Full Time,Flex and Fixed,Active,Low,Female,41,"5 Years, 7 Months",5,48983,3,0.72,0.84,0.87,3,1,1,1,1,51561.05,0
36,15794171,Lombardo,Aerospace International Logistics Specialist,18/02/1983,14/07/2017,03/01/2023,Blue Collar,Permanent,Full Time,Fixed,Voluntarily Terminated,High,Female,40,"5 Years, 5 Months",5,29767.81,3,0.27,0.1,0.94,5,0,0,1,1,32008.4,1
37,15788448,Watson,Internal Trainer,16/09/1982,05/11/2012,,White Collar,Permanent,Full Time,Fixed,Active,Medium,Male,40,"10  Years, 1 Months",10,26005.88,2,0.59,0.7,0.46,1,0,1,0,1,32507.35,0
38,15729599,Lorenzo,Accounts Payable,03/07/1996,20/09/2022,,White Collar,Fixed Term,Full Time,Fixed,Active,Low,Male,26,"0 Years, 2 Months",0,32111.55,1,0.67,0.45,0.5,0,1,1,0,1,32111.55,0
39,15717426,Armstrong,Analyst Programmer ,24/05/1958,18/02/2007,,White Collar,Permanent,Full Time,Flex and Fixed,Active,Medium,Male,64,"15  Years, 10 Months",15,46773.71,4,0.54,0.73,0.89,2,1,1,1,1,59966.3,0
40,15585768,Cameron,Pricing Analyst,30/11/1989,07/09/2020,,White Collar,Permanent,Full Time,Flex and Fixed,Active,Medium,Male,33,"2 Years, 3 Months",2,44160.82,3,0.82,0.41,0.54,2,1,1,0,1,49618.9,0
41,15619360,Hsiao,Warehouse Specialist - Air Logistics,09/03/1962,17/05/2009,,Blue Collar,Permanent,Full Time,Fixed,Active,Medium,Male,61,"13 Years, 7 Months",13,24867.72,3,0.7,0.87,0.88,1,0,0,1,0,26682.1,0
42,15738148,Clarke,Human Resoruces Coordinator,26/11/1995,04/10/2016,21/01/2018,White Collar,Permanent,Full Time,Fixed,Voluntarily Terminated,High,Female,27,"1 Years, 3 Months",1,34149.45,3,0.26,0.45,0.48,0,0,0,0,1,34149.45,1
43,15687946,Osborne,Business Development Executive,25/01/1992,06/11/2009,,White Collar,Permanent,Full Time,Flex and Fixed,Active,Low,Female,31,"13 Years, 1 Months",13,39406.96,4,0.92,0.4,0.46,1,0,1,1,1,42833.65,0
44,15755196,Lavine,Account Manager ,23/11/1977,20/07/2015,13/06/2017,White Collar,Permanent,Full Time,Fixed,Voluntarily Terminated,High,Female,45,"1 Years, 10 Months",1,34177.85,2,0.27,0.1,0.8,0,1,0,0,1,34177.85,1
45,15684171,Bianchi,Inside Sales Executive/ Account Manager,28/08/1983,02/10/2017,,White Collar,Permanent,Full Time,Flex and Fixed,Active,Low,Female,39,"5 Years, 2 Months",5,31698.95,1,0.7,0.72,0.89,1,1,1,1,1,35616.8,0
46,15754849,Tyler,Transport Controller,09/05/1998,02/03/2015,,Blue Collar,Permanent,Full Time,Fixed,Active,Low,Female,24,"7 Years, 9 Months",7,22676.17,4,0.91,0.84,0.74,2,0,1,1,1,26677.85,0
47,15602280,Martin,Java Software Engineer ,15/11/1984,01/05/2010,17/08/2020,White Collar,Fixed Term,Full Time,Flex and Fixed,Voluntarily Terminated,High,Female,38,"10 Years, 3 Months",10,58693.65,1,0.09,0.4,0.55,4,1,1,1,1,68693.65,1
48,15771573,Okagbue,Data Engineer,20/06/1982,01/04/2015,,White Collar,Permanent,Full Time,Flex and Fixed,Active,Medium,Female,40,"7 Years, 8 Months",7,61422.62,3,0.81,0.57,0.7,2,1,1,1,1,68247.35,0
49,15766205,Yin,Pricing Analyst,12/04/1961,29/09/1983,,White Collar,Permanent,Full Time,Flex and Fixed,Active,Low,Male,61,"39 Years, 2 Months",39,47147.56,2,0.91,0.4,0.54,1,1,1,0,1,51247.35,0
50,15771873,Buccho,Accounts Payable,12/01/1960,10/03/2007,,White Collar,Permanent,Full Time,Fixed,Active,Low,Female,63,"15 Years, 9 Months",15,34586.03,3,0.47,0.43,0.47,2,1,0,1,0,36793.65,0
51,15616550,Chidiebele,Perishable Warehouse Specialist - Air Logistics,09/11/1983,28/02/2001,,Blue Collar,Permanent,Full Time,Fixed,Active,Low,Male,39,"21 Years, 9 Months",21,30213.46,3,0.74,0.76,0.78,3,0,0,1,0,35545.25,0
52,15768193,Trevisani,Gateway & Procurement Team Leader- Air Logistics,09/09/1985,25/08/1995,,White Collar,Temporary,Full Time,Fixed,Active,Medium,Male,37,"27 Years, 3 Months",27,36111.55,1,0.81,0.44,0.55,3,0,0,0,0,38746.3,0
53,15683553,O'Brien,IT-Support,27/06/1979,13/05/2014,,White Collar,Permanent,Full Time,Fixed,Active,Low,Female,43,"8 Years, 7 Months",8,33684.04,1,0.5,0.57,0.55,1,0,0,0,0,40100.05,0
54,15702298,Parkhill,Finance Analyst,01/01/1956,14/10/2005,13/09/2021,White Collar,Permanent,Full Time,Flex and Fixed,Voluntarily Terminated,High,Male,67,"15 Years, 10 Months",15,36626.03,1,0.17,0.39,0.54,4,1,0,0,1,48834.7,1
55,15569590,Yoo,Perishable Operational Care Specialist - Air Logistics,16/02/1996,01/12/2020,12/04/2021,Blue Collar,Permanent,Full Time,Fixed,Voluntarily Terminated,High,Male,27,"0 Years, 4 Months",0,33889.45,4,0.83,0.1,0.92,0,0,0,1,1,33889.45,1
56,15760861,Phillipps,Sea Logistics Pricing Coordinator,27/01/1995,01/11/2017,,White Collar,Permanent,Full Time,Fixed,Active,Medium,Male,28,"5 Years, 1 Months",5,28027.48,2,0.49,0.55,0.46,1,0,1,1,1,31491.55,0
57,15630053,Tsao,National Air Logistics Transport Apprentice,17/09/2001,12/08/2022,,Blue Collar,Apprentice,Full Time,Fixed,Active,Low,Male,21,"0 Years, 4 Months",0,23000.5,4,0.6,0.51,0.94,0,0,0,1,0,23000.5,0
58,15647091,Endrizzi,Customer Servce Administrative Officer,21/11/1981,02/01/2018,,Blue Collar,Permanent,Full Time,Fixed,Active,Low,Male,41,"4 Years, 11 Months",4,30283.8,1,0.85,0.79,0.81,1,0,0,0,0,33278.9,0
59,15623944,T'ien,Technical Support Engineer,17/05/1984,28/06/2008,12/11/2019,White Collar,Permanent,Full Time,Flex and Fixed,Voluntarily Terminated,High,Female,38,"11 Years, 4 Months",11,57377.83,2,0.44,0.38,0.54,4,1,0,1,1,61564.2,1
60,15804771,Velazquez,National Perishable Air Logistics Development Manager Seafood,07/05/1985,01/07/2016,,White Collar,Permanent,Full Time,Flex and Fixed,Active,Medium,Male,37,"6 Years, 5 Months",6,31818.43,4,0.51,0.85,1,2,1,1,1,1,34139.95,0
61,15651280,Hunter,Operations Specialist,06/06/1995,29/08/2017,,Blue Collar,Permanent,Full Time,Fixed,Active,Medium,Male,27,"5 Years, 3 Months",5,32333.21,4,0.49,0.85,0.91,1,0,0,0,0,36329.45,0
62,15773469,Clark,Sea Logiscitcs Customer Care Specialist ,10/12/1985,08/08/2022,,Blue Collar,Permanent,Full Time,Fixed,Active,Medium,Female,37,"0 Years, 4 Months",0,36895.75,3,0.36,0.59,0.93,0,0,0,0,0,36895.75,0
63,15702014,Jeffrey,Regional Air logistics Trainer Specialist,06/12/1986,23/04/2019,,White Collar,Permanent,Full Time,Fixed,Active,Medium,Male,36,"3 Years, 7 Months",3,34770.91,4,0.82,0.75,0.95,2,0,0,0,0,35846.3,0
64,15751208,Pirozzi,Trucking Team Leader- Air Logistics,14/07/1978,08/11/2022,,White Collar,Fixed Term,Full Time,Fixed,Active,Medium,Male,44,"0 Years, 1 Months",0,43367.35,3,0.9,0.67,0.56,0,0,1,1,1,43367.35,0
65,15592461,Jackson,Warehouse Shift Manager - Air Logistics,21/01/1986,26/07/2017,,White Collar,Permanent,Full Time,Fixed,Active,Low,Male,37,"5 Years, 4 Months",5,57119.24,1,0.46,0.62,0.94,1,1,1,1,1,62768.4,0
66,15789484,Hammond,National Service Excellence Specialist- Air Logistics,24/07/1979,02/01/2018,,White Collar,Permanent,Full Time,Flex and Fixed,Active,Low,Female,43,"4 Years, 11 Months",4,33005.75,2,0.54,0.81,0.7,1,0,1,1,1,34380.99,0
67,15696061,Brownless,Technical Support Engineer,01/08/1984,15/09/2007,,White Collar,Permanent,Full Time,Flex and Fixed,Active,Low,Female,38,"15 Years, 3 Months",15,46821.21,2,0.51,0.43,0.54,3,1,0,1,0,59267.35,0
68,15641582,Chibugo,Project Coordinator,08/08/1986,03/07/2004,,White Collar,Permanent,Full Time,Fixed,Active,Low,Male,36,"18 Years, 5 Months",18,26228.66,4,0.59,0.9,0.98,2,0,1,1,1,34971.55,0
69,15638424,Glauert,Branch Air Logistics QSHE Specialist,29/03/1987,17/09/2012,,White Collar,Fixed Term,Full Time,Fixed,Active,Low,Female,35,"10  Years, 3 Months",10,27621.85,3,0.77,0.76,0.86,3,0,1,0,1,32883.15,0
70,15755648,Pisano,Operations Specialist,06/06/1995,01/10/2021,,Blue Collar,Permanent,Full Time,Fixed,Active,Low,Female,27,"1  Years, 2 Months",1,33123.98,3,0.88,0.43,0.5,1,0,0,1,0,34867.35,0
71,15703793,Konovalova,Software Engineer,20/12/1981,01/10/2018,25/01/2021,White Collar,Permanent,Full Time,Flex and Fixed,Terminated for Cause,High,Male,41,"2 Years, 3 Months",2,62480.55,1,0.38,0.74,0.99,4,1,0,1,1,68659.95,1
72,15620344,McKee,National Air Logistics Transport Apprentice,17/12/2000,13/05/2022,,Blue Collar,Apprentice,Full Time,Fixed,Active,Medium,Male,22,"0 Years, 7 Months",0,22915.75,4,1,0.68,0.77,0,0,0,1,0,22915.75,0
73,15812518,Palermo,Perishable Operational Care Specialist - Air Logistics,05/01/1994,07/05/2019,,Blue Collar,Permanent,Full Time,Fixed,Active,Medium,Female,29,"3 Years, 7 Months",3,32505.12,4,0.78,0.45,0.49,1,0,1,0,1,36116.8,0
74,15779052,Ballard,Customer Servce Administrative Officer,03/01/1970,02/02/2020,,Blue Collar,Permanent,Full Time,Fixed,Active,Low,Female,53,"2 Years, 10 Months",2,27851.35,4,0.76,0.51,0.87,2,0,1,1,1,31293.65,0
75,15770811,Wallace,Inventory Clerk,23/01/2003,31/05/2021,,Blue Collar,Permanent,Full Time,Fixed,Active,Medium,Male,20,"1  Years, 6 Months",1,24805.1,4,0.51,0.62,0.97,1,0,1,0,1,26388.4,0
76,15780961,Cavenagh,Accountant,16/07/1990,25/01/2016,,White Collar,Permanent,Full Time,Fixed,Active,Medium,Female,32,"6 Years, 10 Months",6,28193.31,1,0.98,0.58,0.79,1,1,0,1,0,32037.85,0
77,15614049,Hu,Business Development Manager,12/10/1984,29/07/2019,,White Collar,Permanent,Full Time,Flex and Fixed,Active,Low,Male,38,"3 Years, 4 Months",3,51093.44,1,0.65,0.73,0.83,3,1,1,1,1,52673.65,0
78,15662085,Read,Stock Investigator & Analyst,14/02/1968,27/12/2001,,White Collar,Permanent,Full Time,Flex and Fixed,Active,Medium,Female,55,"20 Years, 11 Months",20,47679.23,3,0.48,0.4,0.54,1,1,1,1,1,51825.25,0
79,15575185,Bushell,National Air Logistics Transport Apprentice,27/12/2001,15/08/2022,,Blue Collar,Apprentice,Full Time,Fixed,Active,Medium,Male,21,"0 Years, 4 Months",0,22631.55,3,0.88,0.43,0.56,0,0,1,1,1,22631.55,0
80,15803136,Postle,Warehouse Specialist - Air Logistics,16/06/1991,23/03/2015,,Blue Collar,Permanent,Full Time,Fixed,Active,Low,Female,31,"7 Years, 8 Months",7,25089.16,4,0.98,0.7,0.56,3,0,0,1,0,27570.5,0
81,15706021,Buley,Apprentice,11/03/2003,07/11/2022,,Blue Collar,Apprentice,Full Time,Fixed,Active,Medium,Female,19,"0 Years, 1 Months",0,23067.35,3,1,0.45,0.54,0,0,0,1,0,23067.35,0
82,15663706,Leonard,National Air Logistics Transport Apprentice,08/08/1998,17/07/2014,19/08/2015,Blue Collar,Apprentice,Full Time,Fixed,Voluntarily Terminated,High,Female,24,"1 Years, 1 Months",1,23117.85,2,0.29,0.38,0.49,0,0,0,1,1,23117.85,1
83,15641732,Mills,National Air Logistics Gateway Trade Lane Specialist,20/01/1983,26/04/2016,,White Collar,Permanent,Full Time,Fixed,Active,Low,Female,40,"6  Years, 7 Months",6,32340.99,1,0.48,0.79,0.59,1,0,0,0,0,34043.15,0
84,15701164,Onyeorulu,IT-Support,21/03/1969,20/11/1985,,White Collar,Permanent,Full Time,Fixed,Active,Medium,Female,53,"37  Years, 0 Months",37,29661.61,1,0.85,0.84,0.85,3,0,1,1,1,43620.01,0
85,15738751,Beit,Sea Logiscitcs Customer Care Specialist ,26/02/1958,06/11/2021,,Blue Collar,Permanent,Part Time,Fixed,Active,Medium,Female,65,"1 Years, 1 Months",1,32164.2,4,0.75,0.57,0.77,0,0,0,1,0,32164.2,0
86,15805254,Ndukaku,Perishable Operational Care Specialist - Air Logistics,30/10/1956,27/06/2006,,Blue Collar,Permanent,Full Time,Fixed,Active,Low,Female,66,"16 Years, 5 Months",16,33458.42,3,0.74,0.65,0.87,3,0,1,1,1,35976.8,0
87,15762418,Gant,Inventory Clerk,04/01/2004,28/02/2021,,Blue Collar,Permanent,Full Time,Fixed,Active,Low,Male,19,"1  Years, 9 Months",1,27082.08,2,0.77,0.76,0.84,1,0,0,1,0,28210.5,0
88,15625759,Rowley,IT-Support,03/07/1968,21/11/2000,,White Collar,Permanent,Full Time,Fixed,Active,Medium,Male,54,"22  Years, 0 Months",22,31926.33,3,0.93,0.44,0.45,4,0,0,1,0,43734.7,0
89,15622897,Sharpe,National Air Logistics Transport Apprentice,28/07/1998,01/04/2013,08/08/2017,Blue Collar,Apprentice,Full Time,Fixed,Voluntarily Terminated,Low,Female,24,"4 Years, 4 Months",4,22887.35,2,0.92,0.37,0.57,0,0,0,1,1,22887.35,1
90,15767954,Osborne,Inventory Clerk,10/06/2002,13/07/2005,,Blue Collar,Permanent,Full Time,Fixed,Active,Medium,Female,20,"17  Years, 5 Months",17,19439.12,3,0.79,0.74,0.79,1,0,1,1,1,24298.9,0
91,15757535,Heap,National Service Excellence Specialist- Air Logistics,30/04/1984,13/06/1986,20/05/2014,White Collar,Permanent,Full Time,Flex and Fixed,Voluntarily Terminated,High,Female,38,"27 Years, 11 Months",27,28810.23,2,0.22,0.4,0.5,4,0,1,1,1,32738.9,1
92,15731511,Ritchie,Sea Logistics Pricing Coordinator,16/10/1977,12/11/2012,,White Collar,Permanent,Full Time,Fixed,Active,High,Male,45,"10  Years, 1 Months",10,29117.93,2,0.36,0.89,1,5,0,0,1,0,34664.2,0
93,15809248,Cole,IT System Engineer,23/11/1986,28/06/2003,,White Collar,Permanent,Full Time,Flex and Fixed,Active,Low,Female,36,"19 Years, 5 Months",19,39497.08,1,0.75,0.42,0.48,2,1,0,1,0,66944.2,0
94,15640635,Capon,Sea Logistics Pricing Coordinator,23/10/1968,05/01/2015,,White Collar,Permanent,Full Time,Fixed,Active,Medium,Male,54,"7 Years, 11 Months",7,29224.32,3,0.41,0.46,0.55,2,0,1,1,1,33209.45,0
95,15676966,Capon,Finance Analyst,03/06/1986,22/04/2020,,White Collar,Fixed Term,Full Time,Flex and Fixed,Active,Medium,Male,36,"2 Years, 7 Months",2,48508.27,3,1,0.66,0.83,1,1,1,0,1,50529.45,0
96,15699461,Fiorentini,Finance Analyst,13/07/1983,24/09/2021,,White Collar,Permanent,Full Time,Flex and Fixed,Active,Low,Male,39,"1  Years, 2 Months",1,48021.22,2,0.5,0.51,0.51,1,1,1,0,1,50022.1,0
97,15738721,Graham,Warehouse Manager - Air Logistics,14/11/1982,30/10/2006,,White Collar,Permanent,Full Time,Fixed,Active,Medium,Male,40,"16  Years, 1 Months",16,55061.88,4,0.35,0.56,0.77,1,1,1,0,1,68827.35,0
98,15693683,Yuille,Network Engineer,05/01/1983,01/11/1998,,White Collar,Permanent,Full Time,Flex and Fixed,Active,Low,Male,40,"24  Years, 1 Months",24,50943.23,2,0.57,0.74,0.84,3,1,1,1,1,69785.25,0
99,15604348,Allard,Perishable Operational Care Specialist - Air Logistics,17/07/1994,01/10/2021,,Blue Collar,Permanent,Full Time,Fixed,Active,Medium,Male,28,"1  Years, 2 Months",1,35435.75,1,0.88,0.53,0.97,0,0,0,0,0,35435.75,0
100,15633059,Fanucci,BI Developer,29/07/1984,16/04/1999,,White Collar,Permanent,Full Time,Flex and Fixed,Active,High,Male,38,"23  Years, 8 Months",23,59908.03,2,0.39,0.9,1,1,1,0,0,0,62404.2,0
101,15808582,Fu,Account Manager ,28/11/1979,08/11/2020,,White Collar,Permanent,Full Time,Fixed,Active,Medium,Female,43,"2 Years, 1 Months",2,31859.7,1,0.69,0.63,0.52,1,1,1,1,1,36204.2,0
102,15743192,Hung,Road Logistics Sales Representative,18/04/2002,24/04/2018,,White Collar,Permanent,Full Time,Fixed,Active,Medium,Female,20,"4 Years, 7 Months",4,30177.01,2,0.46,0.76,0.52,2,0,0,0,0,32448.4,0
103,15580146,Hung,Warehouse Shift Team Leader- Air Logistics,11/07/1987,01/02/2014,,White Collar,Permanent,Full Time,Fixed,Active,Low,Male,35,"8 Years, 10 Months",8,38415.21,3,0.54,0.42,0.46,3,0,0,1,0,43653.65,0
104,15776605,Bradley,Business Development Executive,04/11/1985,25/09/2006,,White Collar,Permanent,Full Time,Flex and Fixed,Active,Medium,Male,37,"16  Years, 2 Months",16,34573.72,3,0.83,0.72,0.94,2,0,0,1,0,43764.2,0
105,15804919,Dunbabin,Warehouse Specialist - Air Logistics,01/07/1981,26/04/2014,25/09/2016,Blue Collar,Permanent,Full Time,Fixed,Voluntarily Terminated,High,Female,41,"8  Years, 7 Months",8,25325.96,1,0.3,0.43,0.52,4,0,1,1,1,26658.9,1
106,15613854,Mauldon,Technical Support Engineer,15/08/1989,05/11/2013,02/09/2014,White Collar,Permanent,Full Time,Flex and Fixed,Terminated for Cause,High,Female,33,"0 Years, 9 Months",0,52636.94,1,0.29,0.24,0.46,3,1,1,1,1,59814.7,1
107,15599195,Stiger,Gateway & Procurement Specialist - Air Logistics,22/04/1957,08/04/1983,,Blue Collar,Permanent,Full Time,Fixed,Active,Medium,Male,65,"39 Years, 8 Months",39,31491.77,1,0.53,0.91,1,2,0,1,1,1,33789.45,0
108,15812878,Parsons,Trucking Specialist - Air Logistics,15/01/1998,04/07/2005,,Blue Collar,Permanent,Full Time,Fixed,Active,High,Female,25,"17  Years, 5 Months",17,26192.36,2,0.65,0.44,0.5,2,0,1,0,1,33579.95,0
109,15602312,Walkom,Cloud Service Analyst,13/08/1970,16/05/2022,,White Collar,Permanent,Full Time,Flex and Fixed,Active,Low,Male,52,"0 Years, 7 Months",0,65125.25,4,0.73,0.71,0.87,0,1,0,0,0,65125.25,0
110,15744689,T'ang,National Air Logistics Pharma Compliance Specialist,26/03/1958,31/07/1988,29/01/2021,Blue Collar,Permanent,Full Time,Fixed,Voluntarily Terminated,High,Male,64,"32 Years, 5 Months",32,33081.06,1,0.84,0.4,0.49,5,0,0,1,0,35494.7,1
111,15803526,Eremenko,Customer Brokerage Specialist,31/08/1957,26/01/1987,,Blue Collar,Permanent,Full Time,Fixed,Active,Medium,Male,65,"35 Years, 10 Months",35,30689.46,2,0.71,0.43,0.47,3,1,1,0,1,36105.25,0
112,15665790,Rowntree,National Air Logistics Perishable Manager,14/05/1988,17/06/2022,,White Collar,Permanent,Full Time,Flex and Fixed,Active,High,Male,34,"0 Years, 6 Months",0,69245.25,4,0.8,0.56,0.85,0,1,0,1,0,69245.25,0
113,15715951,Thorpe,Perishable Customer Care Team Leader - Air Logistics,24/10/1991,01/05/2022,,White Collar,Permanent,Full Time,Fixed,Active,Low,Male,31,"0 Years, 7 Months",0,41977.85,2,0.99,0.43,0.52,0,0,0,0,0,41977.85,0
114,15591100,Chiemela,Senior DevOps Engineer,21/10/1958,15/03/1991,,White Collar,Permanent,Full Time,Flex and Fixed,Active,High,Male,64,"31 Years, 9 Months",31,66427.64,2,0.71,0.9,0.96,1,1,1,0,1,68482.1,0
115,15609618,Fanucci,Recruiter Apprentice,22/11/2004,06/07/2022,,Blue Collar,Apprentice,Full Time,Fixed,Active,High,Male,18,"0 Years, 5 Months",0,21772.6,1,0.46,0.84,1,0,0,1,1,1,21772.6,0
116,15675522,Ko,Air Imports Operations Manager,28/01/1983,10/03/2001,,White Collar,Permanent,Full Time,Fixed,Active,High,Female,40,"21  Years, 9 Months",21,65604.92,2,0.48,0.55,0.48,3,1,1,1,1,70391.55,0
117,15705512,Welch,Human Resoruces Coordinator,25/12/1982,06/06/2022,,White Collar,Permanent,Full Time,Fixed,Active,Medium,Female,40,"0 Years, 6 Months",0,36084.2,3,0.51,0.86,0.68,0,0,0,1,0,36084.2,0
118,15698028,Duncan,Air Export Operations Manager,11/05/1986,24/11/2020,,White Collar,Permanent,Full Time,Fixed,Active,Low,Female,36,"2 Years, 0 Months",2,63644.18,3,0.68,0.8,0.84,2,1,0,1,0,70715.75,0
119,15661670,Chidozie,Operations Specialist,15/11/1982,27/07/1987,,Blue Collar,Permanent,Full Time,Fixed,Active,High,Female,40,"35 Years, 4 Months",35,32139.27,4,0.88,0.58,0.57,1,0,0,1,0,34484.2,0
120,15600781,Wu,Accounting Coordinator,08/08/1986,21/04/2015,,White Collar,Permanent,Full Time,Fixed,Active,High,Male,36,"7 Years, 7 Months",7,29674.6,4,0.55,0.4,0.46,2,1,0,1,0,32609.45,0
121,15682472,Culbreth,National Air Logistics Transport Apprentice,14/06/2001,25/05/2022,,Blue Collar,Apprentice,Full Time,Fixed,Active,Low,Male,21,"0 Years, 6 Months",0,23639.95,3,0.85,0.52,0.62,0,0,0,1,0,23639.95,0
122,15580203,Kennedy,Revenue Care Specialist- Air Logistics,10/10/1971,06/06/2022,,White Collar,Permanent,Full Time,Fixed,Active,High,Male,51,"0 Years, 6 Months",0,40045.25,3,0.59,0.4,0.46,0,1,0,0,0,40045.25,0
123,15690673,Cameron,Warehouse Specialist - Air Logistics,27/02/1989,12/09/2016,,Blue Collar,Permanent,Full Time,Fixed,Active,High,Female,34,"6 Years, 3 Months",6,25202.86,3,0.84,0.75,1,2,0,0,1,0,26811.55,0
124,15760085,Calabresi,Apprentice,28/10/2001,28/11/2022,,Blue Collar,Apprentice,Full Time,Fixed,Active,High,Female,21,"0 Years, 0 Months",0,23628.4,3,0.47,0.59,0.84,0,0,1,1,0,23628.4,0
125,15779659,Zetticci,Finance Analyst,11/05/1959,20/04/2000,,White Collar,Permanent,Full Time,Flex and Fixed,Active,Low,Female,63,"22 Years, 7 Months",22,45228.26,4,0.82,0.46,0.49,2,1,0,0,0,51395.75,0
126,15627360,Fuller,Inside Sales Executive/ Account Manager,15/05/1990,14/05/1993,02/02/2020,White Collar,Permanent,Full Time,Flex and Fixed,Voluntarily Terminated,High,Male,32,"29  Years, 7 Months",29,26696.06,1,0.96,0.11,0.92,5,1,0,1,1,36075.75,1
127,15671137,MacDonald,Aerospace International Logistics Specialist,06/12/1971,29/01/2018,08/01/2020,Blue Collar,Permanent,Full Time,Fixed,Voluntarily Terminated,High,Female,51,"1 Years, 11 Months",1,32333.05,2,0.92,0.38,0.49,3,0,1,0,1,36742.1,1
128,15782688,Piccio,National Service Excellence Specialist- Air Logistics,21/04/1995,03/10/2016,04/11/2022,White Collar,Permanent,Full Time,Flex and Fixed,Voluntarily Terminated,High,Male,27,"6 Years, 1 Months",6,28088.5,2,0.71,0.7,0.89,5,0,0,1,1,32661.05,1
129,15575492,Kennedy,Project Manager,02/01/1981,20/06/2021,,White Collar,Permanent,Full Time,Flex and Fixed,Active,Low,Female,42,"1  Years, 5 Months",1,41445.07,4,0.91,0.6,0.82,1,1,0,1,0,44090.5,0
130,15591607,Fernie,Perishable Customer Care Team Leader - Air Logistics,12/01/1961,28/06/1988,,White Collar,Permanent,Full Time,Fixed,Active,Medium,Male,62,"34 Years, 5 Months",34,29060.35,4,0.96,0.62,0.45,2,0,0,1,0,43373.65,0
131,15740404,He,Perishable Customer Care Team Leader - Air Logistics,02/03/1981,05/09/2022,,White Collar,Permanent,Full Time,Fixed,Active,High,Female,42,"0 Years, 3 Months",0,39666.3,4,0.52,0.76,0.83,0,0,1,1,0,39666.3,0
132,15718369,Kaodilinakachukwu,Branch Air Logistics QSHE Specialist,24/11/1983,12/10/2012,,White Collar,Permanent,Full Time,Fixed,Active,High,Female,39,"10 Years, 2 Months",10,30893.34,2,0.39,0.53,0.57,2,0,1,1,1,32865.25,0
133,15677871,Cocci,Internal Trainer,05/07/1981,10/11/2021,,White Collar,Permanent,Full Time,Fixed,Active,High,Male,41,"1  Years, 1 Months",1,33114.96,3,0.93,0.9,1,1,0,1,1,1,34857.85,0
134,15642004,Alekseeva,National Perishable Air Logistics Development Manager Retail,23/01/1983,01/03/2013,,White Collar,Permanent,Full Time,Flex and Fixed,Active,High,Male,40,"9 Years, 9 Months",9,28609.35,2,0.51,0.44,0.51,2,1,1,0,1,34889.45,0
135,15712543,Chinweike,BI Developer,29/04/1982,05/03/2018,,White Collar,Permanent,Full Time,Flex and Fixed,Active,Low,Male,40,"4 Years, 9 Months",4,56434.85,4,0.67,0.61,0.5,2,1,1,1,0,58786.3,0
136,15584518,Arthur,Project Manager,15/01/1992,01/08/2017,,White Collar,Permanent,Full Time,Flex and Fixed,Active,Medium,Female,31,"5 Years, 4 Months",5,39870.98,2,0.91,0.7,0.84,1,1,1,1,1,41969.45,0
137,15802381,Li,Data Engineer,13/11/1959,24/10/2006,,White Collar,Permanent,Full Time,Flex and Fixed,Active,High,Female,63,"16  Years, 1 Months",16,58721.47,2,0.67,0.6,0.84,8,1,1,0,1,71611.55,0
138,15610156,Ma,Data Engineer,04/03/1959,28/03/2016,,White Collar,Permanent,Full Time,Flex and Fixed,Active,Medium,Male,64,"6 Years, 8 Months",6,60608.96,2,0.7,0.42,0.48,1,1,1,0,1,68099.95,0
139,15594408,Chia,Pricing Analyst,24/10/1956,11/11/1997,01/02/2019,White Collar,Permanent,Full Time,Flex and Fixed,Voluntarily Terminated,High,Female,66,"21 Years, 2 Months",21,46369.75,2,0.86,0.34,1,4,1,0,1,1,49859.95,1
140,15640905,Vasin,Sea Logistics Pricing Coordinator,07/04/1991,20/06/2021,,White Collar,Permanent,Full Time,Fixed,Active,High,Female,31,"1  Years, 5 Months",1,33322.96,1,0.82,0.73,0.87,1,0,1,0,1,35076.8,0
141,15698932,Groves,Java Software Engineer ,16/04/1958,07/03/2003,,White Collar,Permanent,Full Time,Flex and Fixed,Active,Medium,Male,64,"19 Years, 9 Months",19,58928.64,4,0.65,0.59,0.96,2,1,0,1,0,71864.2,0
142,15724944,Tien,Perishable Warehouse Specialist - Air Logistics,26/01/1984,25/06/1990,,Blue Collar,Permanent,Full Time,Fixed,Active,Medium,Male,39,"32 Years, 5 Months",32,18307.17,3,1,0.45,0.53,10,0,1,1,1,32117.85,0
143,15628145,Forwood,Customer Servce Administrative Officer,21/09/1958,08/04/1987,,Blue Collar,Permanent,Full Time,Fixed,Active,Medium,Female,64,"35 Years, 8 Months",35,34369.62,3,0.76,0.78,0.8,3,0,1,1,0,35432.6,0
144,15713483,Greeves,Human Resoruces Coordinator,07/11/1981,01/11/2009,17/03/2013,White Collar,Permanent,Full Time,Fixed,Voluntarily Terminated,High,Male,41,"3 Years, 4 Months",3,27262.73,2,0.95,0.37,0.47,5,0,0,1,1,31700.85,1
145,15612350,Taylor,Gateway & Procurement Specialist - Air Logistics,28/03/1979,01/05/2022,11/08/2022,Blue Collar,Permanent,Full Time,Fixed,Voluntarily Terminated,High,Female,43,"0 Years, 3 Months",0,30505.42,1,0.66,0.54,0.99,3,0,0,1,1,34665.25,1
146,15800703,Madukwe,National Service Excellence Specialist- Air Logistics,15/04/1979,01/02/2008,,White Collar,Permanent,Full Time,Flex and Fixed,Active,High,Female,43,"14  Years, 10 Months",14,27486.36,4,0.76,0.41,0.46,2,0,1,1,1,33519.95,0
147,15705707,Bennelong,IT System Engineer,19/07/1985,01/09/2014,,White Collar,Permanent,Full Time,Flex and Fixed,Active,Low,Female,37,"8 Years, 3 Months",8,57614.54,4,0.84,0.76,0.92,2,1,0,1,0,66993.65,0
148,15754105,Olisanugo,Accounts Payable,21/10/1955,21/10/2006,,White Collar,Permanent,Full Time,Fixed,Active,High,Male,67,"16 Years, 1 Months",16,29297.35,3,0.95,0.6,0.87,1,1,0,0,0,37085.25,0
149,15703264,Chukwufumnanya,Customer Servce Administrative Officer,08/12/1981,16/07/2012,,Blue Collar,Fixed Term,Full Time,Fixed,Active,Low,Male,41,"10  Years, 5 Months",10,27142.74,2,0.99,0.84,0.88,4,0,0,1,0,32702.1,0
150,15794413,Harris,National Perishable Air Logistics Development Manager Retail,31/05/1982,04/12/2002,,White Collar,Permanent,Full Time,Flex and Fixed,Active,High,Male,40,"20 Years, 0 Months",20,31371.12,1,0.58,0.39,0.5,1,1,1,0,1,34856.8,0
151,15650237,Morgan,Warehouse Quality Control Specialist - Air Logistics,15/10/1986,08/04/2019,,Blue Collar,Permanent,Full Time,Fixed,Active,High,Female,36,"3 Years, 8 Months",3,26388.47,3,0.9,0.11,0.91,1,0,0,1,0,28374.7,0
152,15759618,Alexeeva,Software Engineer,24/07/1981,10/10/2017,02/07/2020,White Collar,Fixed Term,Full Time,Flex and Fixed,Voluntarily Terminated,High,Female,41,"2 Years, 8 Months",2,58398.648,2,0.3,0.45,0.56,3,1,0,1,0,66362.1,1
153,15811589,Metcalfe,Sea Logiscitcs Customer Care Specialist ,02/01/1986,01/04/2015,,Blue Collar,Permanent,Full Time,Fixed,Active,Low,Male,37,"7 Years, 8 Months",7,31499.34,2,0.4,0.37,0.52,3,0,0,1,0,35794.7,0
154,15689044,Humphries,Regional Air logistics Trainer Specialist,26/04/1979,01/08/2016,,White Collar,Permanent,Full Time,Fixed,Active,High,Male,43,"6 Years, 4 Months",6,29227.39,1,0.55,0.4,0.52,1,0,0,1,0,33594.7,0
155,15709368,Milne,National Service Excellence Specialist- Air Logistics,08/06/1979,14/12/2020,,White Collar,Permanent,Full Time,Flex and Fixed,Active,Low,Female,43,"2  Years, 0 Months",2,32075.75,1,0.55,0.39,0.48,0,0,1,1,0,32075.75,0
156,15679145,Chou,"Branch Air Logistics QSHE, Facilities and Security Specialist",06/01/1968,12/01/1984,16/02/2014,White Collar,Permanent,Full Time,Fixed,Voluntarily Terminated,High,Male,55,"38  Years, 11 Months",38,29221.04,2,0.95,0.11,0.8,5,0,0,1,0,36526.3,1
157,15655007,Li,National Perishable Air Logistics Development Manager Retail,28/03/1959,23/08/1999,,White Collar,Permanent,Full Time,Flex and Fixed,Active,High,Female,63,"23 Years, 3 Months",23,35400.99,4,0.5,0.83,1,3,1,0,0,0,37264.2,0
158,15623595,Clayton,Technical Support Engineer,10/04/1977,10/04/2017,,White Collar,Permanent,Full Time,Flex and Fixed,Active,Medium,Female,45,"5 Years, 8 Months",5,53898.43,1,0.38,0.11,0.92,2,1,1,1,1,58585.25,0
159,15589975,Maclean,Gateway & Procurement Team Leader- Air Logistics,21/10/1977,01/06/2017,,White Collar,Permanent,Full Time,Fixed,Active,High,Female,45,"5 Years, 6 Months",5,37583,3,0.49,0.39,0.5,3,0,1,0,1,39561.05,0
160,15804017,Chigolum,Regional Air logistics Trainer Specialist,05/05/1981,30/06/2020,,White Collar,Permanent,Full Time,Fixed,Active,Low,Female,41,"2 Years, 5 Months",2,33650.97,1,0.52,0.45,0.45,1,0,0,0,0,35798.9,0
161,15692132,Wilkinson,Apprentice,31/08/2003,07/07/2022,,Blue Collar,Apprentice,Full Time,Fixed,Active,High,Female,19,"0 Years, 5 Months",0,21805.25,3,0.92,0.1,0.95,0,0,1,1,1,21805.25,0
162,15641122,Wei,Sea Logiscitcs Customer Care Specialist ,05/11/1984,01/10/2021,,Blue Collar,Permanent,Full Time,Fixed,Active,Low,Male,38,"1  Years, 2 Months",1,36633.65,1,0.51,0.9,0.98,0,0,0,1,0,36633.65,0
163,15630910,Treacy,Trucking Specialist - Air Logistics,12/10/1977,30/10/2006,,Blue Collar,Permanent,Full Time,Fixed,Active,Low,Female,45,"16  Years, 1 Months",16,26528.19,4,0.87,0.45,0.51,4,0,0,0,0,34010.5,0
164,15680772,Hu,Stock Investigator & Analyst,21/12/1989,12/12/2016,,White Collar,Permanent,Full Time,Flex and Fixed,Active,Low,Female,33,"6 Years, 0 Months",6,46127.28,4,0.72,0.79,0.89,1,1,1,1,1,51828.4,0
165,15658929,Taverner,Perishable Customer Care Team Leader - Air Logistics,16/08/1984,09/01/2012,12/08/2015,White Collar,Permanent,Full Time,Fixed,Voluntarily Terminated,High,Male,38,"10  Years, 11 Months",10,37137.71,2,0.66,0.9,0.99,4,0,0,1,1,38286.3,1
166,15585388,Sherman,Customer Care Specialist-Key Accounts,27/02/1981,01/01/2019,,White Collar,Permanent,Full Time,Fixed,Active,High,Male,42,"3 Years, 11 Months",3,33020.84,2,0.48,0.11,0.84,3,0,1,1,1,34042.1,0
167,15724623,Taubman,National Air Logistics Transport Apprentice,23/07/1998,03/08/2022,,Blue Collar,Apprentice,Full Time,Fixed,Active,High,Female,24,"0 Years, 4 Months",0,22412.6,2,0.76,0.43,0.55,0,0,0,1,0,22412.6,0
168,15588537,Robinson,Cloud Service Analyst,06/09/1970,01/10/2021,,White Collar,Permanent,Full Time,Flex and Fixed,Active,High,Female,52,"1  Years, 2 Months",1,63816.8,3,0.66,0.31,0.54,0,1,0,1,0,63816.8,0
169,15574692,Pinto,Warehouse Specialist - Air Logistics,23/02/1980,03/09/2007,09/04/2022,Blue Collar,Permanent,Full Time,Fixed,Voluntarily Terminated,High,Female,43,"15  Years, 3 Months",15,21191.21,2,0.27,0.32,0.5,5,0,0,1,1,27521.05,1
170,15611325,Wood,Branch Air Logistics QSHE Specialist,13/07/1971,01/04/2019,,White Collar,Permanent,Full Time,Fixed,Active,Low,Male,51,"3 Years, 8 Months",3,35474.4,3,0.67,0.45,0.57,2,0,0,0,0,36571.55,0
171,15587562,Hawkins,Inside Sales Executive/ Account Manager,03/09/1979,04/10/2021,,White Collar,Fixed Term,Full Time,Flex and Fixed,Active,High,Female,43,"1  Years, 2 Months",1,36173.65,4,0.56,0.81,0.99,0,1,0,1,0,36173.65,0
172,15613172,Sun,Perishable Operational Care Specialist - Air Logistics,05/01/1971,13/05/2019,,Blue Collar,Permanent,Full Time,Fixed,Active,Low,Male,52,"3 Years, 7 Months",3,30478.27,2,0.9,0.41,0.46,1,0,0,1,0,34245.25,0
173,15651022,Yost,Aerospace International Logistics Specialist,28/07/1979,21/05/2001,27/09/2022,Blue Collar,Permanent,Full Time,Fixed,Voluntarily Terminated,High,Male,43,"21 Years, 4 Months",21,24717.63,2,0.93,0.11,0.78,4,0,0,1,1,36349.45,1
174,15586310,Ting,National Air Logistics Gateway Trade Lane Specialist,24/05/1970,24/01/2017,,White Collar,Permanent,Full Time,Fixed,Active,High,Male,52,"5 Years, 10 Months",5,33480,2,0.75,0.1,0.88,3,0,0,1,0,36000,0
175,15625524,Rowe,Warehouse Quality Control Specialist - Air Logistics,19/02/1967,12/05/2018,,Blue Collar,Permanent,Full Time,Fixed,Active,Medium,Male,56,"4 Years, 7 Months",4,24615.75,3,0.58,0.7,0.53,0,0,1,1,0,24615.75,0
176,15755209,Fu,National Air Logistics Transport Apprentice,18/08/1998,16/02/2022,,Blue Collar,Apprentice,Full Time,Fixed,Active,Low,Female,24,"0 Years, 10 Months",0,21819.95,3,0.89,0.54,0.74,0,0,1,1,1,21819.95,0
177,15645248,Ho,National Service Excellence Specialist- Air Logistics,10/12/1984,08/02/2003,,White Collar,Permanent,Full Time,Flex and Fixed,Active,High,Female,38,"19 Years, 10 Months",19,31220.97,3,0.6,0.41,0.48,1,0,1,1,1,33498.9,0
178,15790355,Okechukwu,National Perishable Air Logistics Development Manager Seafood,10/10/1986,01/04/2015,,White Collar,Permanent,Full Time,Flex and Fixed,Active,Low,Male,36,"7 Years, 8 Months",7,33013,3,0.92,0.38,0.5,3,1,0,0,0,35497.85,0
179,15762615,Campbell,Sea Logiscitcs Customer Care Specialist ,27/11/1955,16/06/2017,,Blue Collar,Permanent,Full Time,Fixed,Active,Low,Female,67,"5 Years, 6 Months",5,31763.91,4,0.77,0.37,0.51,3,0,1,0,1,32746.3,0
180,15625426,Ashbolt,Cloud Service Analyst,18/09/1991,01/04/2015,10/07/2022,White Collar,Permanent,Full Time,Flex and Fixed,Voluntarily Terminated,High,Female,31,"7 Years, 3 Months",7,54706.66,2,0.78,0.11,0.85,5,1,0,1,1,64360.78,1
181,15716334,Rozier,Material Handler ,26/01/2002,28/12/2004,,Blue Collar,Permanent,Full Time,Fixed,Active,Medium,Female,21,"17 Years, 11 Months",17,21150.14,1,0.66,0.4,0.47,4,0,1,1,1,24310.5,0
182,15789669,Hsia,IT System Engineer,03/06/1989,01/04/2015,,White Collar,Permanent,Full Time,Flex and Fixed,Active,Low,Male,33,"7 Years, 8 Months",7,60821.22,4,0.4,0.1,0.84,3,1,1,1,1,69909.45,0
183,15621075,Ogbonnaya,Aerospace International Logistics Specialist,01/05/1994,30/07/2021,,Blue Collar,Permanent,Full Time,Fixed,Active,High,Female,28,"1  Years, 4 Months",1,30778.61,4,0.98,0.89,0.99,1,0,0,1,0,32061.05,0
184,15810845,T'ang,Warehouse Quality Control Specialist - Air Logistics,20/10/1984,22/03/1986,,Blue Collar,Permanent,Full Time,Fixed,Active,Low,Male,38,"36 Years, 8 Months",36,26269.29,3,0.54,0.11,0.8,1,0,1,1,1,28867.35,0
185,15719377,Cocci,Software Engineer,12/11/1968,26/01/1993,06/05/2018,White Collar,Permanent,Full Time,Flex and Fixed,Voluntarily Terminated,High,Female,54,"29  Years, 10 Months",29,62519.87,2,0.18,0.36,0.55,4,1,1,1,1,66510.5,1
186,15654506,Chang,Sea Logistics Pricing Coordinator,03/10/1955,11/01/2013,,White Collar,Permanent,Full Time,Fixed,Active,Medium,Male,67,"9 Years, 11 Months",9,30709.14,4,0.81,0.4,0.46,1,0,0,1,0,36128.4,0
187,15771977,T'ao,IT-Support,04/03/1981,20/06/2022,,White Collar,Permanent,Full Time,Fixed,Active,High,Female,42,"0 Years, 5 Months",0,43564.2,1,0.71,0.09,0.85,0,0,0,1,0,43564.2,0
188,15708710,Ford,Inside Sales Executive/ Account Manager,18/07/1986,23/11/2016,,White Collar,Permanent,Full Time,Flex and Fixed,Active,Low,Female,36,"6 Years, 0 Months",6,27801.31,3,0.7,0.4,0.46,2,1,1,0,1,33096.8,0
189,15726676,Marshall,Data Analyst,25/01/1976,01/09/2014,,White Collar,Permanent,Full Time,Flex and Fixed,Active,Medium,Male,47,"8 Years, 3 Months",8,38450.39,3,0.45,0.37,0.55,1,1,1,0,1,45235.75,0
190,15587421,Tsai,Gateway & Procurement Specialist - Air Logistics,11/02/1986,10/05/2022,,Blue Collar,Permanent,Full Time,Fixed,Active,High,Female,37,"0 Years, 7 Months",0,32150.5,3,0.97,0.44,0.51,0,0,0,1,0,32150.5,0
191,15726931,Onwumelu,Finance Analyst,21/12/1988,01/05/2022,,White Collar,Permanent,Full Time,Flex and Fixed,Active,Low,Female,34,"0 Years, 7 Months",0,49091.55,3,0.97,0.09,0.8,0,1,0,0,0,49091.55,0
192,15771086,Graham,Branch Air Logistics QSHE Specialist,12/08/1983,14/04/1996,,White Collar,Permanent,Full Time,Fixed,Active,Medium,Female,39,"26 Years, 8 Months",26,33204.86,2,0.73,0.92,0.87,1,0,0,1,0,34588.4,0
193,15756850,Golovanov,National Perishable Air Logistics Development Manager Seafood,11/02/2000,29/09/2022,,White Collar,Permanent,Full Time,Flex and Fixed,Active,Low,Male,23,"0 Years, 2 Months",0,33732.6,4,1,0.74,0.91,0,1,0,0,0,33732.6,0
194,15702741,Potts,Sea Logiscitcs Customer Care Specialist ,20/02/1990,10/09/2012,,Blue Collar,Permanent,Full Time,Fixed,Active,High,Male,33,"10  Years, 3 Months",10,28413.06,4,0.8,0.09,0.82,1,0,0,1,0,35077.85,0
195,15679200,Crawford,National Service Excellence Specialist- Air Logistics,01/06/2000,23/11/2012,,White Collar,Fixed Term,Full Time,Flex and Fixed,Active,Low,Male,22,"10  Years, 0 Months",10,27017.79,4,0.94,0.89,0.95,5,0,0,1,0,32551.55,0
196,15594815,Aleshire,Road Logistics Sales Representative,11/11/2001,04/06/2012,,White Collar,Permanent,Full Time,Fixed,Active,Low,Male,21,"10  Years, 6 Months",10,28153.79,3,0.53,0.09,0.8,3,0,1,1,1,33122.1,0
197,15635905,Moran,Business Analyst,28/11/1958,04/07/1994,,White Collar,Permanent,Full Time,Flex and Fixed,Active,Low,Female,64,"28 Years, 5 Months",28,42409.74,3,0.8,0.27,0.54,1,1,1,1,1,49313.65,0
198,15777892,Samsonova,Trucking Specialist - Air Logistics,14/06/1981,26/10/2021,,Blue Collar,Permanent,Full Time,Fixed,Active,Low,Male,41,"1  Years, 1 Months",1,36440.62,2,0.43,0.1,0.91,0,0,1,1,1,36440.62,0
199,15656176,Jenkins,Analyst Programmer ,19/10/1958,23/03/2009,,White Collar,Permanent,Full Time,Flex and Fixed,Active,Low,Male,64,"13 Years, 8 Months",13,55919.95,4,0.37,0.1,0.89,3,1,1,1,1,59999.95,0
200,15811127,Volkov,Regional Air logistics Trainer Specialist,05/10/1984,10/02/1985,,White Collar,Permanent,Full Time,Fixed,Active,Medium,Male,38,"37  Years, 10 Months",37,33038.96,2,0.4,0.77,0.94,1,0,0,1,0,34777.85,0
201,15604482,Chiemezie,National Perishable Air Logistics Development Manager Retail,18/10/1986,10/02/1985,,White Collar,Permanent,Part Time,Flex and Fixed,Active,Low,Male,36,"37 Years, 10 Months",37,33314.63,1,0.82,0.9,0.82,2,1,1,1,1,36211.55,0
202,15622911,Jude,Internal Trainer,19/12/1971,19/07/2020,,White Collar,Permanent,Part Time,Fixed,Active,High,Male,51,"2 Years, 4 Months",2,33558.29,4,0.65,0.39,0.5,2,0,1,0,1,34243.15,0
203,15600974,He,Warehouse Manager - Air Logistics,19/09/1978,22/06/2016,,White Collar,Permanent,Part Time,Fixed,Active,Medium,Male,44,"6 Years, 5 Months",6,59073.83,3,0.43,0.76,1,1,1,1,0,1,67900.95,0
204,15727868,Onuora,Apprentice,15/07/2002,01/12/2009,04/08/2014,Blue Collar,Apprentice,Part Time,Fixed,Voluntarily Terminated,High,Female,20,"4 Years, 8 Months",4,18648.564,1,0.77,0.1,0.93,3,0,1,1,1,21191.55,1
205,15627801,Ginikanwa,Perishable Warehouse Specialist - Air Logistics,18/03/1955,23/11/2013,,Blue Collar,Permanent,Part Time,Fixed,Active,Low,Male,67,"9 Years, 0 Months",9,30753.67,3,0.35,0.87,0.9,2,0,0,1,0,34947.35,0
206,15773039,Ku,Perishable Customer Care Team Leader - Air Logistics,12/03/1959,19/12/2010,,White Collar,Permanent,Part Time,Fixed,Active,Medium,Male,64,"11 Years, 11 Months",11,39015.92,3,0.49,0.38,0.5,3,0,1,1,1,41952.6,0
207,15755262,McDonald,Business Analyst,08/09/1957,30/11/2011,05/02/2019,White Collar,Permanent,Part Time,Flex and Fixed,Voluntarily Terminated,High,Female,65,"7 Years, 2 Months",7,40777.56,2,0.95,0.77,0.99,5,1,0,0,1,45308.4,1
208,15679531,Collins,Analyst Programmer ,27/04/1978,20/01/2012,,White Collar,Temporary,Full Time,Flex and Fixed,Active,High,Male,44,"10  Years, 10 Months",10,52296.12,2,0.85,0.78,0.87,5,1,1,1,1,63775.75,0
209,15684181,Hackett,Accountant,24/05/1983,13/03/2008,09/04/2018,White Collar,Permanent,Full Time,Fixed,Voluntarily Terminated,High,Male,39,"10 Years, 0 Months",10,28380.31,1,0.7,0.44,0.5,5,1,0,1,0,32621.05,1
210,15612087,Dike,BI Developer,04/05/1981,13/01/2013,,White Collar,Permanent,Full Time,Flex and Fixed,Active,High,Male,41,"9  Years, 11 Months",9,61336.46,3,0.46,0.38,0.52,1,1,1,0,1,65251.55,0
211,15752047,Trevisano,Pricing Analyst,12/03/1984,10/10/2022,,White Collar,Permanent,Full Time,Flex and Fixed,Active,High,Male,38,"0 Years, 2 Months",0,50581.05,3,0.47,0.43,0.46,0,1,0,1,0,50581.05,0
212,15624592,Tan,Aerospace International Logistics Specialist,23/07/1989,11/01/2016,,Blue Collar,Permanent,Full Time,Fixed,Active,High,Male,33,"6 Years, 11 Months",6,32306.91,2,0.47,0.39,0.5,2,0,1,1,1,35502.1,0
213,15573152,Glassman,Accounts Payable,07/12/1997,12/07/2018,,White Collar,Permanent,Full Time,Fixed,Active,Medium,Female,25,"4 Years, 5 Months",4,29505.78,1,0.88,0.88,1,2,1,0,0,0,32784.2,0
214,15594917,Miller,Customer Care Specialist-Key Accounts,29/01/1980,11/02/2021,,White Collar,Permanent,Full Time,Fixed,Active,High,Female,43,"1  Years, 10 Months",1,31069.99,4,0.4,0.45,0.46,1,0,1,1,1,32705.25,0
215,15785542,Kornilova,National Air Logistics Pharma Compliance Specialist,26/12/1985,27/12/1987,,Blue Collar,Permanent,Full Time,Fixed,Active,High,Male,37,"34 Years, 11 Months",34,27958.52,2,0.83,0.4,0.53,1,0,0,0,0,34095.75,0
216,15723488,Watson,Cloud Service Analyst,29/04/1992,26/12/2012,,White Collar,Permanent,Full Time,Flex and Fixed,Active,Low,Male,30,"9 Years, 11 Months",9,55085.62,3,0.96,0.36,0.51,1,1,1,0,1,63316.8,0
217,15680920,Marchesi,Project Coordinator,12/08/1958,07/10/1987,,White Collar,Permanent,Full Time,Fixed,Active,Medium,Male,64,"35  Years, 2 Months",35,29240.4,3,0.45,0.36,0.48,2,0,0,1,0,36550.5,0
218,15786308,Millar,National Air Logistics Transport Apprentice,11/11/2000,30/08/2022,,Blue Collar,Apprentice,Full Time,Fixed,Active,Low,Female,22,"0 Years, 3 Months",0,23655.75,3,0.86,0.9,0.98,0,0,0,1,0,23655.75,0
219,15659366,Shih,Customer Servce Administrative Officer,17/02/1982,04/07/2019,08/09/2022,Blue Collar,Temporary,Full Time,Fixed,Voluntarily Terminated,High,Male,41,"3 Years, 2 Months",3,33372.07,1,0.94,0.43,0.53,4,0,0,1,0,34404.2,1
220,15774854,Fuller,Java Software Engineer ,05/02/1969,30/07/1998,13/03/2020,White Collar,Temporary,Full Time,Flex and Fixed,Voluntarily Terminated,High,Male,54,"21 Years, 7 Months",21,46036.41,1,0.08,0.2,0.87,4,1,1,1,1,70825.25,1
221,15725311,Hay,Perishable Operational Care Specialist - Air Logistics,06/09/1989,18/05/2013,,Blue Collar,Temporary,Full Time,Fixed,Active,Low,Female,33,"9 Years, 7 Months",9,27842.74,1,0.52,0.1,0.84,2,0,1,1,1,32003.15,0
222,15787155,Yang,Perishable Warehouse Specialist - Air Logistics,20/07/1981,11/05/2017,,Blue Collar,Temporary,Full Time,Fixed,Active,High,Male,41,"5 Years, 7 Months",5,29546.49,2,0.46,0.37,0.5,2,0,1,0,1,32115.75,0
223,15727829,McIntyre,Analyst Programmer ,04/05/1988,02/10/2017,,White Collar,Temporary,Part Time,Flex and Fixed,Active,Medium,Male,34,"5 Years, 2 Months",5,51197.43,2,0.6,0.37,0.51,1,1,1,1,1,58178.9,0
224,15733247,Stevenson,National Air Logistics Perishable Manager,29/07/1986,20/01/2018,07/10/2021,White Collar,Temporary,Full Time,Flex and Fixed,Terminated for Cause,High,Male,36,"3 Years, 8 Months",3,67379.15,2,0.82,0.46,0.9,4,1,0,1,0,71679.95,1
225,15568748,Poole,Customer Care Specialist-Key Accounts,25/12/1986,12/02/2012,17/03/2021,White Collar,Temporary,Full Time,Fixed,Voluntarily Terminated,Medium,Male,36,"10  Years, 10 Months",10,29361.95,2,0.98,0.4,0.56,5,0,1,1,1,34954.7,1
226,15699029,Bagley,Forklift Operator,28/11/2004,30/10/2021,,Blue Collar,Temporary,Full Time,Fixed,Active,Low,Male,18,"1  Years, 1 Months",1,27195.75,1,0.58,0.9,0.97,0,0,0,1,0,27195.75,0
227,15774393,Ch'ien,Human Resoruces Coordinator,23/09/1990,20/03/2021,,White Collar,Temporary,Full Time,Fixed,Active,Low,Female,32,"1  Years, 8 Months",1,32652.6,2,0.55,0.37,0.46,0,0,1,1,1,32652.6,0
228,15676895,Cattaneo,Data Analyst,27/11/1970,14/10/2007,04/10/2016,White Collar,Temporary,Full Time,Flex and Fixed,Voluntarily Terminated,High,Female,52,"8 Years, 11 Months",8,43124.12,2,0.81,0.44,0.54,7,1,1,1,1,44004.2,1
229,15637753,O'Sullivan,Java Software Engineer ,19/10/1989,10/02/2016,,White Collar,Temporary,Full Time,Flex and Fixed,Active,Medium,Male,33,"6 Years, 10 Months",6,60344.6,1,0.52,0.85,0.95,2,1,0,1,0,70993.65,0
230,15605461,Lucas,Internal Trainer,15/02/1971,09/10/2013,,White Collar,Temporary,Full Time,Fixed,Active,Medium,Female,52,"9 Years, 2 Months",9,28905.05,3,0.86,0.78,0.98,1,0,0,1,0,33224.2,0
231,15808473,Ringrose,BI Developer,04/12/1983,03/04/1993,,White Collar,Temporary,Full Time,Flex and Fixed,Active,Medium,Male,39,"29 Years, 8 Months",29,55473.55,4,0.35,0.42,0.47,2,1,1,0,1,60959.95,0
232,15627000,Freeman,Sea Logiscitcs Customer Care Specialist ,18/08/1990,29/10/2016,,Blue Collar,Temporary,Full Time,Fixed,Active,Low,Male,32,"6  Years, 1 Months",6,34161.84,2,0.4,0.92,0.99,1,0,0,1,0,35585.25,0
233,15787174,Sergeyev,Senior DevOps Engineer,10/03/1956,06/12/2004,,White Collar,Temporary,Full Time,Flex and Fixed,Active,Medium,Female,67,"18 Years, 0 Months",18,54343.81,3,0.39,0.11,0.83,11,1,1,0,1,69671.55,0
234,15723886,Fiore,National Service Excellence Specialist- Air Logistics,25/02/1968,14/04/1983,,White Collar,Temporary,Full Time,Flex and Fixed,Active,High,Male,55,"39  Years, 8 Months",39,30003.5,2,0.96,0.42,0.56,1,0,1,0,1,32192.6,0
235,15704769,Smith,Stock Investigator & Analyst,12/10/1984,10/01/1992,,White Collar,Temporary,Full Time,Flex and Fixed,Active,High,Female,38,"30 Years, 11 Months",30,43886.82,4,0.81,0.48,0.57,3,1,1,0,1,51631.55,0
236,15772896,Dumetochukwu,Warehouse Quality Control Specialist - Air Logistics,06/10/1985,26/12/2013,05/09/2018,Blue Collar,Temporary,Full Time,Fixed,Voluntarily Terminated,High,Male,37,"4 Years, 8 Months",4,24324.75,1,0.27,0.55,0.85,4,0,0,1,0,26439.95,1
237,15711540,Pacheco,Customer Care Specialist-Key Accounts,09/04/1992,08/02/2021,,White Collar,Temporary,Full Time,Fixed,Active,High,Female,30,"1  Years, 10 Months",1,35467.35,3,0.87,0.4,0.53,0,0,1,1,1,35467.35,0
238,15764866,Synnot,Operations Specialist,12/02/1984,11/10/2017,23/11/2020,Blue Collar,Temporary,Full Time,Fixed,Voluntarily Terminated,High,Female,39,"3 Years, 1 Months",3,31416.04,2,0.96,0.43,0.45,4,0,0,1,0,33780.69,1
239,15794056,Johnston,National Air Logistics Gateway Trade Lane Specialist,11/09/1986,24/10/2018,22/02/2019,White Collar,Temporary,Full Time,Fixed,Voluntarily Terminated,Medium,Female,36,"0 Years, 3 Months",0,30517.432,1,0.87,0.43,0.53,3,0,0,1,0,34678.9,1
240,15795149,Stevens,Perishable Customer Care Team Leader - Air Logistics,11/03/1967,12/06/1993,,White Collar,Temporary,Full Time,Fixed,Active,Low,Male,56,"29 Years, 6 Months",29,39210.44,1,0.51,0.1,0.97,2,0,1,0,1,43088.4,0
241,15812009,Grant,Material Handler ,13/01/2003,29/03/2021,,Blue Collar,Temporary,Full Time,Fixed,Active,Medium,Male,20,"1  Years, 8 Months",1,28499.95,4,0.79,0.1,0.87,0,0,0,1,0,28499.95,0
242,15651001,Tsao,Regional Air logistics Trainer Specialist,06/02/1988,26/06/2014,,White Collar,Temporary,Full Time,Fixed,Active,High,Female,35,"8 Years, 5 Months",8,29810.66,3,0.48,0.37,0.46,1,0,0,1,0,33875.75,0
243,15813844,Barnes,Warehouse Specialist - Air Logistics,07/02/1980,09/10/2015,,Blue Collar,Temporary,Full Time,Fixed,Active,Low,Male,43,"7 Years, 2 Months",7,24135.11,4,0.48,0.38,0.53,3,0,1,0,1,26522.1,0
244,15596175,McIntosh,Internal Trainer,13/11/1982,20/04/2012,20/05/2017,White Collar,Temporary,Full Time,Fixed,Voluntarily Terminated,High,Male,40,"10  Years, 7 Months",10,29917.11,2,0.15,0.4,0.5,5,0,1,1,1,36934.7,1
245,15576269,Madison,Business Analyst,27/10/1959,07/07/2017,,White Collar,Temporary,Full Time,Flex and Fixed,Active,Low,Male,63,"5 Years, 5 Months",5,40500.33,4,0.43,0.89,0.86,2,1,0,1,0,44022.1,0
246,15797219,Ifesinachi,Sales Specialist-Air Logitics ,09/03/2003,02/03/2021,08/12/2022,Blue Collar,Temporary,Full Time,Fixed,Voluntarily Terminated,High,Female,19,"1  Years, 9 Months",1,34754.99,1,0.11,0.45,0.46,4,0,0,1,0,36584.2,1
247,15685500,Glazkov,Sea Logistics Pricing Coordinator,22/09/1999,11/07/2019,,White Collar,Temporary,Full Time,Fixed,Active,Medium,Male,23,"3 Years, 5 Months",3,30969.13,1,0.76,0.37,0.48,2,0,0,1,0,33662.1,0
248,15599792,Dimauro,Warehouse Quality Control Specialist - Air Logistics,23/09/1983,22/09/1990,,Blue Collar,Permanent,Full Time,Fixed,Active,Low,Female,39,"32 Years, 2 Months",32,24722.99,4,0.97,0.46,0.49,2,0,1,1,0,26301.05,0
249,15657566,Wieck,Road Logistics Sales Representative,28/06/2001,26/03/2021,,White Collar,Temporary,Full Time,Fixed,Active,Low,Male,21,"1  Years, 8 Months",1,35129.96,4,0.79,0.87,0.91,1,0,1,1,0,36978.9,0
250,15772423,Liao,Sea Logiscitcs Customer Care Specialist ,19/04/1984,20/08/2012,,Blue Collar,Temporary,Full Time,Fixed,Active,Medium,Male,38,"10  Years, 3 Months",10,27392.42,1,0.39,0.11,0.84,5,0,0,1,0,34240.52,0
251,15628112,Hughes,Internal Trainer,17/03/1961,17/12/2007,,White Collar,Temporary,Full Time,Fixed,Active,Low,Female,61,"15 Years, 0 Months",15,27366.11,3,0.76,0.79,0.87,2,0,0,0,0,31097.85,0
252,15753754,Morrison,National Perishable Air Logistics Development Manager Retail,22/03/1979,26/03/2012,,White Collar,Temporary,Full Time,Flex and Fixed,Active,High,Female,43,"10  Years, 8 Months",10,29786.71,4,0.68,0.79,0.92,5,1,1,1,1,36325.25,0
253,15793726,Matveyeva,Business Development Executive,26/11/1959,16/06/2005,,White Collar,Temporary,Full Time,Flex and Fixed,Active,High,Female,63,"17 Years, 6 Months",17,38321.31,4,0.87,0.19,0.59,3,0,1,0,1,40767.35,0
254,15694717,Ku,Internal Trainer,30/01/1986,25/06/2019,,White Collar,Permanent,Full Time,Fixed,Active,Medium,Male,37,"3 Years, 5 Months",3,32579.73,3,0.45,0.87,0.98,3,0,1,1,1,33587.35,0
255,15665834,Cheatham,Senior DevOps Engineer,11/07/1983,17/10/2011,,White Collar,Temporary,Full Time,Flex and Fixed,Active,Low,Male,39,"11  Years, 2 Months",11,65408.74,1,0.84,0.6,0.92,3,1,0,0,0,70181.05,0
256,15765297,Yao,Operations Specialist,09/12/1982,16/12/2017,,Blue Collar,Temporary,Full Time,Fixed,Active,High,Male,40,"5 Years, 0 Months",5,29856.07,4,0.38,0.44,0.45,3,0,1,0,1,33927.35,0
257,15636684,Kirkland,National Air Logistics Transport Apprentice,27/03/1999,06/12/2021,,Blue Collar,Apprentice,Full Time,Fixed,Active,Low,Male,23,"1 Years, 0 Months",1,22945.25,1,0.38,0.11,0.81,0,0,1,1,1,22945.25,0
258,15592979,Rose,Warehouse Specialist - Air Logistics,07/07/1977,01/01/2018,,Blue Collar,Fixed Term,Full Time,Fixed,Active,Medium,Female,45,"4 Years, 11 Months",4,25434.91,3,0.55,0.42,0.54,2,0,0,0,0,26494.7,0
259,15750803,Jess,Accountant,07/05/2000,26/01/2016,,White Collar,Temporary,Full Time,Fixed,Active,Medium,Female,22,"6 Years, 10 Months",6,31112.87,2,0.49,0.88,0.88,1,1,1,1,1,33454.7,0
260,15607178,Welch,Customer Care Specialist-Key Accounts,10/10/1978,03/01/2019,,White Collar,Temporary,Full Time,Fixed,Active,Medium,Male,44,"3 Years, 11 Months",3,34291.15,1,0.7,0.11,0.84,1,0,1,1,1,36479.95,0
261,15713853,Ifeajuna,National Perishable Air Logistics Development Manager Seafood,22/02/1981,09/02/2012,,White Collar,Permanent,Full Time,Flex and Fixed,Active,Low,Male,42,"10  Years, 10 Months",10,30772.27,1,0.66,0.46,0.46,4,1,1,1,1,36633.65,0
262,15673481,Morton,Customer Servce Administrative Officer,24/12/1955,31/07/1983,,Blue Collar,Temporary,Full Time,Fixed,Active,Low,Female,67,"39 Years, 4 Months",39,18593.05,1,1,0.82,0.97,4,0,0,1,0,31513.65,0
263,15686776,Rossi,Software Engineer,12/02/1990,01/05/2020,,White Collar,Temporary,Full Time,Flex and Fixed,Active,Low,Female,33,"2 Years, 7 Months",2,64853.26,2,0.4,0.44,0.56,2,1,0,1,0,66176.8,0
264,15673693,Reppert,Analyst Programmer ,29/03/1983,20/03/2014,,White Collar,Temporary,Full Time,Flex and Fixed,Active,Medium,Female,39,"8 Years, 8 Months",8,61154.91,4,0.39,0.11,0.78,1,1,1,0,1,63046.3,0
265,15700696,Kang,Customer Servce Administrative Officer,18/01/1995,24/10/2019,,Blue Collar,Temporary,Full Time,Fixed,Active,Low,Male,28,"3 Years, 1 Months",3,30589.68,4,0.92,0.42,0.5,3,0,1,1,1,31535.75,0
266,15813163,Ch'iu,National Air Logistics Transport Apprentice,29/03/1999,13/08/2022,,Blue Collar,Apprentice,Full Time,Fixed,Active,Medium,Female,23,"0 Years, 4 Months",0,21462.1,3,0.37,0.84,0.93,0,0,0,1,0,21462.1,0
267,15653857,Wallis,National Air Logistics Transport Apprentice,23/08/1998,13/12/2012,,Blue Collar,Apprentice,Full Time,Fixed,Active,Low,Male,24,"10 Years, 0 Months",10,20301.9,3,0.92,0.11,0.95,1,0,1,1,1,21783.15,0
268,15777076,Clark,Transport Controller,26/06/1956,11/07/1995,,Blue Collar,Temporary,Full Time,Fixed,Active,Medium,Male,66,"27 Years, 5 Months",27,17760.93,4,0.84,0.45,0.53,5,0,0,1,0,26910.5,0
269,15717398,Fielding,Project Manager,18/03/1988,25/10/2015,02/05/2021,White Collar,Temporary,Full Time,Flex and Fixed,Voluntarily Terminated,High,Female,34,"5 Years, 6 Months",5,38771.51,2,0.98,0.38,0.56,4,1,0,0,0,45083.15,1
270,15799217,Zetticci,National Air Logistics Transport Apprentice,20/11/1998,25/01/2021,,Blue Collar,Apprentice,Full Time,Fixed,Active,High,Female,24,"1  Years, 10 Months",1,22838.9,2,1,0.38,0.86,0,0,0,1,0,22838.9,0
271,15787071,Dulhunty,Branch Air Logistics QSHE Specialist,18/01/1978,27/07/2013,,White Collar,Temporary,Full Time,Fixed,Active,Low,Male,45,"9 Years, 4 Months",9,31597.54,4,0.75,0.44,0.51,1,0,1,0,0,35906.3,0
272,15619955,Bevington,Accounting Coordinator,07/06/1979,21/07/2011,30/05/2018,White Collar,Temporary,Full Time,Fixed,Voluntarily Terminated,High,Male,43,"6 Years, 10 Months",6,32205.02,2,0.82,0.11,0.84,4,1,0,1,0,33201.05,1
273,15796505,Boyle,Recruiter,19/06/1970,19/08/1992,,White Collar,Temporary,Full Time,Fixed,Active,Low,Female,52,"30 Years, 3 Months",30,33200.33,2,0.42,0.81,0.93,4,0,1,1,0,39524.2,0
274,15725166,Newton,Warehouse Specialist - Air Logistics,23/11/1980,18/04/2019,,Blue Collar,Temporary,Full Time,Fixed,Active,Medium,Male,42,"3 Years, 8 Months",3,23881.92,4,0.37,0.09,0.96,1,0,0,1,0,25406.3,0
275,15800116,Bowman,Inside Sales Executive/ Account Manager,11/03/2000,27/01/2014,,White Collar,Temporary,Full Time,Flex and Fixed,Active,Medium,Male,22,"8 Years, 10 Months",8,32312.63,1,0.97,0.11,0.9,1,1,1,0,1,36718.9,0
276,15758685,Dubinina,Account Manager ,19/12/1960,21/08/1999,,White Collar,Temporary,Full Time,Fixed,Active,Low,Female,62,"23 Years, 3 Months",23,30458.24,4,0.54,0.81,0.95,2,1,1,1,1,37144.2,0
277,15694456,Toscani,National Air Logistics Transport Apprentice,02/10/1998,09/12/2011,07/10/2013,Blue Collar,Apprentice,Full Time,Fixed,Voluntarily Terminated,High,Male,24,"1 Years, 9 Months",1,19624.924,2,0.18,0.1,0.97,3,0,1,1,1,22301.05,1
278,15767339,Chiazagomekpere,Sea Logiscitcs Customer Care Specialist ,12/09/1956,10/06/2011,,Blue Collar,Temporary,Full Time,Fixed,Active,High,Female,66,"11 Years, 6 Months",11,29943.77,2,0.45,0.74,0.89,2,0,0,1,0,35647.35,0
279,15683562,Allen,Finance Analyst,20/09/1986,11/03/2011,,White Collar,Temporary,Full Time,Flex and Fixed,Active,High,Male,36,"11 Years, 9 Months",11,48657.49,1,0.57,0.09,0.78,3,1,1,0,1,49650.5,0
280,15782210,K'ung,Inside Sales Executive/ Account Manager,01/04/1982,25/08/1991,,White Collar,Temporary,Full Time,Flex and Fixed,Active,Medium,Male,40,"31 Years, 3 Months",31,33891.49,2,0.71,0.82,0.81,2,1,0,1,0,34583.15,0
281,15668893,Wilsmore,Business Analyst,01/10/1958,23/02/2007,,White Collar,Temporary,Full Time,Flex and Fixed,Active,Medium,Male,64,"15 Years, 9 Months",15,44336.11,3,0.87,0.1,0.98,2,1,1,1,0,50961.05,0
282,15669169,Hargreaves,Gateway & Procurement Team Leader- Air Logistics,22/12/1956,19/09/1995,,White Collar,Temporary,Full Time,Fixed,Active,High,Male,66,"27 Years, 2 Months",27,39014.75,4,0.46,0.27,0.56,3,0,1,1,1,43836.8,0
283,15643024,Huang,Project Coordinator,15/07/1968,13/10/1983,23/06/2014,White Collar,Permanent,Full Time,Fixed,Voluntarily Terminated,High,Male,54,"30 Years, 8 Months",30,29971.74,2,0.85,0.42,0.92,4,0,1,1,1,35680.64,1
284,15699389,Ch'ien,National Air Logistics Pharma Compliance Specialist,08/08/1979,30/06/2017,,Blue Collar,Temporary,Full Time,Fixed,Active,Low,Male,43,"5 Years, 5 Months",5,33973.57,3,0.39,0.1,0.93,2,0,1,1,1,36142.1,0
285,15708608,Wallwork,Perishable Warehouse Specialist - Air Logistics,21/11/1988,09/12/2018,,Blue Collar,Temporary,Full Time,Fixed,Active,High,Female,34,"4 Years, 0 Months",4,33921.47,3,0.82,0.38,0.47,2,0,1,0,1,36474.7,0
286,15626144,Chu,Air Imports Operations Manager,21/10/1980,01/12/2012,,White Collar,Temporary,Full Time,Fixed,Active,Medium,Male,42,"10  Years, 0 Months",10,59254.82,2,0.54,0.4,0.56,1,1,0,1,0,69711.55,0
287,15573112,Kang,Warehouse Shift Team Leader Healthcare- Air Logistics,23/05/1971,19/07/2018,,White Collar,Temporary,Full Time,Fixed,Active,Medium,Male,51,"4 Years, 4 Months",4,37439.12,3,0.75,0.11,0.83,2,0,0,1,0,40694.7,0
288,15790678,Davidson,Gateway & Procurement Team Leader- Air Logistics,29/05/1987,28/08/2018,,White Collar,Temporary,Full Time,Fixed,Active,Low,Female,35,"4 Years, 3 Months",4,37842.14,3,0.81,0.11,0.79,3,0,0,1,0,39418.9,0
289,15727556,O'Donnell,National Air Logistics Transport Apprentice,25/05/2001,13/10/2022,,Blue Collar,Apprentice,Full Time,Fixed,Active,High,Female,21,"0 Years, 2 Months",0,23532.6,1,0.9,0.82,0.91,0,0,1,1,1,23532.6,0
290,15697307,Nnachetam,Sales Specialist-Air Logitics ,24/12/2004,20/10/2022,,Blue Collar,Temporary,Full Time,Fixed,Active,High,Male,18,"0 Years, 1 Months",0,33946.3,1,0.59,0.36,0.48,0,0,0,1,0,33946.3,0
291,15652266,Chidiebele,Data Analyst,01/10/1960,14/09/1983,,White Collar,Temporary,Full Time,Flex and Fixed,Active,Medium,Male,62,"39 Years, 3 Months",39,46131.01,2,0.67,0.4,0.46,2,1,1,0,1,51832.6,0
292,15607098,Ahmed,Account Manager ,16/06/1968,14/04/2000,,White Collar,Temporary,Full Time,Fixed,Active,High,Female,54,"22 Years, 8 Months",22,33269.13,4,0.85,0.87,0.84,2,1,0,1,0,36162.1,0
293,15655774,Booth,Customer Servce Administrative Officer,14/12/1986,16/12/2014,,Blue Collar,Permanent,Full Time,Fixed,Active,High,Male,36,"8 Years, 0 Months",8,31478.31,4,0.86,0.41,0.49,1,0,0,1,0,34591.55,0
294,15590241,Chuang,National Air Logistics Transport Apprentice,30/05/2001,24/08/2022,,Blue Collar,Apprentice,Full Time,Fixed,Active,High,Female,21,"0 Years, 3 Months",0,21404.2,1,0.66,0.11,0.91,0,0,0,1,0,21404.2,0
295,15785819,Shao,Regional Air logistics Trainer Specialist,18/06/1982,25/08/2016,,White Collar,Temporary,Full Time,Fixed,Active,High,Male,40,"6 Years, 3 Months",6,28091.36,3,0.72,0.1,0.93,1,0,1,1,1,33442.1,0
296,15723654,Tsao,Accountant,24/02/1962,26/06/2002,,White Collar,Temporary,Full Time,Fixed,Active,High,Male,61,"20 Years, 5 Months",20,28617.56,2,0.81,0.38,0.51,1,1,0,1,0,32519.95,0
297,15774510,Tien,Perishable Operational Care Specialist - Air Logistics,08/02/1990,18/04/2018,,Blue Collar,Temporary,Full Time,Fixed,Active,Low,Female,33,"4 Years, 8 Months",4,32075.52,4,0.85,0.39,0.55,3,0,1,1,1,36449.45,0
298,15684173,Chang,Customer Servce Administrative Officer,08/03/1980,05/07/2014,09/11/2021,Blue Collar,Temporary,Full Time,Fixed,Voluntarily Terminated,High,Female,43,"7 Years, 4 Months",7,26807.47,4,0.82,0.4,0.52,5,0,0,1,0,31913.65,1
299,15650068,Johnson,Perishable Warehouse Shift Team Leader - Air Logistics,06/02/1982,25/08/2016,,White Collar,Temporary,Full Time,Fixed,Active,High,Male,41,"6 Years, 3 Months",6,38468.6,3,0.69,0.45,0.48,2,0,1,1,0,43223.15,0
300,15811490,French,Gateway & Procurement Team Leader- Air Logistics,15/08/1968,26/08/1996,,White Collar,Permanent,Full Time,Fixed,Active,Low,Male,54,"26 Years, 3 Months",26,37003.21,1,0.96,0.74,0.84,2,0,1,1,1,39788.4,0
301,15803976,Efremov,Accounting Coordinator,27/09/1984,05/03/2011,,White Collar,Temporary,Full Time,Fixed,Active,Medium,Female,38,"11 Years, 9 Months",11,29244.29,4,0.73,0.45,0.55,1,1,0,1,0,32493.65,0
302,15682541,Hartley,Recruiter Apprentice,14/11/2004,08/05/2022,,Blue Collar,Apprentice,Full Time,Fixed,Active,Medium,Female,18,"0 Years, 7 Months",0,21090.5,3,0.43,0.12,1,0,0,0,1,0,21090.5,0
303,15695699,Calabrese,Data Engineer,28/03/1980,13/06/2017,,White Collar,Temporary,Full Time,Flex and Fixed,Active,Low,Male,42,"5 Years, 6 Months",5,66316.81,3,0.51,0.1,0.77,2,1,0,1,0,71308.4,0
304,15624188,Chiu,Gateway & Procurement Specialist - Air Logistics,29/09/1960,11/08/2008,,Blue Collar,Temporary,Full Time,Fixed,Active,High,Female,62,"14 Years, 4 Months",14,33036.62,3,0.53,0.37,0.55,2,0,1,1,1,36707.35,0
305,15812191,Brennan,Warehouse Manager - Air Logistics,11/06/1987,04/08/2019,,White Collar,Permanent,Full Time,Fixed,Active,High,Male,35,"3 Years, 4 Months",3,61460.4,3,0.48,0.89,0.87,2,1,0,0,0,67538.9,0
306,15636673,Onwuatuegwu,Sea Logistics Pricing Coordinator,14/01/1968,23/09/2002,,White Collar,Temporary,Full Time,Fixed,Active,High,Male,55,"20  Years, 2 Months",20,28100.09,2,0.37,0.45,0.47,1,0,1,1,1,34268.4,0
307,15594898,Hewitt,Revenue Care Specialist- Air Logistics,14/01/1958,10/01/2018,20/08/2022,White Collar,Temporary,Full Time,Fixed,Voluntarily Terminated,Medium,Male,65,"4 Years, 7 Months",4,38886.93,2,0.98,0.37,0.46,4,1,1,1,1,42268.4,1
308,15660211,Shih,Cloud Service Analyst,09/04/1981,07/12/2021,,White Collar,Temporary,Full Time,Flex and Fixed,Active,Medium,Male,41,"1  Years, 0 Months",1,62294.7,4,0.9,0.11,0.81,0,1,0,1,0,62294.7,0
309,15773972,Balashov,Customer Care Specialist-Key Accounts,29/03/1981,06/05/2006,21/11/2018,White Collar,Temporary,Full Time,Fixed,Voluntarily Terminated,Medium,Male,41,"12 Years, 6 Months",12,32025.87,2,0.92,0.41,0.48,5,0,0,1,0,33360.28,1
310,15746726,Doyle,Data Analyst,13/05/1990,12/09/2021,,White Collar,Temporary,Full Time,Flex and Fixed,Active,Low,Male,32,"1  Years, 3 Months",1,49764.34,1,0.38,0.1,0.94,1,1,0,1,0,51837.85,0
311,15712287,Pokrovskii,Project Manager,09/02/1981,18/01/2020,,White Collar,Temporary,Full Time,Flex and Fixed,Active,Medium,Female,42,"2 Years, 11 Months",2,40317.92,1,0.56,0.1,0.93,2,1,1,1,1,43352.6,0
312,15702919,Collins,Senior DevOps Engineer,08/07/1980,07/01/2013,,White Collar,Temporary,Full Time,Flex and Fixed,Active,Medium,Male,42,"9 Years, 11 Months",9,58767.84,2,0.48,0.11,0.95,3,1,0,1,0,68334.7,0
313,15674398,Russo,Transport Controller,18/02/1986,20/12/2017,,Blue Collar,Temporary,Full Time,Fixed,Active,Low,Male,37,"4 Years, 11 Months",4,21452.51,1,0.49,0.4,0.54,2,0,0,0,0,24377.85,0
314,15797960,Skinner,Trucking Specialist - Air Logistics,16/06/1991,27/09/2016,,Blue Collar,Temporary,Full Time,Fixed,Active,High,Female,31,"6 Years, 2 Months",6,28208.96,3,0.83,0.41,0.49,2,0,0,1,0,33582.1,0
315,15631868,Robertson,Revenue Care Specialist- Air Logistics,06/03/1990,01/01/2021,,White Collar,Temporary,Full Time,Fixed,Active,High,Male,33,"1  Years, 11 Months",1,38618.26,4,0.37,0.1,0.81,1,1,1,1,1,40227.35,0
316,15581539,Atkinson,Network Engineer,22/11/1979,23/08/2020,,White Collar,Temporary,Full Time,Flex and Fixed,Active,Low,Male,43,"2 Years, 3 Months",2,68452.46,3,0.71,0.73,0.86,2,1,0,0,0,69849.45,0
317,15662736,Doyle,National Air Logistics Pharma Compliance Specialist,07/04/1986,03/01/1984,27/07/2019,Blue Collar,Temporary,Full Time,Fixed,Terminated for Cause,High,Male,36,"35 Years, 6 Months",35,28546.54,2,0.3,0.43,0.47,4,0,0,1,0,33193.65,1
318,15666252,Ritchie,Technical Support Engineer,16/06/1955,03/02/1998,,White Collar,Temporary,Full Time,Flex and Fixed,Active,High,Male,67,"24  Years, 10 Months",24,46630.35,3,0.81,0.37,0.46,3,1,1,1,1,60558.9,0
319,15677512,McEncroe,Road Logistics Sales Representative,18/07/2004,16/10/2020,,White Collar,Temporary,Full Time,Fixed,Active,Medium,Female,18,"2 Years, 2 Months",2,34501.15,3,0.49,0.11,0.94,2,0,0,1,0,35205.25,0
320,15626114,Pearson,Gateway & Procurement Specialist - Air Logistics,27/08/1980,14/05/2014,,Blue Collar,Temporary,Full Time,Fixed,Active,High,Male,42,"8 Years, 7 Months",8,29949.97,4,0.39,0.4,0.46,2,0,0,1,0,34425.25,0
321,15810834,Gordon,Human Resoruces Coordinator,02/08/1959,15/09/1986,,White Collar,Temporary,Full Time,Fixed,Active,High,Female,63,"36 Years, 3 Months",36,32810.73,3,0.98,0.41,0.54,2,0,1,1,1,36055.75,0
322,15678910,Ts'ai,Internal Trainer,31/10/1987,27/11/2019,,White Collar,Temporary,Full Time,Fixed,Active,High,Female,35,"3 Years, 0 Months",3,33217.8,3,0.65,0.82,0.84,1,0,1,1,1,36106.3,0
323,15694408,Lung,Senior DevOps Engineer,06/06/1977,01/06/2012,03/08/2013,White Collar,Temporary,Full Time,Flex and Fixed,Voluntarily Terminated,High,Male,45,"10  Years, 6 Months",10,57242.03,4,0.7,0.61,0.47,4,1,0,1,0,68966.3,1
324,15585215,Yuan,Inventory Clerk,29/07/2001,08/09/2018,,Blue Collar,Temporary,Full Time,Fixed,Active,High,Female,21,"4 Years, 3 Months",4,24795.26,4,0.56,0.11,0.91,3,0,0,0,0,25828.4,0
325,15682757,Pardey,Warehouse Quality Control Specialist - Air Logistics,05/03/1995,28/02/2016,,Blue Collar,Permanent,Full Time,Fixed,Active,Low,Male,28,"6 Years, 9 Months",6,26117.33,4,0.87,0.37,0.45,2,0,0,1,0,28388.4,0
326,15736601,Tai,National Air Logistics Pharma Compliance Specialist,01/11/1979,03/12/2016,,Blue Collar,Temporary,Full Time,Fixed,Active,Low,Male,43,"6 Years, 0 Months",6,28786.36,1,0.42,0.41,0.52,2,0,0,1,0,33866.3,0
327,15601848,Scott,Java Software Engineer ,01/06/1986,28/04/2017,,White Collar,Temporary,Full Time,Flex and Fixed,Active,Low,Male,36,"5 Years, 7 Months",5,61755.91,1,0.53,0.37,0.52,2,1,0,1,0,66404.2,0
328,15736008,Hunter,Perishable Operational Care Specialist - Air Logistics,07/04/1960,13/11/1992,24/03/2019,Blue Collar,Temporary,Full Time,Fixed,Voluntarily Terminated,High,Female,62,"26 Years, 4 Months",26,29213.87,2,0.14,0.21,0.99,4,0,0,1,0,32103.15,1
329,15669064,Mazzanti,Business Development Manager,11/08/1981,16/03/2009,,White Collar,Temporary,Full Time,Flex and Fixed,Active,Low,Male,41,"13 Years, 9 Months",13,43357.12,3,0.36,0.1,0.85,1,1,1,1,1,49269.45,0
330,15624528,L?,National Air Logistics Gateway Trade Lane Specialist,18/05/1968,23/12/2014,,White Collar,Temporary,Full Time,Fixed,Active,Medium,Male,54,"7 Years, 11 Months",7,30376.16,2,0.96,0.44,0.48,1,0,1,1,1,36162.1,0
331,15598493,Beach,National Air Logistics Transport Apprentice,06/04/1999,14/11/2022,,Blue Collar,Apprentice,Full Time,Fixed,Active,Medium,Male,23,"0 Years, 1 Months",0,21660.43,3,0.94,0.38,0.57,0,0,1,1,1,21660.43,0
332,15601274,Hsieh,Gateway & Procurement Specialist - Air Logistics,29/04/1961,31/10/1993,,Blue Collar,Permanent,Full Time,Fixed,Active,Low,Female,61,"29 Years, 1 Months",29,29582.74,1,0.59,0.11,0.85,1,0,0,1,0,34003.15,0
333,15702669,Faulkner,Data Engineer,26/06/1991,26/03/2014,,White Collar,Temporary,Full Time,Flex and Fixed,Active,Medium,Male,31,"8 Years, 8 Months",8,58171.3,1,0.56,0.09,0.98,2,1,1,0,1,69251.55,0
334,15728669,Knowles,Sea Logistics Pricing Coordinator,23/05/1979,05/04/2017,,White Collar,Temporary,Full Time,Fixed,Active,High,Female,43,"5 Years, 8 Months",5,33370.71,1,0.86,0.45,0.52,1,0,0,1,0,35500.75,0
335,15742668,Day,Customer Care Specialist-Key Accounts,25/07/1999,04/04/2012,,White Collar,Temporary,Full Time,Fixed,Active,Medium,Female,23,"10  Years, 8 Months",10,29639.97,4,0.53,0.1,0.81,4,0,0,1,0,36146.3,0
336,15697441,Hsueh,Business Development Executive,26/11/1984,02/07/2018,,White Collar,Temporary,Full Time,Flex and Fixed,Active,Medium,Male,38,"4 Years, 5 Months",4,37863.64,3,0.72,0.45,0.47,1,0,0,1,0,41608.4,0
337,15740476,Tsao,Sea Logiscitcs Customer Care Specialist ,21/04/1979,21/05/2017,,Blue Collar,Temporary,Full Time,Fixed,Active,Medium,Female,43,"5 Years, 6 Months",5,33473.96,1,0.7,0.77,0.87,2,0,1,0,1,35235.75,0
338,15648064,Kennedy,Pricing Analyst,15/02/1979,29/03/2021,,White Collar,Temporary,Full Time,Flex and Fixed,Active,Medium,Male,44,"1  Years, 8 Months",1,50495.75,1,0.87,0.44,0.51,0,1,0,1,0,50495.75,0
339,15636624,Nwabugwu,Analyst Programmer ,13/09/1971,09/03/2016,10/03/2020,White Collar,Temporary,Full Time,Flex and Fixed,Voluntarily Terminated,Low,Female,51,"4 Years, 0 Months",4,54377.01,2,0.91,0.39,0.5,4,1,0,1,0,60418.9,1
340,15807923,Young,IT System Engineer,21/10/1991,16/05/2009,04/11/2017,White Collar,Permanent,Full Time,Flex and Fixed,Voluntarily Terminated,Low,Female,31,"8 Years, 5 Months",8,65173.38,2,0.89,0.1,0.91,5,1,0,1,0,70078.9,1
341,15745844,Kerr,Cloud Service Analyst,07/11/1983,25/05/1998,23/06/2020,White Collar,Temporary,Full Time,Flex and Fixed,Voluntarily Terminated,High,Female,39,"24  Years, 6 Months",24,48594.86,2,0.3,0.09,0.89,5,1,1,0,1,59993.65,1
342,15786170,Tien,National Perishable Air Logistics Development Manager Retail,26/05/1981,27/01/2014,,White Collar,Temporary,Full Time,Flex and Fixed,Active,High,Male,41,"8 Years, 10 Months",8,29572.65,1,0.38,0.37,0.47,2,1,0,0,0,33991.55,0
343,15681081,Marrero,Apprentice,06/03/2004,15/02/2022,,Blue Collar,Apprentice,Full Time,Fixed,Active,Low,Female,18,"0 Years, 10 Months",0,23970.5,1,0.96,0.9,1,0,0,1,1,1,23970.5,0
344,15684484,White,Perishable Warehouse Specialist - Air Logistics,17/09/1994,25/02/2016,,Blue Collar,Temporary,Full Time,Fixed,Active,High,Male,28,"6 Years, 9 Months",6,30670.7,4,0.93,0.41,0.56,3,0,0,0,0,32628.4,0
345,15785869,Pisano,Human Resoruces Coordinator,21/11/1984,27/10/2012,,White Collar,Permanent,Full Time,Fixed,Active,Low,Female,38,"10  Years, 1 Months",10,29779.78,4,0.46,0.37,0.52,4,0,0,1,0,36316.8,0
346,15763859,Brown,Air Imports Operations Manager,05/10/1984,28/03/2014,,White Collar,Temporary,Full Time,Fixed,Active,Low,Female,38,"8 Years, 8 Months",8,58635.7,2,0.84,0.1,0.86,2,1,0,1,0,68181.05,0
347,15658935,Freeman,Perishable Customer Care Team Leader - Air Logistics,04/01/1989,28/03/2009,,White Collar,Temporary,Full Time,Fixed,Active,High,Female,34,"13 Years, 8 Months",13,36213.18,3,0.42,0.81,1,3,0,0,1,0,38938.9,0
348,15747358,Russell,National Air Logistics Transport Apprentice,01/06/2001,17/03/2022,,Blue Collar,Apprentice,Full Time,Fixed,Active,Low,Male,21,"0 Years, 9 Months",0,21592.6,3,0.97,0.11,0.8,0,0,1,1,1,21592.6,0
349,15735203,Seleznyov,Aerospace International Logistics Specialist,18/07/1988,04/06/2014,,Blue Collar,Temporary,Full Time,Fixed,Active,Medium,Female,34,"8 Years, 6 Months",8,30812.96,4,0.35,0.11,0.84,2,0,1,1,1,36682.1,0
350,15576256,Yusupova,Inside Sales Executive/ Account Manager,16/01/1980,03/03/2013,,White Collar,Temporary,Full Time,Flex and Fixed,Active,Medium,Male,43,"9 Years, 9 Months",9,29383.14,2,0.53,0.4,0.46,1,1,1,1,1,34568.4,0
351,15659420,Foley,Senior DevOps Engineer,07/04/1987,07/10/2012,,White Collar,Temporary,Full Time,Flex and Fixed,Active,Medium,Male,35,"10  Years, 2 Months",10,56255.12,2,0.46,0.09,0.8,7,1,1,1,1,70318.9,0
352,15593365,Shih,National Perishable Air Logistics Development Manager Seafood,22/04/2000,23/06/2015,,White Collar,Temporary,Full Time,Flex and Fixed,Active,High,Male,22,"7 Years, 5 Months",7,33469.56,4,0.93,0.48,0.93,2,1,1,1,1,37188.4,0
353,15777352,Ikedinachukwu,Sales Operations Manager ,07/07/1989,08/10/2013,,White Collar,Temporary,Full Time,Flex and Fixed,Active,High,Female,33,"9 Years, 2 Months",9,52854.65,4,0.39,0.91,0.91,1,1,0,1,0,61458.9,0
354,15812007,Power,Network Engineer,07/12/1955,24/02/1999,,White Collar,Temporary,Full Time,Flex and Fixed,Active,High,Male,67,"23  Years, 9 Months",23,44870.24,3,0.94,0.43,0.57,1,1,1,1,1,66970.5,0
355,15625461,Amos,Perishable Warehouse Specialist - Air Logistics,20/10/1997,17/05/2016,,Blue Collar,Temporary,Full Time,Fixed,Active,Low,Female,25,"6 Years, 7 Months",6,32241.78,3,0.9,0.33,0.88,1,0,1,1,1,35824.2,0
356,15739438,Reed,Gateway & Procurement Team Leader- Air Logistics,29/05/1980,27/04/2018,,White Collar,Temporary,Full Time,Fixed,Active,High,Male,42,"4 Years, 7 Months",4,34741.89,2,0.57,0.41,0.57,2,0,0,1,0,38602.1,0
357,15611759,Simmons,National Air Logistics Transport Apprentice,05/03/2001,11/09/2022,,Blue Collar,Apprentice,Full Time,Fixed,Active,High,Female,22,"0 Years, 3 Months",0,22399.95,2,0.81,0.41,0.55,0,0,1,1,1,22399.95,0
358,15661629,Ricci,Branch Air Logistics QSHE Specialist,28/07/1981,01/08/2021,,White Collar,Temporary,Full Time,Fixed,Active,Medium,Male,41,"1  Years, 4 Months",1,36619.95,2,0.87,0.37,0.54,0,0,0,1,0,36619.95,0
359,15633950,Yen,National Air Logistics Transport Apprentice,14/10/2000,15/05/2022,,Blue Collar,Apprentice,Full Time,Fixed,Active,High,Male,22,"0 Years, 7 Months",0,21594.7,3,0.72,0.31,0.62,0,0,1,1,1,21594.7,0
360,15592386,Campbell,Accounting Coordinator,20/10/1979,28/02/2012,,White Collar,Temporary,Full Time,Fixed,Active,Low,Male,43,"10  Years, 9 Months",10,31425.7,3,0.89,0.09,0.91,7,1,1,0,1,37411.55,0
361,15803716,West,National Perishable Air Logistics Development Manager Retail,08/06/1979,07/11/2015,,White Collar,Temporary,Full Time,Flex and Fixed,Active,High,Male,43,"7 Years, 1 Months",7,31540.5,3,0.53,0.1,0.87,2,1,1,0,1,34283.15,0
362,15696674,Robinson,Internal Trainer,03/01/1984,20/03/1998,,White Collar,Permanent,Full Time,Fixed,Active,Low,Female,39,"24 Years, 8 Months",24,35711.81,4,0.42,0.76,0.9,2,0,1,0,1,36440.62,0
363,15706365,Bianchi,Perishable Operational Care Specialist - Air Logistics,15/08/1958,02/05/2005,,Blue Collar,Temporary,Full Time,Fixed,Active,High,Female,64,"17 Years, 7 Months",17,30342.17,2,0.48,0.41,0.54,3,0,1,1,1,32278.9,0
364,15745088,Chen,Sea Logistics Pricing Coordinator,17/03/1991,02/08/2013,,White Collar,Temporary,Full Time,Fixed,Active,High,Female,31,"9 Years, 4 Months",9,27176.18,2,0.47,0.72,0.96,1,0,0,1,0,32352.6,0
365,15676715,Madukaego,Sales Account Manager,31/05/1961,20/12/1990,,White Collar,Temporary,Full Time,Fixed,Active,High,Male,61,"31 Years, 11 Months",31,30680.24,3,0.9,0.4,0.5,4,1,1,1,1,35674.7,0
366,15613085,Ibrahimova,National Perishable Air Logistics Development Manager Retail,20/11/1958,16/07/1984,,White Collar,Temporary,Full Time,Flex and Fixed,Active,High,Female,64,"38 Years, 5 Months",38,27351.28,1,0.93,0.91,0.87,8,1,1,1,1,32561.05,0
367,15633537,Nolan,Perishable Warehouse Specialist - Air Logistics,03/10/1957,23/04/1998,,Blue Collar,Temporary,Full Time,Fixed,Active,Low,Female,65,"24 Years, 7 Months",24,24291.3,3,0.5,0.1,0.83,2,0,0,1,0,32388.4,0
368,15594720,Scott,National Air Logistics Gateway Trade Lane Specialist,31/07/1982,13/05/2015,,White Collar,Temporary,Full Time,Fixed,Active,Medium,Female,40,"7 Years, 7 Months",7,28840.94,4,0.86,0.4,0.56,2,0,1,1,0,33150.5,0
369,15684042,Blair,Account Manager ,14/03/1979,09/10/2016,,White Collar,Temporary,Full Time,Fixed,Active,Medium,Male,43,"6 Years, 2 Months",6,32110.9,4,0.92,0.82,0.86,2,1,1,0,0,34903.15,0
370,15583303,Monaldo,Human Resoruces Coordinator,04/08/1968,29/11/2021,,White Collar,Permanent,Full Time,Fixed,Active,Medium,Female,54,"1  Years, 0 Months",1,33597.85,3,0.43,0.1,0.82,0,0,0,1,0,33597.85,0
371,15611579,Sutherland,Warehouse Manager - Air Logistics,19/08/1982,19/11/2001,,White Collar,Temporary,Full Time,Fixed,Active,High,Male,40,"21 Years, 0 Months",21,57950.29,4,0.9,0.37,0.45,4,1,1,1,1,65852.6,0
372,15774696,Cole,Project Coordinator,16/05/1986,31/03/2021,,White Collar,Temporary,Full Time,Fixed,Active,High,Female,36,"1  Years, 8 Months",1,35394.96,1,0.47,0.36,0.51,1,0,1,0,1,37257.85,0
373,15694506,Briggs,BI Developer,27/05/1985,06/09/2021,,White Collar,Temporary,Full Time,Flex and Fixed,Active,Low,Male,37,"1 Years, 3 Months",1,64369.45,4,0.85,0.39,0.48,0,1,1,1,1,64369.45,0
374,15688074,Gregory,Software Engineer,22/10/1981,14/09/2019,,White Collar,Temporary,Full Time,Flex and Fixed,Active,Medium,Male,41,"3 Years, 3 Months",3,66272.01,1,0.46,0.36,0.57,1,1,1,1,1,71260.23,0
375,15759537,Bianchi,IT System Engineer,15/10/1984,19/02/1985,,White Collar,Temporary,Full Time,Flex and Fixed,Active,Low,Male,38,"37 Years, 9 Months",37,59601.13,3,0.68,0.86,0.84,1,1,1,1,1,65495.75,0
376,15758449,Angelo,Finance Analyst,02/04/1985,15/08/1998,,White Collar,Temporary,Full Time,Flex and Fixed,Active,Medium,Female,37,"24 Years, 4 Months",24,48228.98,2,0.98,0.73,0.99,3,1,1,0,1,50767.35,0
377,15583456,Gardiner,Inside Sales Executive/ Account Manager,22/01/1989,22/12/2017,21/05/2020,White Collar,Temporary,Full Time,Flex and Fixed,Voluntarily Terminated,High,Male,34,"2 Years, 4 Months",2,36704.58,4,0.97,0.56,0.71,5,1,1,1,1,37453.65,1
378,15667871,Kerr,Aerospace International Logistics Specialist,26/06/1995,21/05/2016,,Blue Collar,Temporary,Full Time,Fixed,Active,Low,Male,27,"6 Years, 6 Months",6,31156.54,4,0.36,0.44,0.56,2,0,0,1,0,33145.25,0
379,15677371,Ko,Accounts Payable,09/09/1980,20/07/2021,,White Collar,Temporary,Full Time,Fixed,Active,High,Female,42,"1  Years, 4 Months",1,34760.98,1,0.7,0.31,0.56,0,1,0,1,0,34760.98,0
380,15629677,Distefano,Cloud Service Analyst,23/07/1984,03/02/2006,14/07/2015,White Collar,Temporary,Full Time,Flex and Fixed,Voluntarily Terminated,High,Female,38,"9 Years, 5 Months",9,53137.17,2,0.83,0.45,0.93,4,1,0,0,1,60383.15,1
381,15713578,Farrell,Perishable Warehouse Specialist - Air Logistics,05/09/1984,13/09/2013,,Blue Collar,Temporary,Full Time,Fixed,Active,Medium,Female,38,"9 Years, 3 Months",9,30824.06,3,0.55,0.44,0.45,1,0,1,1,1,32791.55,0
382,15591509,Milano,Warehouse Quality Control Specialist - Air Logistics,23/01/1968,06/03/1988,,Blue Collar,Temporary,Full Time,Fixed,Active,Low,Male,55,"34 Years, 9 Months",34,24663.58,4,0.41,0.38,0.46,2,0,0,1,0,26237.85,0
383,15568240,Ting,Apprentice,20/05/2002,05/05/2022,,Blue Collar,Apprentice,Full Time,Fixed,Active,High,Female,20,"0 Years, 7 Months",0,23367.35,3,0.56,0.45,0.48,0,0,1,1,1,23367.35,0
384,15622993,Boyd,Transport Controller,26/06/1981,08/03/2020,,Blue Collar,Fixed Term,Full Time,Fixed,Active,High,Male,41,"2 Years, 9 Months",2,25906.35,2,0.75,0.38,0.51,1,0,0,1,0,27559.95,0
385,15689294,Onyemaechi,National Air Logistics Gateway Trade Lane Specialist,12/01/1981,03/05/2018,,White Collar,Temporary,Full Time,Fixed,Active,Low,Male,42,"4 Years, 7 Months",4,32657.57,1,0.77,0.36,0.48,3,0,0,1,0,34742.1,0
386,15720910,Black,Gateway & Procurement Specialist - Air Logistics,06/01/1967,15/04/2001,,Blue Collar,Temporary,Full Time,Fixed,Active,Medium,Female,56,"21 Years, 8 Months",21,33801.51,3,0.71,0.75,0.9,3,0,1,1,0,36740.77,0
387,15721181,Oliver,Accountant,23/05/1979,09/11/2014,,White Collar,Temporary,Full Time,Fixed,Active,Medium,Male,43,"8 Years, 1 Months",8,30474.26,3,0.49,0.1,0.93,2,1,0,1,0,33124.2,0
388,15776433,Greco,Accounting Coordinator,15/05/1984,25/07/2013,,White Collar,Temporary,Full Time,Fixed,Active,Medium,Male,38,"9  Years, 4 Months",9,35264.72,2,0.52,0.1,0.97,1,1,1,1,1,37120.76,0
389,15748936,Whitehead,Cloud Service Analyst,24/01/1976,27/01/2008,,White Collar,Permanent,Full Time,Flex and Fixed,Active,Medium,Female,47,"14 Years, 10 Months",14,63344.06,3,0.49,0.45,0.5,3,1,1,0,1,65303.15,0
390,15717225,Ikemefuna,Road Logistics Sales Representative,18/12/2003,30/12/2021,,White Collar,Temporary,Full Time,Fixed,Active,High,Female,19,"0 Years, 11 Months",0,32230.5,3,0.46,0.42,0.57,0,0,0,1,0,32230.5,0
391,15685226,Morrison,Perishable Warehouse Specialist - Air Logistics,09/06/1983,21/12/1988,,Blue Collar,Temporary,Full Time,Fixed,Active,High,Female,39,"33 Years, 11 Months",33,30496.53,3,0.94,0.78,1,1,0,1,1,1,33148.4,0
392,15785611,Onyeoruru,National Air Logistics Pharma Compliance Specialist,14/04/1995,20/08/2008,,Blue Collar,Temporary,Full Time,Fixed,Active,Low,Male,27,"14 Years, 3 Months",14,30195.76,3,0.41,0.45,0.55,1,0,1,1,1,32123.15,0
393,15573456,Cunningham,National Air Logistics Pharma Compliance Specialist,11/07/2000,15/04/2012,16/11/2022,Blue Collar,Temporary,Full Time,Fixed,Voluntarily Terminated,High,Male,22,"10  Years, 8 Months",10,29047.84,2,0.69,0.46,1,4,0,0,1,0,35424.2,1
394,15684548,Demidov,Business Development Executive,01/07/1990,08/02/2019,,White Collar,Temporary,Full Time,Flex and Fixed,Active,Low,Male,32,"3 Years, 10 Months",3,35676.81,1,0.36,0.11,0.93,1,0,0,0,0,40086.3,0
395,15620505,Celis,Perishable Apprentice- Air Logistics,16/10/2004,28/09/2022,,Blue Collar,Apprentice,Full Time,Fixed,Active,High,Female,18,"0 Years, 2 Months",0,23437.85,4,0.76,0.42,0.56,0,0,1,1,0,23437.85,0
396,15807432,Cheng,Internal Trainer,13/06/1980,01/11/2013,,White Collar,Temporary,Full Time,Fixed,Active,High,Female,42,"9 Years, 1 Months",9,28124.08,1,0.72,0.45,0.46,1,0,1,0,1,33481.05,0
397,15584766,Knight,BI Developer,23/02/1982,11/09/2014,,White Collar,Temporary,Full Time,Flex and Fixed,Active,Low,Male,41,"8 Years, 3 Months",8,51782.01,3,0.49,0.46,0.57,1,1,1,1,0,61645.25,0
398,15612187,Morin,Sales Account Manager,26/04/1968,09/01/2017,,White Collar,Temporary,Full Time,Fixed,Active,High,Male,54,"5 Years, 11 Months",5,31051.43,3,0.87,0.09,0.79,1,1,0,1,0,33751.55,0
399,15762218,Mills,Analyst Programmer ,10/08/1959,30/12/2014,,White Collar,Temporary,Full Time,Flex and Fixed,Active,Low,Female,63,"7 Years, 11 Months",7,51666.17,4,0.37,0.87,0.83,1,1,1,0,1,62248.4,0
400,15646372,Outhwaite,Perishable Customer Care Team Leader - Air Logistics,21/12/1977,14/04/2018,,White Collar,Temporary,Full Time,Fixed,Active,Medium,Female,45,"4 Years, 8 Months",4,36483.29,3,0.4,0.1,0.87,1,0,0,1,0,39655.75,0
401,15690452,Tung,Human Resoruces Coordinator,25/07/1997,30/10/2020,,White Collar,Permanent,Full Time,Fixed,Active,Low,Male,25,"2 Years, 1 Months",2,32982.64,4,0.92,0.91,1,2,0,0,1,0,33655.75,0
402,15747795,Pai,Air Imports Operations Manager,22/03/1968,18/02/1992,,White Collar,Temporary,Full Time,Fixed,Active,Low,Female,54,"30 Years, 10 Months",30,60441.61,3,0.48,0.76,0.92,1,1,1,1,1,70280.94,0
403,15781589,Carpenter,Business Development Manager,02/04/1981,08/03/2015,,White Collar,Temporary,Full Time,Flex and Fixed,Active,Medium,Male,41,"7 Years, 9 Months",7,45624.23,3,0.49,0.74,1,1,1,1,0,1,49591.55,0
404,15732674,Fennell,Software Engineer,17/11/1980,10/06/2015,,White Collar,Temporary,Full Time,Flex and Fixed,Active,High,Male,42,"7 Years, 6 Months",7,56617.14,4,0.96,0.92,0.93,1,1,1,0,1,66608.4,0
405,15642291,Fontaine,Trucking Team Leader- Air Logistics,17/06/1990,28/09/2017,,White Collar,Temporary,Full Time,Fixed,Active,Medium,Male,32,"5 Years, 2 Months",5,35706.44,4,0.67,0.76,0.87,1,0,1,1,1,39237.85,0
406,15692761,Pratt,National Perishable Air Logistics Development Manager Seafood,26/09/1958,01/07/2010,,White Collar,Temporary,Full Time,Flex and Fixed,Active,High,Male,64,"12  Years, 5 Months",12,27020.6,4,0.57,0.47,0.5,5,1,0,1,0,33775.75,0
407,15578045,Mitchell,Trucking Team Leader- Air Logistics,25/10/1981,05/12/2013,,White Collar,Temporary,Full Time,Fixed,Active,High,Female,41,"9 Years, 0 Months",9,34130.1,4,0.35,0.73,0.99,2,0,0,0,0,38784.2,0
408,15745354,Franklin,Trucking Team Leader- Air Logistics,27/03/1984,25/12/2004,,White Collar,Permanent,Full Time,Fixed,Active,High,Female,38,"17 Years, 11 Months",17,38028.4,4,0.53,0.09,0.94,2,0,0,1,0,41789.45,0
409,15701376,K'ung,Operations Specialist,01/10/1998,01/05/2014,,Blue Collar,Temporary,Full Time,Fixed,Active,Medium,Male,24,"8 Years, 7 Months",8,27405.79,3,0.57,0.91,0.92,1,0,1,1,1,32242.1,0
410,15691625,Ko,Business Analyst,10/08/1982,01/07/1996,,White Collar,Temporary,Full Time,Flex and Fixed,Active,Medium,Female,40,"26 Years, 5 Months",26,39499.45,2,0.39,0.82,0.98,2,1,0,1,0,47023.15,0
411,15566594,McKenzie,Account Manager ,06/05/1983,15/03/2020,,White Collar,Temporary,Full Time,Fixed,Active,Medium,Male,39,"2 Years, 9 Months",2,32915.7,3,0.8,0.28,0.45,2,1,0,0,0,37404.2,0
412,15760431,Pino,Sales Specialist-Air Logitics ,06/07/2004,28/11/2021,,Blue Collar,Temporary,Full Time,Fixed,Active,Medium,Male,18,"1  Years, 0 Months",1,34372.6,4,0.53,0.84,0.99,0,0,1,1,1,34372.6,0
413,15686302,Fisk,Inventory Clerk,03/01/2003,17/02/2021,,Blue Collar,Temporary,Full Time,Fixed,Active,Medium,Female,20,"1  Years, 10 Months",1,24615.75,1,0.45,0.45,0.53,0,0,1,1,1,24615.75,0
414,15801559,Chiang,Pricing Analyst,18/01/1978,08/11/2010,07/02/2017,White Collar,Temporary,Full Time,Flex and Fixed,Voluntarily Terminated,Medium,Female,45,"6 Years, 2 Months",6,49346.58,1,0.29,0.45,0.54,4,1,1,1,1,50353.65,1
415,15810432,Moseley,Trucking Specialist - Air Logistics,04/02/1980,06/10/2021,,Blue Collar,Temporary,Part Time,Fixed,Active,Low,Male,43,"1  Years, 2 Months",1,31205.98,4,0.67,0.91,0.97,1,0,0,1,0,33197.85,0
416,15809616,Hsiung,Accountant,15/02/1976,27/02/2016,,White Collar,Temporary,Full Time,Fixed,Active,Medium,Male,47,"6 Years, 9 Months",6,35212.35,3,0.36,0.42,0.48,3,1,0,0,0,37459.95,0
417,15720559,Heath,Trucking Team Leader- Air Logistics,03/06/1981,02/08/2021,29/07/2022,White Collar,Temporary,Full Time,Fixed,Voluntarily Terminated,Low,Female,41,"1  Years, 4 Months",1,40882.85,1,0.84,0.22,1,5,0,0,0,0,42586.3,1
418,15695632,Dellucci,Customer Servce Administrative Officer,23/07/1980,12/07/2020,,Blue Collar,Temporary,Full Time,Fixed,Active,Low,Female,42,"2 Years, 5 Months",2,31913.95,3,1,0.11,0.9,1,0,1,1,1,32565.25,0
419,15659843,Li,Inside Sales Executive/ Account Manager,13/06/1984,15/11/2001,,White Collar,Temporary,Full Time,Flex and Fixed,Active,High,Female,38,"21 Years, 1 Months",21,35166.86,2,0.43,0.42,0.53,2,1,0,0,0,37411.55,0
420,15615624,De Salis,Gateway & Procurement Specialist - Air Logistics,25/02/1962,10/07/2011,,Blue Collar,Temporary,Full Time,Fixed,Active,High,Female,61,"11 Years, 5 Months",11,27467.73,4,0.39,0.82,0.85,3,0,0,0,0,33093.65,0
421,15810418,T'ang,Data Engineer,02/04/1990,06/06/2011,14/02/2022,White Collar,Temporary,Full Time,Flex and Fixed,Voluntarily Terminated,Medium,Female,32,"10 Years, 8 Months",10,67490,2,1,0.09,0.96,5,1,0,1,0,71042.1,1
422,15716186,Richardson,Aerospace International Logistics Specialist,29/07/1984,06/11/2020,,Blue Collar,Permanent,Full Time,Fixed,Active,Low,Female,38,"2 Years, 1 Months",2,35473.89,1,0.55,0.1,0.94,2,0,0,1,0,36197.85,0
423,15674551,Fitch,Technical Support Engineer,20/09/1960,23/07/1989,30/04/2018,White Collar,Temporary,Full Time,Flex and Fixed,Voluntarily Terminated,Low,Male,62,"28 Years, 9 Months",28,52721.24,2,1,0.39,1,5,1,0,1,0,59910.5,1
424,15622834,Stevenson,Software Engineer,21/06/1979,12/04/2014,,White Collar,Temporary,Full Time,Flex and Fixed,Active,Medium,Female,43,"8 Years, 8 Months",8,55402.96,2,0.41,0.4,0.46,2,1,0,1,0,65179.95,0
425,15566111,Estes,Trucking Team Leader- Air Logistics,06/04/1956,18/02/2000,,White Collar,Temporary,Full Time,Fixed,Active,High,Male,66,"22 Years, 10 Months",22,25969.86,4,0.43,0.45,0.46,1,0,0,1,0,38760.98,0
426,15784597,Lattimore,Warehouse Manager - Air Logistics,26/09/1985,25/01/2011,,White Collar,Temporary,Full Time,Fixed,Active,Medium,Male,37,"11 Years, 10 Months",11,56966.67,3,0.91,0.42,0.51,1,1,0,1,0,69471.55,0
427,15652883,Chung,IT-Support,26/04/1982,01/01/2015,,White Collar,Temporary,Full Time,Fixed,Active,Low,Male,40,"7 Years, 11 Months",7,32023.65,1,0.52,0.74,0.92,1,0,0,1,0,37236.8,0
428,15806964,Utz,Java Software Engineer ,17/03/1990,17/09/2021,,White Collar,Temporary,Full Time,Flex and Fixed,Active,Medium,Male,32,"1  Years, 3 Months",1,65140.98,4,0.84,0.55,0.6,1,1,1,1,0,68569.45,0
429,15576313,Wei,Operations Specialist,08/12/1999,03/03/2015,,Blue Collar,Temporary,Full Time,Fixed,Active,Low,Female,23,"7 Years, 9 Months",7,30947.36,1,0.46,0.37,0.45,1,0,0,1,0,36842.1,0
430,15806467,Boyle,Software Engineer,10/10/1989,09/03/2018,,White Collar,Permanent,Full Time,Flex and Fixed,Active,Low,Male,33,"4 Years, 9 Months",4,58120.74,2,0.73,0.41,0.52,1,1,0,0,0,66046.3,0
431,15597602,Nwachinemelu,Perishable Customer Care Team Leader - Air Logistics,31/07/1983,26/02/2020,02/09/2021,White Collar,Temporary,Full Time,Fixed,Voluntarily Terminated,Low,Male,39,"1 Years, 6 Months",1,36993.31,2,0.86,0.45,0.65,4,0,1,1,1,42037.85,1
432,15743040,Kuznetsova,Sea Logiscitcs Customer Care Specialist ,10/03/1984,27/07/2019,,Blue Collar,Temporary,Full Time,Fixed,Active,Medium,Male,38,"3 Years, 4 Months",3,33390.46,4,0.35,0.41,0.57,3,0,1,0,1,34423.15,0
433,15705521,Pisani,Business Development Executive,28/04/1988,30/09/2019,,White Collar,Temporary,Full Time,Flex and Fixed,Active,Low,Female,34,"3 Years, 2 Months",3,39190.15,1,0.44,0.44,0.51,1,0,0,1,0,42139.95,0
434,15595039,Manna,Warehouse Specialist - Air Logistics,23/01/1989,19/09/2014,09/01/2015,Blue Collar,Temporary,Full Time,Fixed,Voluntarily Terminated,Medium,Female,34,"0 Years, 3 Months",0,24026.772,2,0.3,0.54,0.84,3,0,0,1,0,27303.15,1
435,15799384,Collier,Sea Logistics Pricing Coordinator,28/05/1998,25/10/2014,,White Collar,Temporary,Full Time,Fixed,Active,Low,Male,24,"8 Years, 1 Months",8,29824.76,3,0.36,0.1,0.84,2,0,0,0,0,34679.95,0
436,15581197,Ricci,Regional Air logistics Trainer Specialist,29/07/1995,27/11/2019,,White Collar,Temporary,Full Time,Fixed,Active,High,Female,27,"3 Years, 0 Months",3,29789.68,1,0.51,0.41,0.47,2,0,1,0,1,33471.55,0
437,15693737,Carr,Sea Logiscitcs Customer Care Specialist ,04/07/1968,09/06/1983,,Blue Collar,Temporary,Full Time,Fixed,Active,High,Female,54,"39 Years, 6 Months",39,31217.99,3,0.49,0.11,0.85,3,0,0,1,0,33932.6,0
438,15624623,Hs?,Network Engineer,13/09/1989,16/10/2020,,White Collar,Permanent,Full Time,Flex and Fixed,Active,High,Male,33,"2 Years, 2 Months",2,67617.89,3,0.53,0.43,0.53,2,1,0,0,0,68997.85,0
439,15783501,Findlay,Trucking Specialist - Air Logistics,29/07/1997,28/10/2020,,Blue Collar,Temporary,Full Time,Fixed,Active,High,Female,25,"2 Years, 1 Months",2,29324.37,1,0.8,0.77,0.9,2,0,0,1,0,33323.15,0
440,15690134,Hughes,Customer Servce Administrative Officer,28/11/1979,16/06/2021,,Blue Collar,Temporary,Full Time,Fixed,Active,High,Female,43,"1  Years, 6 Months",1,34003.15,3,0.49,0.41,0.52,0,0,1,1,1,34003.15,0
441,15782735,Chukwuemeka,Accounts Payable,24/10/1998,06/08/2017,,White Collar,Temporary,Full Time,Fixed,Active,Medium,Female,24,"5 Years, 4 Months",5,35322.13,3,0.83,0.41,0.48,1,1,0,0,0,37980.79,0
442,15611088,Genovese,Internal Trainer,01/02/1985,19/09/2013,,White Collar,Temporary,Full Time,Fixed,Active,High,Female,38,"9 Years, 2 Months",9,27723.53,1,0.77,0.36,0.78,2,0,0,1,0,33004.2,0
443,15672145,Swift,Account Manager ,14/02/1991,27/01/2012,,White Collar,Temporary,Full Time,Fixed,Active,Medium,Female,32,"10  Years, 10 Months",10,27781.57,2,0.98,0.77,1,2,1,1,1,1,32684.2,0
444,15732628,Ugoji,Perishable Operational Care Specialist - Air Logistics,18/03/1994,27/03/2013,,Blue Collar,Permanent,Full Time,Fixed,Active,Low,Male,28,"9 Years, 8 Months",9,32878.76,3,0.95,0.81,0.98,3,0,1,1,1,36130.5,0
445,15787470,Parkinson,Cloud Service Analyst,01/05/1982,12/11/2012,22/07/2015,White Collar,Temporary,Full Time,Flex and Fixed,Voluntarily Terminated,Low,Male,40,"10  Years, 1 Months",10,52641.82,2,0.88,0.39,0.54,5,1,0,0,0,61931.55,1
446,15803406,Ross,Customer Servce Administrative Officer,01/02/1998,10/08/2017,,Blue Collar,Temporary,Full Time,Fixed,Active,High,Female,25,"5 Years, 4 Months",5,30763.89,1,0.4,0.09,0.94,2,0,1,0,1,34182.1,0
447,15730460,Oleary,IT System Engineer,18/02/1958,03/08/1995,,White Collar,Temporary,Full Time,Flex and Fixed,Active,Medium,Male,65,"27 Years, 4 Months",27,43992.68,3,0.52,0.44,0.46,1,1,0,0,0,67681.05,0
448,15644572,Turnbull,Finance Analyst,29/10/1982,19/01/2021,,White Collar,Temporary,Full Time,Flex and Fixed,Active,High,Male,40,"1  Years, 10 Months",1,49800.72,4,0.44,0.1,0.84,1,1,1,1,1,51875.75,0
449,15694860,Uspensky,Project Coordinator,23/05/1982,09/12/2018,03/04/2022,White Collar,Temporary,Full Time,Fixed,Voluntarily Terminated,Medium,Female,40,"3 Years, 3 Months",3,34390.22,4,0.65,0.36,0.48,4,0,0,0,0,35823.15,1
450,15658169,Cook,Branch Air Logistics QSHE Specialist,17/07/1981,15/09/2018,,White Collar,Temporary,Full Time,Fixed,Active,High,Female,41,"4 Years, 3 Months",4,32250.29,4,0.99,0.81,0.92,2,0,0,1,0,35833.65,0
451,15794396,Newbold,Revenue Care Specialist- Air Logistics,17/10/1981,09/09/2012,,White Collar,Temporary,Full Time,Fixed,Active,Medium,Female,41,"10  Years, 3 Months",10,34712.31,4,0.77,0.81,0.9,5,1,0,1,0,42854.7,0
452,15785798,Uchechukwu,Accountant,27/09/1995,03/02/2015,,White Collar,Temporary,Full Time,Fixed,Active,High,Male,27,"7 Years, 10 Months",7,31109.53,4,0.43,0.85,0.98,3,1,1,0,1,34186.3,0
453,15710825,Ch'en,Regional Air logistics Trainer Specialist,17/12/1958,03/11/2005,,White Collar,Temporary,Full Time,Fixed,Active,High,Male,64,"17 Years, 1 Months",17,27079.98,3,0.42,0.1,0.87,5,0,0,0,0,35631.55,0
454,15668444,He,Sea Logiscitcs Customer Care Specialist ,22/05/1982,22/05/1993,,Blue Collar,Temporary,Full Time,Fixed,Active,Low,Female,40,"29 Years, 6 Months",29,34066.09,1,0.37,0.37,0.54,2,0,0,1,0,36240.52,0
455,15726631,Hilton,Gateway & Procurement Team Leader- Air Logistics,18/03/1960,24/02/2014,,White Collar,Temporary,Full Time,Fixed,Active,High,Female,62,"8 Years, 9 Months",8,34333.85,1,0.36,0.09,0.97,3,0,1,0,1,39464.2,0
456,15733797,Sal,Human Resoruces Coordinator,07/01/1987,20/06/2012,,White Collar,Temporary,Full Time,Fixed,Active,Low,Male,36,"10  Years, 5 Months",10,28073.21,3,0.73,0.44,0.53,1,0,0,1,0,33823.15,0
457,15747960,Eluemuno,Analyst Programmer ,04/07/1982,04/10/1987,,White Collar,Temporary,Full Time,Flex and Fixed,Active,Low,Male,40,"35  Years, 2 Months",35,52682.11,4,0.94,0.86,0.93,4,1,1,1,1,62716.8,0
458,15634632,Titus,Internal Trainer,12/06/1986,25/04/2004,,White Collar,Temporary,Full Time,Fixed,Active,Low,Male,36,"18 Years, 7 Months",18,32128.44,2,0.82,0.77,1,2,0,0,1,0,33122.1,0
459,15707362,Yin,Air Imports Operations Manager,05/12/1985,07/03/2013,30/07/2018,White Collar,Permanent,Full Time,Fixed,Terminated for Cause,Low,Male,37,"5 Years, 4 Months",5,56716.93,2,0.65,0.41,0.48,4,1,1,0,1,68333.65,1
460,15662976,Lettiere,Perishable Apprentice- Air Logistics,25/07/2001,25/10/2022,,Blue Collar,Apprentice,Full Time,Fixed,Active,High,Male,21,"0 Years, 1 Months",0,23994.7,2,0.55,0.4,0.48,0,0,1,1,1,23994.7,0
461,15732778,Templeman,National Perishable Air Logistics Development Manager Retail,01/05/1987,24/03/2014,,White Collar,Temporary,Full Time,Flex and Fixed,Active,Medium,Male,35,"8 Years, 8 Months",8,30800.59,2,0.52,0.43,0.49,2,1,1,1,1,33478.9,0
462,15718443,Chibuzo,Accounts Payable,26/05/1997,01/05/2014,,White Collar,Temporary,Full Time,Fixed,Active,Medium,Male,25,"8 Years, 7 Months",8,28951.03,1,0.92,0.43,0.5,1,1,0,1,0,32898.9,0
463,15670039,Sun,Accounts Payable,22/05/1998,19/11/2013,,White Collar,Temporary,Full Time,Fixed,Active,High,Female,24,"9 Years, 0 Months",9,32569.24,1,0.73,0.8,0.53,1,1,0,1,0,37010.5,0
464,15773792,Evans,Regional Air logistics Trainer Specialist,03/05/1968,04/11/1991,,White Collar,Temporary,Full Time,Fixed,Active,Low,Female,54,"31  Years, 1 Months",31,27075.02,4,0.85,0.8,0.85,1,0,1,1,1,32620.51,0
465,15613786,Ogbonnaya,National Perishable Air Logistics Development Manager Retail,25/08/1960,15/08/2004,,White Collar,Temporary,Full Time,Flex and Fixed,Active,Medium,Male,62,"18 Years, 4 Months",18,35562.43,3,0.52,0.82,0.98,1,1,1,1,1,37044.2,0
466,15726032,Enyinnaya,Data Engineer,07/01/1981,31/05/2015,,White Collar,Temporary,Full Time,Flex and Fixed,Active,Low,Male,42,"7 Years, 6 Months",7,63351.84,2,0.92,0.37,0.54,1,1,0,1,0,68120.26,0
467,15663252,Olisanugo,Data Analyst,18/04/1979,29/12/2015,,White Collar,Temporary,Full Time,Flex and Fixed,Active,High,Female,43,"6 Years, 11 Months",6,39623.22,1,0.46,0.37,0.48,2,1,1,1,1,47170.5,0
468,15593782,Brookes,National Service Excellence Specialist- Air Logistics,24/02/1968,29/01/2003,04/01/2015,White Collar,Temporary,Full Time,Flex and Fixed,Voluntarily Terminated,Medium,Female,55,"11 Years, 11 Months",11,33436.27,2,0.27,0.09,0.95,4,0,0,1,0,36743.15,1
469,15633283,Padovano,Gateway & Procurement Specialist - Air Logistics,08/04/1983,27/12/2012,,Blue Collar,Temporary,Full Time,Fixed,Active,Medium,Male,39,"9  Years, 11 Months",9,27289.49,4,0.85,0.9,0.92,1,0,0,1,0,32878.9,0
470,15749167,Fisk,Material Handler ,11/09/2001,08/05/2015,,Blue Collar,Temporary,Full Time,Fixed,Active,Medium,Male,21,"7 Years, 7 Months",7,21622.21,2,0.86,0.41,0.52,2,0,1,1,1,25142.1,0
471,15759298,Shih,Account Manager ,08/05/1981,20/05/2020,,White Collar,Temporary,Full Time,Fixed,Active,Medium,Male,41,"2 Years, 6 Months",2,28513.85,2,0.72,0.1,0.85,1,1,1,1,1,32402.1,0
472,15683625,Hare,Business Analyst,06/11/1981,24/06/2008,04/04/2015,White Collar,Temporary,Full Time,Flex and Fixed,Voluntarily Terminated,Medium,Male,41,"6 Years, 9 Months",6,49250.02,2,0.74,0.44,0.53,4,1,0,1,0,51302.1,1
473,15635367,Muir,Regional Air logistics Trainer Specialist,08/08/1990,09/10/2020,,White Collar,Permanent,Full Time,Fixed,Active,Low,Male,32,"2 Years, 2 Months",2,31614.75,4,0.74,0.89,0.85,2,0,0,1,0,32259.95,0
474,15681705,Fanucci,Transport Controller,28/06/1970,05/12/2018,,Blue Collar,Temporary,Full Time,Fixed,Active,Low,Male,52,"4 Years, 0 Months",4,25329.36,4,0.48,0.42,0.56,2,0,0,1,0,28459.95,0
475,15603156,Elewechi,Project Coordinator,17/04/1956,27/12/2004,,White Collar,Temporary,Full Time,Fixed,Active,Medium,Female,66,"17 Years, 11 Months",17,30956.34,4,0.59,0.87,1,2,0,0,1,0,37296.8,0
476,15591986,Johnston,National Perishable Air Logistics Development Manager Seafood,19/03/1985,29/10/2015,24/01/2019,White Collar,Temporary,Full Time,Flex and Fixed,Voluntarily Terminated,High,Male,37,"3 Years, 2 Months",3,31820.9,2,0.26,0.45,0.57,4,1,0,0,1,37001.05,1
477,15798888,Pisano,IT System Engineer,11/01/1984,05/12/1985,,White Collar,Temporary,Full Time,Flex and Fixed,Active,Medium,Female,39,"37 Years, 0 Months",37,63749.34,1,0.88,0.11,0.87,3,1,1,1,1,70832.6,0
478,15809722,Ankudinov,BI Developer,15/09/1985,24/03/1985,,White Collar,Temporary,Full Time,Flex and Fixed,Active,Medium,Female,37,"37 Years, 8 Months",37,56250.8,3,0.44,0.09,0.79,1,1,0,1,0,63203.15,0
479,15677538,Nwokike,Trucking Team Leader- Air Logistics,19/01/1981,23/08/2020,,White Collar,Temporary,Full Time,Fixed,Active,Medium,Male,42,"2 Years, 3 Months",2,36767.32,4,0.95,0.76,0.83,1,0,1,1,1,41781.05,0
480,15797736,Smith,Accounting Coordinator,26/08/1977,13/09/2020,,White Collar,Permanent,Full Time,Fixed,Active,Medium,Male,45,"2 Years, 3 Months",2,32428.97,1,0.51,0.11,0.96,2,1,1,1,1,34498.9,0
481,15695585,Atkins,Warehouse Apprentice- Air Logistics,24/07/2003,20/02/2022,,Blue Collar,Apprentice,Full Time,Fixed,Active,Medium,Male,19,"0 Years, 9 Months",0,23405.25,3,0.49,0.37,0.49,0,0,1,1,1,23405.25,0
482,15744398,Burns,Data Analyst,20/11/1981,21/10/2018,,White Collar,Temporary,Full Time,Flex and Fixed,Active,High,Female,41,"4 Years, 1 Months",4,47647.3,4,0.38,0.1,0.79,2,1,0,1,0,49632.6,0
483,15750658,Obiuto,Accounting Coordinator,30/12/1987,08/07/2020,,White Collar,Temporary,Full Time,Fixed,Active,Medium,Male,35,"2  Years, 5 Months",2,37241.05,4,0.77,0.77,0.87,0,1,0,0,0,37241.05,0
484,15578186,Pirozzi,Operations Specialist,21/09/1959,16/06/1997,,Blue Collar,Temporary,Full Time,Fixed,Active,Low,Male,63,"25 Years, 6 Months",25,28569.04,3,0.46,0.42,0.54,1,0,0,1,0,32100.05,0
485,15676519,George,Customer Servce Administrative Officer,06/12/1988,10/09/2014,21/11/2018,Blue Collar,Temporary,Full Time,Fixed,Terminated for Cause,High,Male,34,"4 Years, 2 Months",4,32099.58,2,0.89,0.38,0.52,4,0,0,1,0,36476.8,1
486,15637954,Lewis,Accounting Coordinator,28/09/1983,07/09/2013,,White Collar,Temporary,Full Time,Fixed,Active,Low,Female,39,"9 Years, 3 Months",9,27490.09,3,0.99,0.32,0.95,3,1,1,1,1,32726.3,0
487,15758639,Moran,Perishable Customer Care Team Leader - Air Logistics,15/02/1990,19/10/2019,,White Collar,Temporary,Full Time,Fixed,Active,Low,Male,33,"3 Years, 1 Months",3,37534.88,3,0.54,0.38,0.49,1,0,0,1,0,38695.75,0
488,15613772,Dalrymple,Cloud Service Analyst,15/06/1957,05/05/2019,11/04/2021,White Collar,Temporary,Full Time,Flex and Fixed,Voluntarily Terminated,Medium,Male,65,"1 Years, 11 Months",1,56760.98,1,0.91,0.19,1,4,1,1,1,1,59748.4,1
489,15731744,Carslaw,Data Engineer,18/04/1984,01/04/1997,,White Collar,Temporary,Full Time,Flex and Fixed,Active,Low,Male,38,"25 Years, 8 Months",25,61165.47,4,0.5,0.1,0.83,1,1,1,0,0,68725.25,0
490,15807709,Kirby,Network Engineer,25/12/1982,13/02/1983,,White Collar,Temporary,Full Time,Flex and Fixed,Active,Medium,Female,40,"39  Years, 10 Months",39,58567.23,1,0.54,0.76,0.88,3,1,1,1,1,65074.7,0
491,15714689,Houghton,Gateway & Procurement Specialist - Air Logistics,01/12/1990,14/11/2017,,Blue Collar,Temporary,Full Time,Fixed,Active,Low,Male,32,"5 Years, 1 Months",5,32872.27,4,0.54,0.53,0.56,1,0,1,1,1,34970.5,0
492,15699005,Martin,Cloud Service Analyst,06/04/1957,26/09/2014,,White Collar,Temporary,Full Time,Flex and Fixed,Active,High,Female,65,"8 Years, 2 Months",8,60927.97,3,0.48,0.39,0.51,7,1,1,1,1,64134.7,0
493,15624170,Tan,Operations Specialist,20/05/1994,18/08/2016,,Blue Collar,Temporary,Full Time,Fixed,Active,Medium,Female,28,"6 Years, 4 Months",6,33457.04,2,0.98,0.11,0.83,1,0,1,0,1,35592.6,0
494,15725679,Hsia,Data Engineer,12/08/1978,22/10/2020,,White Collar,Temporary,Full Time,Flex and Fixed,Active,High,Female,44,"2 Years, 1 Months",2,69387.09,1,0.82,0.1,0.94,2,1,0,0,0,70803.15,0
495,15585865,Westerberg,Technical Support Engineer,21/12/1981,28/11/2008,19/11/2013,White Collar,Temporary,Full Time,Flex and Fixed,Voluntarily Terminated,Low,Female,41,"16  Years, 0 Months",16,55023.28,2,0.95,0.2,1,5,1,0,0,0,59037.85,1
496,15804256,Hale,Business Development Executive,10/01/1967,16/04/1997,,White Collar,Temporary,Full Time,Flex and Fixed,Active,Low,Male,56,"25 Years, 8 Months",25,39466.02,2,0.83,0.82,0.99,2,0,1,1,0,42897.85,0
497,15662403,Kryukova,Material Handler ,19/03/2004,08/08/2020,,Blue Collar,Fixed Term,Full Time,Fixed,Active,Low,Female,18,"2 Years, 4 Months",2,26740.57,1,0.41,0.1,0.82,1,0,0,1,0,27286.3,0
498,15733616,Sopuluchukwu,Warehouse Manager - Air Logistics,22/02/1984,09/04/2005,,White Collar,Temporary,Full Time,Fixed,Active,High,Male,39,"17 Years, 8 Months",17,58827.61,4,0.51,0.59,0.49,3,1,1,1,1,68404.2,0
499,15591995,Barry,Sales Account Manager,15/10/1971,04/05/2018,,White Collar,Temporary,Full Time,Fixed,Active,High,Male,51,"4 Years, 7 Months",4,30954.6,2,0.5,0.44,0.48,2,1,1,1,1,33646.3,0
500,15677020,Selezneva,Sales Account Manager,11/05/1999,21/12/2014,17/08/2021,White Collar,Temporary,Full Time,Fixed,Voluntarily Terminated,Medium,Female,23,"6 Years, 7 Months",6,29393.85,2,0.23,0.23,0.95,5,1,1,0,1,33402.1,1
501,15727688,Chizuoke,Accounting Coordinator,27/02/1981,18/04/2015,,White Collar,Temporary,Full Time,Fixed,Active,High,Male,42,"7 Years, 8 Months",7,33096.29,4,0.66,0.91,0.84,1,1,1,1,1,36773.65,0
502,15715941,Lueck,Internal Trainer,09/02/1984,25/01/2009,,White Collar,Temporary,Full Time,Fixed,Active,Medium,Male,39,"13 Years, 10 Months",13,26902.97,3,0.4,0.66,0.57,2,0,1,1,1,32027.35,0
503,15714485,Udinese,Accounts Payable,17/06/1980,18/02/2013,,White Collar,Temporary,Full Time,Fixed,Active,Low,Male,42,"9 Years, 10 Months",9,26960.14,2,0.55,0.11,0.87,2,1,0,1,0,32482.1,0
504,15730059,Udobata,Trucking Specialist - Air Logistics,04/09/1997,07/06/2016,,Blue Collar,Temporary,Full Time,Fixed,Active,Low,Male,25,"6 Years, 6 Months",6,29913.71,2,0.83,0.43,0.51,1,0,1,1,1,35192.6,0
505,15715527,Freeman,Perishable Warehouse Specialist - Air Logistics,16/10/1981,28/02/2007,,Blue Collar,Temporary,Full Time,Fixed,Active,High,Female,41,"15  Years, 9 Months",15,29971.74,4,0.6,0.78,0.83,5,0,0,0,0,35680.64,0
506,15576623,Outlaw,Accounts Payable,15/09/1985,27/04/2015,,White Collar,Temporary,Full Time,Fixed,Active,High,Male,37,"7 Years, 7 Months",7,28148.39,4,0.78,0.11,0.97,1,1,0,1,0,33115.75,0
507,15805565,Obiuto,Warehouse Specialist - Air Logistics,08/06/1990,14/06/2018,,Blue Collar,Temporary,Full Time,Fixed,Active,Medium,Male,32,"4 Years, 6 Months",4,24984.24,3,0.92,0.83,0.98,3,0,0,1,0,26025.25,0
508,15677307,Lo,Road Logistics Sales Representative,20/01/2002,17/01/2020,,White Collar,Temporary,Full Time,Fixed,Active,Medium,Female,21,"2 Years, 11 Months",2,30239.89,3,0.67,0.39,0.54,1,0,0,1,0,32869.45,0
509,15773890,Okechukwu,Project Coordinator,07/01/1986,06/08/2020,,White Collar,Permanent,Full Time,Fixed,Active,Low,Male,37,"2 Years, 4 Months",2,31236.39,2,0.8,0.38,0.55,2,0,1,1,1,33952.6,0
510,15598883,King,Transport Controller,10/06/2003,06/09/2021,,Blue Collar,Temporary,Full Time,Fixed,Active,Low,Female,19,"1  Years, 3 Months",1,23559.41,3,0.77,0.37,0.57,1,0,1,1,1,24541.05,0
511,15568506,Forbes,Aerospace International Logistics Specialist,05/03/1979,09/05/2013,,Blue Collar,Temporary,Full Time,Fixed,Active,High,Female,44,"9 Years, 7 Months",9,32425.97,4,0.49,0.44,0.48,1,0,1,1,1,34132.6,0
512,15761043,Macleod,Sales Account Manager,30/09/1987,04/01/2021,,White Collar,Temporary,Full Time,Fixed,Active,Medium,Female,35,"1  Years, 11 Months",1,36125.25,4,0.42,0.53,0.85,0,1,0,1,0,36125.25,0
513,15782236,Gibbs,National Perishable Air Logistics Development Manager Retail,06/02/1956,03/09/1995,,White Collar,Temporary,Full Time,Flex and Fixed,Active,Low,Male,67,"27 Years, 3 Months",27,21938.94,4,0.69,0.09,0.96,3,1,0,0,0,32263.15,0
514,15593601,Isayev,Internal Trainer,07/08/1982,04/05/1995,,White Collar,Temporary,Full Time,Fixed,Active,Medium,Male,40,"27 Years, 7 Months",27,30322.88,1,0.46,0.11,0.89,2,0,1,1,1,32605.25,0
515,15682048,Pisano,Project Coordinator,08/10/1983,04/07/1984,15/04/2020,White Collar,Temporary,Full Time,Fixed,Voluntarily Terminated,Medium,Female,39,"35 Years, 9 Months",35,33894.05,1,0.98,0.43,0.96,5,0,1,1,1,35306.3,1
516,15746902,Belstead,National Perishable Air Logistics Development Manager Seafood,08/10/1979,12/11/2021,,White Collar,Permanent,Full Time,Flex and Fixed,Active,Medium,Male,43,"1  Years, 1 Months",1,33549.45,2,0.78,0.88,1,0,1,0,1,0,33549.45,0
517,15752081,Vassiliev,Gateway & Procurement Specialist - Air Logistics,08/03/2000,30/06/2013,24/08/2018,Blue Collar,Temporary,Full Time,Fixed,Voluntarily Terminated,High,Female,22,"5 Years, 1 Months",5,33191.98,2,0.26,0.1,0.89,4,0,1,0,1,36474.7,1
518,15781307,Schneider,Trucking Team Leader- Air Logistics,20/12/1960,06/11/1995,,White Collar,Temporary,Full Time,Fixed,Active,Low,Male,62,"27 Years, 1 Months",27,34390.8,1,0.75,0.09,0.86,1,0,0,1,0,41434.7,0
519,15775912,Mazzanti,Customer Brokerage Specialist,14/01/1987,24/08/2005,,Blue Collar,Temporary,Full Time,Fixed,Active,Medium,Male,36,"17  Years, 3 Months",17,27449.39,2,0.86,0.44,0.54,4,1,1,0,0,32677.85,0
520,15745417,Knipe,Stock Investigator & Analyst,04/08/1979,21/05/2006,,White Collar,Temporary,Full Time,Flex and Fixed,Active,Low,Male,43,"16  Years, 6 Months",16,41400.99,1,0.79,0.39,0.51,2,1,1,0,1,47587.35,0
521,15671256,Macartney,Data Analyst,27/05/1991,30/07/2011,11/12/2017,White Collar,Temporary,Full Time,Flex and Fixed,Voluntarily Terminated,Medium,Female,31,"11  Years, 4 Months",11,44960.3,2,0.69,0.47,0.94,6,1,0,1,0,46833.65,1
522,15653547,Madukwe,IT-Support,08/10/1982,06/05/1994,,White Collar,Temporary,Full Time,Fixed,Active,Low,Male,40,"28 Years, 7 Months",28,36300.78,2,0.6,0.74,0.99,2,0,1,1,1,38617.85,0
523,15595766,Watts,Business Development Manager,17/03/1989,29/05/2012,,White Collar,Temporary,Full Time,Flex and Fixed,Active,Low,Male,33,"10  Years, 6 Months",10,46727.01,2,0.77,0.1,0.95,4,1,1,1,1,51918.9,0
524,15742358,Humphreys,National Perishable Air Logistics Development Manager Seafood,28/02/1988,28/10/2015,,White Collar,Temporary,Full Time,Flex and Fixed,Active,Medium,Male,35,"7 Years, 1 Months",7,29581.25,4,0.55,0.74,0.82,2,1,1,1,1,34396.8,0
525,15763274,Wu,Java Software Engineer ,17/11/1983,25/09/2018,,White Collar,Temporary,Full Time,Flex and Fixed,Active,Medium,Male,39,"4 Years, 2 Months",4,66985.39,4,0.9,0.75,0.99,1,1,0,0,0,71261.05,0
526,15786063,Chin,Stock Investigator & Analyst,09/06/1956,21/07/2019,,White Collar,Temporary,Full Time,Flex and Fixed,Active,High,Female,66,"3 Years, 4 Months",3,46389.45,3,0.53,0.41,0.56,2,1,1,1,1,46389.45,0
527,15600258,Chesnokova,Senior DevOps Engineer,26/09/1991,13/09/2016,,White Collar,Temporary,Full Time,Flex and Fixed,Active,Low,Male,31,"6 Years, 3 Months",6,64863.95,3,0.89,0.41,0.45,11,1,1,1,1,69004.2,0
528,15573318,Kung,National Service Excellence Specialist- Air Logistics,29/10/1999,17/03/2012,,White Collar,Temporary,Full Time,Flex and Fixed,Active,Low,Male,23,"10  Years, 9 Months",10,26996.83,1,0.51,0.09,0.9,2,0,0,1,0,32526.3,0
529,15653849,Lu,Network Engineer,21/04/1958,14/06/1998,,White Collar,Temporary,Full Time,Flex and Fixed,Active,Low,Female,64,"24 Years, 6 Months",24,43175.05,2,0.47,0.09,0.8,2,1,0,1,0,66423.15,0
530,15694272,Nkemakolam,Stock Investigator & Analyst,24/05/1961,29/08/2002,,White Collar,Temporary,Full Time,Flex and Fixed,Active,Low,Male,61,"20 Years, 3 Months",20,48107.18,1,0.65,0.39,0.57,4,1,1,1,0,51177.85,0
531,15736112,Walton,Accountant,29/10/1979,02/04/2013,,White Collar,Temporary,Part Time,Fixed,Active,High,Female,43,"9 Years, 8 Months",9,30343.22,4,0.59,0.4,0.56,2,1,1,1,1,33344.2,0
532,15749851,Brookes,National Air Logistics Pharma Compliance Specialist,10/11/1979,01/11/2018,,Blue Collar,Temporary,Part Time,Fixed,Active,Medium,Female,43,"4 Years, 1 Months",4,32269,1,0.98,0.37,0.54,3,0,1,0,0,34697.85,0
533,15663478,Baldwin,Gateway & Procurement Team Leader- Air Logistics,13/10/1961,30/10/1991,,White Collar,Temporary,Part Time,Fixed,Active,High,Male,61,"31  Years, 1 Months",31,35453.23,1,0.81,0.1,0.84,1,0,1,1,1,38039.95,0
534,15592300,Mai,Branch Air Logistics QSHE Specialist,30/05/1987,28/05/2020,,White Collar,Temporary,Part Time,Fixed,Active,High,Male,35,"2 Years, 6 Months",2,31915.26,4,0.7,0.43,0.51,1,0,0,1,0,34690.5,0
535,15567832,Shih,Data Engineer,09/02/1964,30/01/1990,,White Collar,Permanent,Part Time,Flex and Fixed,Active,Low,Female,59,"32 Years, 10 Months",32,64354,3,0.44,0.75,0.85,2,1,0,1,0,69197.85,0
536,15776780,He,Business Analyst,10/10/1981,18/01/2012,07/08/2021,White Collar,Temporary,Part Time,Flex and Fixed,Voluntarily Terminated,Medium,Male,41,"10  Years, 11 Months",10,37924.16,1,0.3,0.37,0.56,5,1,0,1,0,46819.95,1
537,15592846,Fiorentini,Analyst Programmer ,21/06/1978,29/01/2016,,White Collar,Temporary,Part Time,Flex and Fixed,Active,Medium,Male,44,"6 Years, 10 Months",6,60094.67,3,0.47,0.11,0.85,2,1,0,1,0,63930.5,0
538,15739803,Lucciano,Sales Specialist-Air Logitics ,02/06/2002,22/09/2015,,Blue Collar,Temporary,Full Time,Fixed,Active,Low,Male,20,"7 Years, 2 Months",7,30262.73,2,0.58,0.45,0.45,1,0,0,1,0,33625.25,0
539,15794142,Ferreira,IT-Support,13/09/1981,14/08/2012,23/12/2018,White Collar,Temporary,Full Time,Fixed,Voluntarily Terminated,Low,Female,41,"10  Years, 4 Months",10,32246.71,2,0.27,0.3,1,10,0,1,0,1,39325.25,1
540,15762729,Ukaegbunam,Gateway & Procurement Specialist - Air Logistics,23/03/1978,28/08/2014,08/09/2018,Blue Collar,Temporary,Full Time,Fixed,Voluntarily Terminated,High,Female,44,"4 Years, 0 Months",4,29827.51,1,0.67,0.11,0.94,4,0,0,1,0,34683.15,1
541,15667896,De Luca,Business Development Executive,23/09/1961,17/07/1991,,White Collar,Temporary,Full Time,Flex and Fixed,Active,High,Male,61,"31 Years, 5 Months",31,37229.67,3,0.91,0.45,0.54,2,0,1,1,1,41366.3,0
542,15626578,Milne,Warehouse Quality Control Specialist - Air Logistics,13/02/1957,20/02/2003,,Blue Collar,Temporary,Full Time,Fixed,Active,High,Male,66,"19 Years, 9 Months",19,17335.93,4,0.89,0.81,0.87,4,0,1,1,1,24416.8,0
543,15776223,Davide,National Air Logistics Pharma Compliance Specialist,27/09/1988,29/09/2021,,Blue Collar,Temporary,Full Time,Fixed,Active,High,Female,34,"1  Years, 2 Months",1,34483.15,1,0.87,0.77,0.91,1,0,1,1,1,36684.2,0
544,15705953,Kodilinyechukwu,IT-Support,10/04/1979,25/12/2017,27/05/2018,White Collar,Temporary,Full Time,Fixed,Voluntarily Terminated,Medium,Male,43,"0 Years, 5 Months",0,36243.944,1,0.27,0.24,0.92,3,0,0,1,0,41186.3,1
545,15802593,Little,IT System Engineer,19/10/1982,05/06/2013,13/05/2021,White Collar,Permanent,Full Time,Flex and Fixed,Voluntarily Terminated,Medium,Female,40,"7 Years, 11 Months",7,59795.6,2,0.77,0.43,0.49,4,1,1,0,1,65709.45,1
546,15615457,Burns,IT System Engineer,26/11/1956,03/05/1990,,White Collar,Permanent,Full Time,Flex and Fixed,Active,Medium,Female,66,"32 Years, 7 Months",32,37720.16,4,0.92,0.78,1,3,1,0,1,0,68582.1,0
547,15708916,Paterson,Perishable Operational Care Specialist - Air Logistics,29/10/1980,01/08/2016,,Blue Collar,Permanent,Full Time,Fixed,Active,Low,Male,42,"6 Years, 4 Months",6,28469.78,4,0.87,0.37,0.47,1,0,0,1,0,33892.6,0
548,15720187,Han,Business Development Executive,19/11/1989,11/07/2015,,White Collar,Permanent,Full Time,Flex and Fixed,Active,Medium,Female,33,"7 Years, 5 Months",7,37536.97,4,0.96,0.37,0.5,2,0,0,1,0,40801.05,0
549,15595440,Kryukova,Internal Trainer,22/10/1982,18/02/1989,,White Collar,Permanent,Full Time,Fixed,Active,High,Male,40,"33 Years, 10 Months",33,29668.76,3,0.46,0.85,0.82,4,0,1,1,1,35319.95,0
550,15600651,Ijendu,Human Resoruces Coordinator,23/06/1998,07/09/2021,,White Collar,Permanent,Full Time,Fixed,Active,Medium,Male,24,"1  Years, 3 Months",1,31166.3,1,0.56,0.41,0.47,0,0,1,1,1,31166.3,0
551,15750141,Reichard,Human Resoruces Coordinator,29/09/1956,20/08/2012,,White Collar,Permanent,Full Time,Fixed,Active,Low,Female,66,"10 Years, 3 Months",10,28712.22,1,0.4,0.11,0.96,2,0,0,1,0,33386.3,0
552,15657284,Day,Business Development Executive,06/05/1985,05/10/2016,31/08/2021,White Collar,Permanent,Full Time,Flex and Fixed,Voluntarily Terminated,High,Male,37,"4 Years, 10 Months",4,38762.75,2,0.27,0.49,0.99,6,0,1,1,1,43553.65,1
553,15763063,Price,Warehouse Quality Control Specialist - Air Logistics,17/06/1980,23/12/2019,,Blue Collar,Permanent,Part Time,Fixed,Active,Medium,Female,42,"2 Years, 11 Months",2,22080.29,1,0.56,0.82,0.85,1,0,0,1,0,24533.65,0
554,15709324,Bruce,Inventory Clerk,18/04/2004,14/02/2021,,Blue Collar,Fixed Term,Full Time,Fixed,Active,Medium,Male,18,"1  Years, 10 Months",1,25742.1,2,0.35,0.79,1,0,0,0,1,0,25742.1,0
555,15711309,Sumrall,Sea Logistics Pricing Coordinator,14/10/1978,17/09/2014,,White Collar,Permanent,Full Time,Fixed,Active,Medium,Male,44,"8 Years, 3 Months",8,31960.75,3,0.56,0.43,0.53,2,0,0,1,0,34739.95,0
556,15775318,Lu,Perishable Operational Care Specialist - Air Logistics,03/07/1994,11/01/2020,16/01/2021,Blue Collar,Permanent,Full Time,Fixed,Voluntarily Terminated,High,Female,28,"1 Years, 0 Months",1,31323.34,2,0.7,0.1,0.9,3,0,1,0,1,35594.7,1
557,15705515,Lazarev,Senior DevOps Engineer,14/11/1982,09/07/2014,,White Collar,Permanent,Full Time,Flex and Fixed,Active,Low,Male,40,"8 Years, 5 Months",8,63453.83,3,0.59,0.46,0.48,2,1,0,1,0,68971.55,0
558,15634844,Miller,IT-Support,14/11/1958,22/05/2010,19/11/2021,White Collar,Permanent,Full Time,Fixed,Voluntarily Terminated,High,Male,64,"11 Years, 5 Months",11,29197.5,2,0.98,0.43,0.57,5,0,0,1,0,36046.3,1
559,15717046,Wentworth-Shields,Cloud Service Analyst,25/08/1968,18/06/2016,,White Collar,Temporary,Full Time,Flex and Fixed,Active,Low,Male,54,"6  Years, 6 Months",6,55781.96,4,0.96,0.43,0.55,1,1,1,1,1,61979.95,0
560,15571816,Ritchie,Perishable Warehouse Specialist - Air Logistics,08/06/1982,16/09/1990,,Blue Collar,Permanent,Full Time,Fixed,Active,Medium,Female,40,"32 Years, 3 Months",32,31494.09,4,0.69,0.11,0.8,4,0,1,1,1,36200.1,0
561,15670080,Mackenzie,Account Manager ,14/07/1981,19/10/2012,,White Collar,Permanent,Full Time,Fixed,Active,Medium,Female,41,"10  Years, 1 Months",10,26251.19,1,0.47,0.09,0.86,5,1,1,0,1,32013.65,0
562,15800440,Power,Pricing Analyst,18/06/1980,18/03/2021,,White Collar,Permanent,Full Time,Flex and Fixed,Active,Medium,Male,42,"1  Years, 9 Months",1,49695.65,3,0.5,0.37,0.53,1,1,1,0,1,51766.3,0
563,15665678,Tan,Warehouse Manager - Air Logistics,31/10/1978,17/11/2016,,White Collar,Permanent,Full Time,Fixed,Active,Medium,Male,44,"6 Years, 1 Months",6,63288.95,3,0.59,0.4,0.57,1,1,1,1,1,70321.05,0
564,15665956,Pendergrass,Project Coordinator,28/06/1983,26/04/2010,13/09/2013,White Collar,Permanent,Full Time,Fixed,Voluntarily Terminated,Medium,Female,39,"3 Years, 4 Months",3,29713.28,1,0.92,0.1,0.77,8,0,0,1,1,34956.8,1
565,15788126,Evans,Apprentice,02/07/2004,12/06/2022,,Blue Collar,Apprentice,Full Time,Fixed,Active,Medium,Female,18,"0 Years, 6 Months",0,23294.7,1,0.97,0.41,0.53,0,0,1,1,0,23294.7,0
566,15811773,Hsia,Warehouse Quality Control Specialist - Air Logistics,21/04/1994,18/11/2021,,Blue Collar,Permanent,Full Time,Fixed,Active,Medium,Male,28,"1  Years, 1 Months",1,26880.96,3,0.69,0.79,0.58,1,0,1,1,1,28295.75,0
567,15651674,Billson,Accountant,25/11/1979,12/09/2016,12/01/2021,White Collar,Permanent,Full Time,Fixed,Voluntarily Terminated,Medium,Female,43,"4 Years, 4 Months",4,30154.31,2,0.72,0.11,0.79,6,1,0,0,0,35063.15,1
568,15689614,Teng,Operations Specialist,08/06/1995,11/01/2015,,Blue Collar,Permanent,Full Time,Fixed,Active,High,Female,27,"7 Years, 11 Months",7,30782.95,3,0.83,0.1,0.97,3,0,1,1,1,33099.95,0
569,15795564,Moretti,Transport Controller,19/12/1981,05/05/2020,,Blue Collar,Fixed Term,Full Time,Fixed,Active,High,Male,41,"2 Years, 7 Months",2,27442.06,4,0.59,0.44,0.51,2,0,1,1,1,28002.1,0
570,15706647,Jordan,Warehouse Shift Manager - Air Logistics,22/05/1984,13/04/2015,,White Collar,Permanent,Full Time,Fixed,Active,High,Male,38,"7  Years, 8 Months",7,59345.8,3,0.68,0.25,0.46,3,1,1,1,1,63675.75,0
571,15728505,Ts'ao,Aerospace International Logistics Specialist,13/02/1990,30/11/2021,,Blue Collar,Permanent,Full Time,Fixed,Active,High,Male,33,"1  Years, 0 Months",1,30923.97,3,0.44,0.44,0.52,1,0,1,1,1,32551.55,0
572,15730076,Osborne,Customer Brokerage Specialist,17/10/1981,26/01/2014,12/08/2017,Blue Collar,Permanent,Full Time,Fixed,Voluntarily Terminated,Low,Male,41,"3 Years, 6 Months",3,32376.56,2,0.18,0.45,1,4,1,0,1,0,34443.15,1
573,15622003,Carslaw,National Service Excellence Specialist- Air Logistics,28/10/1979,16/02/2019,,White Collar,Permanent,Full Time,Flex and Fixed,Active,High,Male,43,"3 Years, 10 Months",3,32363.27,4,0.37,0.75,0.97,2,0,0,1,0,33364.2,0
574,15607312,Ch'ang,Material Handler ,29/01/2002,06/03/2013,16/06/2019,Blue Collar,Fixed Term,Full Time,Fixed,Voluntarily Terminated,High,Female,21,"6 Years, 3 Months",6,21630.33,2,0.19,0.36,0.47,6,0,1,1,1,25151.55,1
575,15644753,Hung,Regional Air logistics Trainer Specialist,16/08/1994,07/03/2013,,White Collar,Permanent,Full Time,Fixed,Active,Low,Male,28,"9 Years, 9 Months",9,29626.15,3,0.96,0.37,0.49,1,0,1,1,1,36129.45,0
576,15653620,Gordon,Transport Controller,22/02/1978,13/11/2014,,Blue Collar,Fixed Term,Full Time,Fixed,Active,Medium,Female,45,"8 Years, 1 Months",8,24766.35,4,0.54,0.39,0.49,1,0,1,1,1,26919.95,0
577,15761986,Obialo,Trucking Specialist - Air Logistics,13/03/1997,30/04/2013,,Blue Collar,Permanent,Full Time,Fixed,Active,Low,Female,25,"9 Years, 7 Months",9,27787.49,3,0.5,0.48,0.78,2,0,0,1,0,33478.9,0
578,15633922,Gray,Accounting Coordinator,15/09/1980,11/05/2013,,White Collar,Permanent,Full Time,Fixed,Active,Medium,Male,42,"9 Years, 7 Months",9,31550.29,1,0.73,0.57,0.72,2,1,1,0,1,35852.6,0
579,15734674,Lin,Business Development Executive,15/02/1981,23/09/2017,,White Collar,Permanent,Full Time,Flex and Fixed,Active,Low,Female,42,"5 Years, 2 Months",5,38640.95,2,0.48,0.9,0.96,2,0,0,1,0,43416.8,0
580,15658032,Hopkins,Operations Specialist,03/07/1984,05/04/2018,,Blue Collar,Permanent,Full Time,Fixed,Active,Medium,Male,38,"4 Years, 8 Months",4,31139.2,4,0.8,0.39,0.55,2,0,1,1,1,34218.9,0
581,15692671,Dobson,Perishable Customer Care Team Leader - Air Logistics,01/01/1992,16/01/2014,,White Collar,Permanent,Full Time,Fixed,Active,Medium,Male,31,"8 Years, 11 Months",8,34816.41,1,0.49,0.44,0.51,1,0,0,1,0,40484.2,0
582,15737741,McKay,IT System Engineer,18/07/1983,11/09/1990,13/05/2017,White Collar,Permanent,Full Time,Flex and Fixed,Voluntarily Terminated,Low,Female,39,"26 Years, 8 Months",26,58347.28,1,0.93,0.54,0.88,4,1,1,0,1,69461.05,1
583,15576352,Revell,National Perishable Air Logistics Development Manager Seafood,28/10/1984,27/04/2015,,White Collar,Permanent,Full Time,Flex and Fixed,Active,Low,Female,38,"7 Years, 7 Months",7,30830.24,4,0.95,0.74,0.87,1,1,1,0,1,34640.72,0
584,15753719,Rickards,Accountant,07/06/1984,18/01/2010,,White Collar,Permanent,Full Time,Fixed,Active,High,Female,38,"12 Years, 11 Months",12,25904.84,2,0.8,0.44,0.56,4,1,0,1,0,32381.05,0
585,15803689,Begum,National Air Logistics Pharma Compliance Specialist,11/08/2000,20/10/2014,23/06/2019,Blue Collar,Permanent,Full Time,Fixed,Voluntarily Terminated,Low,Female,22,"4 Years, 8 Months",4,30549.01,2,0.69,0.41,0.56,7,0,0,0,0,35522.1,1
586,15718057,Onyinyechukwuka,Perishable Operational Care Specialist - Air Logistics,16/01/1971,12/05/2020,,Blue Collar,Permanent,Full Time,Fixed,Active,Medium,Female,52,"2 Years, 7 Months",2,28901.97,3,0.85,0.4,0.51,1,0,0,0,0,32843.15,0
587,15722010,Zuyev,Gateway & Procurement Team Leader- Air Logistics,29/10/1956,16/11/1999,19/07/2020,White Collar,Permanent,Full Time,Fixed,Voluntarily Terminated,Medium,Male,66,"20 Years, 8 Months",20,29210,1,0.26,0.46,0.57,5,0,0,1,0,40569.45,1
588,15680998,Nwankwo,IT-Support,02/02/1981,28/08/2015,,White Collar,Permanent,Full Time,Fixed,Active,Medium,Male,42,"7 Years, 3 Months",7,36392.34,3,0.45,0.8,0.83,1,0,1,1,1,39131.55,0
589,15614782,Hao,Human Resoruces Coordinator,01/08/1957,25/03/2017,,White Collar,Permanent,Full Time,Fixed,Active,Medium,Male,65,"5 Years, 8 Months",5,32342.56,3,0.66,0.87,0.9,2,0,0,1,0,36339.95,0
590,15591047,Ma,Material Handler ,29/01/2004,22/06/2020,25/10/2021,Blue Collar,Fixed Term,Full Time,Fixed,Voluntarily Terminated,Low,Female,19,"1 Years, 4 Months",1,26107.52,2,1,0.39,0.54,5,0,0,0,0,28072.6,1
591,15788291,Okwuadigbo,Data Analyst,22/09/1959,17/11/1997,10/09/2020,White Collar,Permanent,Part Time,Flex and Fixed,Voluntarily Terminated,Low,Female,63,"22 Years, 9 Months",22,45882.95,2,0.68,0.38,0.55,6,1,1,1,1,50981.05,1
592,15604044,Mitchell,Accountant,31/12/1980,22/03/2014,,White Collar,Permanent,Part Time,Fixed,Active,Low,Male,42,"8 Years, 8 Months",8,30486.63,3,0.77,0.66,0.67,1,1,0,1,0,35042.1,0
593,15679587,Chan,Revenue Care Specialist- Air Logistics,26/01/1982,13/09/2000,,White Collar,Permanent,Full Time,Fixed,Active,Low,Female,41,"22 Years, 3 Months",22,35599.16,4,0.44,0.1,0.8,2,1,1,1,1,42379.95,0
594,15775153,Buchi,Gateway & Procurement Specialist - Air Logistics,09/08/1995,07/03/2021,,Blue Collar,Permanent,Full Time,Fixed,Active,Low,Male,27,"1  Years, 9 Months",1,36785.25,3,0.87,0.37,0.54,0,0,0,0,0,36785.25,0
595,15603925,Greco,Technical Support Engineer,08/11/1988,11/12/2014,,White Collar,Permanent,Full Time,Flex and Fixed,Active,High,Female,34,"8 Years, 0 Months",8,50439.43,4,0.45,0.1,0.77,1,1,1,0,1,58650.5,0
596,15680970,Lombardi,Java Software Engineer ,30/11/1991,04/04/2012,,White Collar,Permanent,Full Time,Flex and Fixed,Active,High,Female,31,"10  Years, 8 Months",10,56647.56,2,0.95,0.09,0.87,3,1,0,1,0,70809.45,0
597,15697183,Uchenna,Data Engineer,27/08/1989,04/04/2015,,White Collar,Permanent,Full Time,Flex and Fixed,Active,Medium,Male,33,"7 Years, 8 Months",7,62937.95,3,0.46,0.86,0.84,1,1,0,1,0,70716.8,0
598,15567446,Coffman,National Air Logistics Gateway Trade Lane Specialist,17/09/1984,13/08/1997,,White Collar,Temporary,Full Time,Fixed,Active,Low,Male,38,"25  Years, 4 Months",25,30530.01,1,0.78,0.11,0.9,5,0,1,1,1,36345.25,0
599,15637476,Alexandrova,IT System Engineer,18/02/1980,31/08/2020,04/08/2021,White Collar,Permanent,Full Time,Flex and Fixed,Voluntarily Terminated,Medium,Female,43,"0 Years, 11 Months",0,57570.524,4,0.88,0.37,0.46,3,1,0,0,0,65421.05,1
600,15714939,Fallaci,Data Analyst,23/10/1982,25/07/2013,,White Collar,Permanent,Full Time,Flex and Fixed,Active,Low,Female,40,"9 Years, 4 Months",9,44195.5,4,0.52,0.11,0.92,1,1,1,0,1,51994.7,0
601,15683503,Hudson,Business Development Manager,06/10/1986,28/08/2001,31/07/2017,White Collar,Permanent,Full Time,Flex and Fixed,Voluntarily Terminated,High,Female,36,"15 Years, 11 Months",15,45788.86,2,0.3,0.51,0.98,5,1,1,0,1,48711.55,1
602,15645569,Mai,Account Manager ,02/06/1983,25/10/2021,,White Collar,Permanent,Full Time,Fixed,Active,Medium,Female,39,"1 Years, 1 Months",1,33563.15,4,0.44,0.84,0.94,0,1,1,1,1,33563.15,0
603,15782569,Stout,Network Engineer,02/01/1980,04/02/2018,,White Collar,Permanent,Full Time,Flex and Fixed,Active,Low,Female,43,"4 Years, 10 Months",4,65523.37,3,0.55,0.1,0.84,1,1,1,0,1,71221.05,0
604,15592387,Burke,Network Engineer,30/05/1955,19/02/2014,21/05/2020,White Collar,Permanent,Full Time,Flex and Fixed,Voluntarily Terminated,Low,Male,67,"6 Years, 3 Months",6,58912.7,2,0.98,0.55,0.9,5,1,0,1,0,67715.75,1
605,15609286,Chadwick,Internal Trainer,21/01/1983,02/09/2021,,White Collar,Permanent,Full Time,Fixed,Active,Low,Male,40,"1  Years, 3 Months",1,34798.9,3,0.48,0.11,0.79,0,0,1,1,0,34798.9,0
606,15814035,Lawrence,Customer Care Specialist-Key Accounts,20/04/1994,01/02/2020,,White Collar,Permanent,Full Time,Fixed,Active,Medium,Male,28,"2 Years, 10 Months",2,31738.57,3,0.72,0.86,0.92,1,0,1,1,1,32386.3,0
607,15661249,Bellucci,Gateway & Procurement Specialist - Air Logistics,01/10/1984,10/10/1988,,Blue Collar,Permanent,Full Time,Fixed,Active,Low,Male,38,"34 Years, 2 Months",34,30475.23,4,0.65,0.38,0.56,1,0,1,0,1,33125.25,0
608,15629117,Harper,IT-Support,11/05/1970,11/06/1996,,White Collar,Permanent,Part Time,Fixed,Active,Low,Male,52,"26 Years, 6 Months",26,39771.78,3,0.37,0.11,0.88,3,0,0,1,0,43705.25,0
609,15607170,Boyle,Human Resoruces Coordinator,14/05/1994,06/05/2017,,White Collar,Permanent,Full Time,Fixed,Active,Low,Male,28,"5 Years, 7 Months",5,32497.92,3,0.94,0.45,0.49,1,0,1,1,1,36929.45,0
610,15586585,Duncan,Air Quality Manager healthcare,21/10/1984,08/10/1993,,White Collar,Permanent,Full Time,Flex and Fixed,Active,High,Female,38,"29 Years, 2 Months",29,61647.51,4,0.6,0.1,0.85,3,1,0,1,0,71683.15,0
611,15686611,Moss,Sea Logistics Pricing Coordinator,03/01/1964,29/02/1996,,White Collar,Permanent,Full Time,Fixed,Active,Medium,Male,59,"26 Years, 9 Months",26,28398.63,2,0.37,0.09,0.95,1,0,0,0,0,32642.1,0
612,15603203,Avdeyeva,Accounts Payable,06/09/1985,11/12/1998,,White Collar,Permanent,Full Time,Fixed,Active,Medium,Female,37,"24  Years, 0 Months",24,28475.933,4,0.99,0.39,0.53,3,1,0,1,0,33111.55,0
613,15619857,Crawford,Apprentice,02/11/2004,16/07/2022,,Blue Collar,Apprentice,Full Time,Fixed,Active,Low,Female,18,"0 Years, 5 Months",0,23325.25,1,0.57,0.37,0.47,0,0,1,1,0,23325.25,0
614,15805062,Lynton,Accounts Payable,30/07/1998,23/04/2019,,White Collar,Permanent,Full Time,Fixed,Active,Low,Male,24,"3 Years, 7 Months",3,32033.47,3,0.46,0.81,0.97,2,1,1,1,1,33024.2,0
615,15660271,Duncan,Gateway & Procurement Team Leader- Air Logistics,09/07/1998,27/05/2014,,White Collar,Permanent,Full Time,Fixed,Active,High,Male,24,"8 Years, 6 Months",8,33618.73,4,0.36,0.09,0.9,1,0,1,1,1,39091.55,0
616,15745295,Gether,Regional Air logistics Trainer Specialist,26/05/1987,16/09/2012,15/08/2016,White Collar,Permanent,Full Time,Fixed,Voluntarily Terminated,Low,Female,35,"10  Years, 3 Months",10,27256.76,2,0.22,0.1,0.88,5,0,0,1,0,33239.95,1
617,15719352,Davidson,Perishable Customer Care Team Leader - Air Logistics,29/04/1955,23/12/2005,,White Collar,Permanent,Full Time,Fixed,Active,Low,Male,67,"16  Years, 11 Months",16,28993.39,1,0.48,0.39,0.49,5,0,0,1,0,38657.85,0
618,15766575,Larionova,Pricing Analyst,16/01/1978,16/03/2014,29/06/2021,White Collar,Permanent,Full Time,Flex and Fixed,Voluntarily Terminated,Medium,Female,45,"7 Years, 3 Months",7,44413.12,2,0.3,0.48,0.95,4,1,0,1,0,50469.45,1
619,15594594,Loggia,Trucking Team Leader- Air Logistics,18/04/1984,16/01/2019,,White Collar,Permanent,Full Time,Fixed,Active,Low,Male,38,"3 Years, 11 Months",3,38678.18,4,0.9,0.45,0.57,2,0,1,1,1,42975.75,0
620,15646161,Steinhoff,Apprentice,02/06/2003,02/07/2022,,Blue Collar,Apprentice,Full Time,Fixed,Active,High,Female,19,"0 Years, 5 Months",0,22435.75,3,0.7,0.43,0.51,0,0,1,1,1,22435.75,0
621,15682585,Guerra,Operations Specialist,10/12/1979,11/12/2018,,Blue Collar,Fixed Term,Full Time,Fixed,Active,Low,Male,43,"4 Years, 0 Months",4,30181.89,3,0.4,0.8,0.75,2,0,0,1,0,32453.65,0
622,15603134,Pai,Apprentice,08/09/2004,28/08/2022,,Blue Collar,Apprentice,Full Time,Fixed,Active,Low,Female,18,"0 Years, 3 Months",0,23304.2,2,0.49,0.1,0.86,0,0,1,1,1,23304.2,0
623,15636444,Craig,National Perishable Air Logistics Development Manager Seafood,29/05/1956,12/06/1989,,White Collar,Fixed Term,Full Time,Flex and Fixed,Active,High,Female,66,"33  Years, 6 Months",33,25622.94,3,0.76,0.1,0.55,3,1,1,1,1,37134.7,0
624,15773456,Lazareva,Air Imports Operations Manager,03/05/1979,04/02/2017,,White Collar,Fixed Term,Full Time,Fixed,Active,Low,Male,43,"5 Years, 10 Months",5,62603.56,4,0.59,0.36,0.52,2,1,1,0,1,68047.35,0
625,15745307,Ch'iu,National Air Logistics Transport & QSHE Manager,21/09/1983,30/11/2018,,White Collar,Fixed Term,Full Time,Flex and Fixed,Active,Low,Female,39,"4 Years, 0 Months",4,60997.75,3,0.67,0.38,0.5,2,1,1,0,1,68536.8,0
626,15604119,Alderete,Stock Investigator & Analyst,18/08/1983,22/04/2006,,White Collar,Fixed Term,Full Time,Flex and Fixed,Active,Medium,Male,39,"16 Years, 7 Months",16,47447.21,2,0.54,0.78,0.98,2,1,0,0,0,50475.75,0
627,15626900,Kung,Perishable Warehouse Specialist - Air Logistics,01/10/1955,04/04/2021,,Blue Collar,Fixed Term,Full Time,Fixed,Active,Medium,Male,67,"1 Years, 8 Months",1,34395.75,1,0.48,0.44,0.49,0,0,1,1,1,34395.75,0
628,15605447,Palermo,National Air Logistics Pharma Compliance Specialist,27/03/1998,30/01/2015,,Blue Collar,Fixed Term,Full Time,Fixed,Active,Medium,Male,24,"7 Years, 10 Months",7,30195.37,3,0.97,0.41,0.46,1,0,0,1,0,32821.05,0
629,15589030,Ts'ai,Regional Air logistics Trainer Specialist,03/10/1971,02/11/2014,,White Collar,Temporary,Full Time,Fixed,Active,High,Male,51,"8 Years, 1 Months",8,30175.25,2,0.4,0.72,0.85,3,0,1,1,1,34684.2,0
630,15692463,Rahman,National Air Logistics Transport Apprentice,25/05/1999,07/12/2022,,Blue Collar,Apprentice,Full Time,Fixed,Active,Medium,Female,23,"0 Years, 0 Months",0,21514.7,3,0.77,0.46,0.54,0,0,0,1,0,21514.7,0
631,15712403,McMillan,National Perishable Air Logistics Development Manager Retail,25/07/1984,02/05/2006,,White Collar,Fixed Term,Full Time,Flex and Fixed,Active,Low,Female,38,"16 Years, 7 Months",16,33782.36,2,0.93,0.1,0.9,2,1,0,1,0,35560.38,0
632,15811762,Pickering,Material Handler ,23/06/2002,31/07/2021,10/08/2022,Blue Collar,Fixed Term,Full Time,Fixed,Voluntarily Terminated,Medium,Female,20,"1  Years, 4 Months",1,23453.98,2,0.97,0.34,0.67,5,0,0,1,1,24688.4,1
633,15718673,Mirams,Regional Air logistics Trainer Specialist,11/06/1981,20/07/2015,,White Collar,Fixed Term,Full Time,Fixed,Active,High,Female,41,"7 Years, 4 Months",7,30257.27,4,0.94,0.11,0.89,3,0,0,1,0,32534.7,0
634,15724282,Tsao,IT-Support,05/01/1991,26/11/2021,,White Collar,Fixed Term,Full Time,Fixed,Active,Medium,Male,32,"1  Years, 0 Months",1,33119.99,4,0.51,0.38,0.56,1,0,1,1,1,34863.15,0
635,15738181,Douglas,Operations Specialist,11/01/1981,09/09/2018,23/04/2022,Blue Collar,Fixed Term,Full Time,Fixed,Voluntarily Terminated,Low,Male,42,"3 Years, 7 Months",3,33273.42,1,0.21,0.25,0.92,6,0,0,0,1,36564.2,1
636,15633648,Jideofor,Sales Specialist-Air Logitics ,18/06/2003,25/09/2020,,Blue Collar,Fixed Term,Full Time,Fixed,Active,High,Female,19,"2 Years, 2 Months",2,30338.66,4,0.57,0.39,0.57,1,0,0,1,0,34475.75,0
637,15603323,Bell,National Air Logistics Transport Apprentice,16/07/1980,18/02/2022,,Blue Collar,Apprentice,Full Time,Fixed,Active,Medium,Female,42,"0 Years, 10 Months",0,23517.85,4,0.42,0.44,0.53,0,0,0,1,0,23517.85,0
638,15583725,Mairinger,Finance Analyst,21/04/1985,10/03/2020,,White Collar,Fixed Term,Full Time,Flex and Fixed,Active,Low,Male,37,"2 Years, 9 Months",2,47840.46,2,0.76,0.43,0.52,7,1,1,0,1,48816.8,0
639,15588350,McIntyre,Project Manager,06/08/1982,09/08/2011,,White Collar,Fixed Term,Full Time,Flex and Fixed,Active,High,Female,40,"11  Years, 4 Months",11,42291.5,3,0.55,0.84,0.83,1,1,1,0,0,44053.65,0
640,15798398,Pagnotto,Stock Investigator & Analyst,22/07/1987,27/10/2021,,White Collar,Fixed Term,Full Time,Flex and Fixed,Active,High,Female,35,"1  Years, 1 Months",1,46443.98,1,0.69,0.43,0.48,1,1,0,0,0,48888.4,0
641,15784844,K'ung,Perishable Customer Care Team Leader - Air Logistics,07/05/1977,26/10/2014,01/05/2021,White Collar,Fixed Term,Full Time,Fixed,Voluntarily Terminated,Low,Male,45,"6 Years, 6 Months",6,35393.04,1,0.95,0.37,0.52,7,0,0,1,1,41154.7,1
642,15580684,Feng,Business Development Manager,11/01/1984,12/08/1993,,White Collar,Fixed Term,Part Time,Flex and Fixed,Active,Medium,Female,39,"29 Years, 4 Months",29,48156.67,3,0.42,0.74,0.97,2,1,0,1,0,51230.5,0
643,15809663,Donaldson,Trucking Specialist - Air Logistics,01/08/1981,26/02/2020,,Blue Collar,Fixed Term,Part Time,Fixed,Active,Medium,Female,41,"2 Years, 9 Months",2,31476.4,4,0.68,0.73,0.97,2,0,1,1,1,34589.45,0
644,15640078,Chambers,Customer Brokerage Specialist,13/07/1984,11/11/2007,17/02/2014,Blue Collar,Fixed Term,Part Time,Fixed,Voluntarily Terminated,Low,Female,38,"6 Years, 3 Months",6,30226.54,2,0.71,0.37,0.47,4,1,0,1,0,34743.15,1
645,15698786,Marcelo,National Air Logistics Transport Apprentice,16/03/2001,01/12/2009,09/04/2017,Blue Collar,Apprentice,Part Time,Fixed,Voluntarily Terminated,Medium,Female,21,"7 Years, 4 Months",7,20339.18,2,0.11,0.58,0.62,5,0,0,1,0,21823.15,1
646,15569807,Ejimofor,Operations Specialist,20/04/1968,28/06/1984,,Blue Collar,Fixed Term,Part Time,Fixed,Active,Medium,Female,54,"38 Years, 5 Months",38,29589.3,3,0.83,0.4,0.54,3,0,0,1,0,33624.2,0
647,15730830,Dale,Internal Trainer,27/11/1968,17/02/2011,,White Collar,Fixed Term,Part Time,Fixed,Active,Medium,Female,54,"11 Years, 10 Months",11,27336.19,2,0.74,0.51,0.83,4,0,1,1,1,31420.91,0
648,15805112,Pokrovsky,Gateway & Procurement Team Leader- Air Logistics,17/02/1961,26/04/1993,,White Collar,Fixed Term,Part Time,Fixed,Active,Medium,Male,62,"29 Years, 7 Months",29,37306.4,3,0.94,0.46,0.5,1,0,0,1,0,41451.55,0
649,15633064,Stonebraker,Sea Logistics Pricing Coordinator,17/04/1981,01/12/2020,,White Collar,Fixed Term,Part Time,Fixed,Active,Medium,Female,41,"2 Years, 0 Months",2,29562.95,3,0.51,0.45,0.54,2,0,0,1,0,33216.8,0
650,15703119,Liang,Revenue Care Specialist- Air Logistics,07/11/1978,17/04/2021,,White Collar,Fixed Term,Part Time,Fixed,Active,Medium,Male,44,"1  Years, 8 Months",1,40051.26,3,0.76,0.46,0.5,1,1,1,1,1,41720.06,0
651,15730447,Anderson,Sales Account Manager,08/11/1984,02/07/1987,,White Collar,Fixed Term,Part Time,Fixed,Active,Medium,Female,38,"35 Years, 5 Months",35,36977.95,4,0.79,0.39,0.45,1,1,1,1,1,37732.6,0
652,15813850,Christian,Gateway & Procurement Team Leader- Air Logistics,25/12/1994,04/01/2019,,White Collar,Fixed Term,Part Time,Fixed,Active,Medium,Male,28,"3 Years, 11 Months",3,36818.51,3,0.94,0.09,0.88,2,0,1,1,1,40909.45,0
653,15711889,Mao,BI Developer,23/06/1985,22/11/2021,,White Collar,Fixed Term,Part Time,Flex and Fixed,Active,Medium,Male,37,"1  Years, 0 Months",1,65935.75,2,1,0.09,0.77,0,1,0,1,0,65935.75,0
654,15664610,Campbell,National Air Logistics Transport Apprentice,23/01/2001,19/11/2009,06/04/2018,Blue Collar,Apprentice,Part Time,Fixed,Voluntarily Terminated,High,Male,22,"8 Years, 4 Months",8,21495.83,2,0.71,0.37,0.51,5,0,1,1,1,23064.2,1
655,15751710,Ginikanwa,Accounts Payable,28/03/1980,23/10/2014,,White Collar,Fixed Term,Part Time,Fixed,Active,High,Male,42,"8 Years, 1 Months",8,29395.68,4,0.41,0.1,0.89,2,1,1,1,0,34583.15,0
656,15692926,Toscani,Accounts Payable,17/04/1980,05/04/2014,,White Collar,Fixed Term,Part Time,Fixed,Active,Low,Male,42,"8 Years, 8 Months",8,30601.13,3,0.96,0.77,1,2,1,1,1,1,33262.1,0
657,15813741,Nnachetam,Warehouse Manager - Air Logistics,02/05/1981,15/01/2012,,White Collar,Fixed Term,Part Time,Fixed,Active,High,Male,41,"10  Years, 11 Months",10,58112.8,3,0.6,0.79,0.86,4,1,1,0,1,71744.2,0
658,15698474,Sagese,IT-Support,07/07/1977,18/08/2014,,White Collar,Fixed Term,Part Time,Fixed,Active,Medium,Female,45,"8 Years, 4 Months",8,33635.82,3,0.55,0.43,0.55,3,0,1,1,0,39571.55,0
659,15568595,Fleming,Warehouse Quality Control Specialist - Air Logistics,12/04/1977,09/10/2020,,Blue Collar,Fixed Term,Part Time,Fixed,Active,High,Male,45,"2 Years, 2 Months",2,22565.97,4,0.97,0.38,0.53,1,0,1,1,1,25643.15,0
660,15603065,Grubb,National Perishable Air Logistics Development Manager Seafood,11/02/1980,25/04/2019,,White Collar,Fixed Term,Part Time,Flex and Fixed,Active,Low,Female,43,"3 Years, 7 Months",3,36483.2,1,0.83,0.77,0.91,1,1,0,1,0,37611.55,0
661,15592937,Napolitani,Network Engineer,16/03/1981,13/09/2018,,White Collar,Fixed Term,Part Time,Flex and Fixed,Active,Medium,Female,41,"4 Years, 3 Months",4,62804.03,2,0.54,0.44,0.5,3,1,1,1,1,68265.25,0
662,15699637,Anenechi,National Perishable Air Logistics Development Manager Seafood,01/07/1990,03/08/2016,,White Collar,Fixed Term,Part Time,Flex and Fixed,Active,Low,Male,32,"6 Years, 4 Months",6,30685.55,2,0.35,0.39,0.46,1,1,1,1,1,32644.2,0
663,15667215,Chandler,Sales Account Manager,28/08/1981,17/10/2014,,White Collar,Fixed Term,Part Time,Fixed,Active,Medium,Male,41,"8 Years, 2 Months",8,27816.46,3,0.36,0.78,0.89,1,1,1,1,1,32725.25,0
664,15788659,Howells,Data Engineer,28/02/1980,26/09/2019,,White Collar,Fixed Term,Part Time,Flex and Fixed,Active,Medium,Male,43,"3 Years, 2 Months",3,63063.96,3,0.74,0.1,0.79,1,1,1,1,1,69301.05,0
665,15763218,Akeroyd,Account Manager ,14/02/1980,28/06/2016,,White Collar,Fixed Term,Part Time,Fixed,Active,High,Female,43,"6 Years, 5 Months",6,33589.53,3,0.56,0.1,0.77,1,1,1,0,1,37741.05,0
666,15645772,Onwumelu,National Air Logistics Pharma Compliance Specialist,17/05/1979,04/06/2013,,Blue Collar,Fixed Term,Part Time,Fixed,Active,Low,Male,43,"9 Years, 6 Months",9,29423.5,3,0.56,0.75,0.85,1,0,1,1,1,33820.11,0
667,15725511,Wallace,National Perishable Air Logistics Development Manager Seafood,10/06/1958,22/04/2013,,White Collar,Fixed Term,Part Time,Flex and Fixed,Active,Medium,Female,64,"9  Years, 7 Months",9,33493.8,1,0.42,0.46,0.62,2,1,1,0,1,36406.3,0
668,15575024,Uwaezuoke,National Air Logistics Transport Apprentice,14/12/1980,26/06/2022,,Blue Collar,Apprentice,Part Time,Fixed,Active,Medium,Male,42,"0 Years, 5 Months",0,22130.5,1,0.37,0.91,0.97,0,0,1,1,1,22130.5,0
669,15640825,Loyau,Internal Trainer,14/06/1971,13/01/2014,,White Collar,Fixed Term,Part Time,Fixed,Active,Medium,Male,51,"8 Years, 11 Months",8,30796.16,3,0.57,0.1,0.92,2,0,1,1,1,36662.1,0
670,15662397,Small,Customer Care Specialist-Key Accounts,28/11/1979,30/03/2020,,White Collar,Fixed Term,Part Time,Fixed,Active,Low,Female,43,"2 Years, 8 Months",2,31497.15,4,0.53,0.72,0.6,2,0,1,1,1,32139.95,0
671,15576368,Bledsoe,National Air Logistics Transport Apprentice,15/07/1980,06/10/2021,,Blue Collar,Apprentice,Part Time,Fixed,Active,Low,Female,42,"1 Years, 2 Months",1,23369.45,4,0.47,0.11,0.95,0,0,0,1,0,23369.45,0
672,15674991,Kao,Account Manager ,24/08/1979,14/11/2012,,White Collar,Fixed Term,Part Time,Fixed,Active,Low,Male,43,"10  Years, 1 Months",10,31718.36,3,0.46,0.11,0.94,3,1,1,0,1,37759.95,0
673,15721024,Wickens,National Perishable Air Logistics Development Manager Seafood,30/12/1995,18/10/2018,,White Collar,Fixed Term,Part Time,Flex and Fixed,Active,Medium,Male,27,"4 Years, 2 Months",4,35207.71,2,0.66,0.46,0.57,3,1,0,0,0,36674.7,0
674,15745621,Wertheim,Senior DevOps Engineer,29/10/1968,10/05/1989,,White Collar,Fixed Term,Part Time,Flex and Fixed,Active,Low,Female,54,"33 Years, 7 Months",33,57877.82,2,0.8,0.37,0.46,1,1,1,1,1,68091.55,0
675,15642394,He,Sea Logiscitcs Customer Care Specialist ,19/03/1980,09/03/2021,,Blue Collar,Fixed Term,Part Time,Fixed,Active,Low,Male,42,"1  Years, 9 Months",1,30547.96,2,0.35,0.46,0.5,1,0,1,1,1,32155.75,0
676,15754605,Jarvis,Warehouse Quality Control Specialist - Air Logistics,19/11/1985,26/07/2009,,Blue Collar,Fixed Term,Part Time,Fixed,Active,Medium,Female,37,"13  Years, 4 Months",13,19798.95,2,0.85,0.43,0.57,3,0,1,1,1,24443.15,0
677,15607040,P'an,Data Engineer,04/02/1960,08/08/2005,,White Collar,Fixed Term,Part Time,Flex and Fixed,Active,High,Female,63,"17 Years, 4 Months",17,57525.13,4,0.8,0.11,0.82,3,1,0,1,0,70152.6,0
678,15715142,Repina,Gateway & Procurement Specialist - Air Logistics,25/05/1995,01/11/2020,,Blue Collar,Fixed Term,Part Time,Fixed,Active,Medium,Male,27,"2 Years, 1 Months",2,33682.1,3,0.44,0.73,0.89,0,0,1,0,1,33682.1,0
679,15810978,Pugliesi,National Perishable Air Logistics Development Manager Seafood,21/06/1985,16/03/2015,,White Collar,Fixed Term,Part Time,Flex and Fixed,Active,High,Female,37,"7 Years, 9 Months",7,31212.2,3,0.4,0.43,0.47,3,1,1,1,1,33926.3,0
680,15668886,Blakey,Recruiter,27/04/1961,10/10/1995,,White Collar,Fixed Term,Part Time,Fixed,Active,High,Female,61,"27 Years, 2 Months",27,35016.39,4,0.91,0.86,1,1,0,0,1,0,41195.75,0
681,15780804,Nucci,Accountant,10/08/1995,21/03/2019,,White Collar,Temporary,Part Time,Fixed,Active,High,Male,27,"3 Years, 8 Months",3,33875.46,3,0.87,0.1,0.83,2,1,1,0,1,34923.15,0
682,15613880,Higinbotham,Air Imports Operations Manager,28/08/1984,25/09/1989,,White Collar,Fixed Term,Part Time,Fixed,Active,Low,Male,38,"33 Years, 2 Months",33,68174,2,0.48,0.4,0.49,3,1,1,0,1,71762.1,0
683,15775238,Achebe,Network Engineer,09/07/1982,29/11/2019,,White Collar,Fixed Term,Part Time,Flex and Fixed,Active,Medium,Female,40,"3 Years, 0 Months",3,63768.29,4,0.94,0.11,0.87,2,1,1,0,1,70853.65,0
684,15786905,Russo,National Air Logistics Transport Apprentice,11/04/1999,12/05/2022,,Blue Collar,Apprentice,Part Time,Fixed,Active,Low,Female,23,"0 Years, 7 Months",0,23713.65,4,0.36,0.86,0.98,0,0,0,1,0,23713.65,0
685,15747867,Trevisani,Perishable Operational Care Specialist - Air Logistics,07/05/1984,23/05/2015,,Blue Collar,Fixed Term,Full Time,Fixed,Active,Medium,Male,38,"7 Years, 6 Months",7,34241.58,1,0.76,0.42,1,2,0,0,0,0,36818.9,0
686,15600337,Dobie,Account Manager ,31/12/1977,22/03/2015,,White Collar,Fixed Term,Full Time,Fixed,Active,Low,Male,45,"7 Years, 8 Months",7,31224.74,4,0.88,0.79,0.84,1,1,0,0,0,35890.5,0
687,15801277,Maccallum,National Air Logistics Transport Apprentice,28/08/1980,10/10/2022,,Blue Collar,Apprentice,Full Time,Fixed,Active,Low,Female,42,"0 Years, 2 Months",0,23022.1,1,0.74,0.1,0.96,0,0,1,1,1,23022.1,0
688,15579334,Watkins,Perishable Operational Care Specialist - Air Logistics,29/12/1986,07/09/2016,13/09/2016,Blue Collar,Fixed Term,Full Time,Fixed,Voluntarily Terminated,High,Female,36,"0 Years, 0 Months",0,30422.964,2,0.76,0.09,0.92,3,0,0,1,1,34571.55,1
689,15802741,Mitchel,National Air Logistics Pharma Compliance Specialist,17/05/1980,14/12/2015,18/01/2018,Blue Collar,Fixed Term,Full Time,Fixed,Voluntarily Terminated,High,Female,42,"7  Years, 0 Months",7,31416.23,1,0.71,0.09,0.82,5,0,0,1,1,33708.4,1
690,15720649,Ferdinand,National Air Logistics Pharma Compliance Specialist,21/11/1995,22/08/2012,,Blue Collar,Fixed Term,Full Time,Fixed,Active,Low,Female,27,"10  Years, 3 Months",10,26850.52,1,0.49,0.87,1,5,0,0,1,0,33563.15,0
691,15589493,Otitodilinna,Gateway & Procurement Team Leader- Air Logistics,22/04/1982,13/06/2020,,White Collar,Fixed Term,Full Time,Fixed,Active,Low,Male,40,"2 Years, 6 Months",2,34609.67,4,0.44,0.36,0.49,2,0,0,1,0,38032.6,0
692,15688251,Mamelu,Data Engineer,09/03/1962,30/10/1999,,White Collar,Fixed Term,Full Time,Flex and Fixed,Active,Medium,Male,61,"23 Years, 1 Months",23,59797.36,3,1,0.42,0.75,1,1,0,1,0,68732.6,0
693,15665238,Beneventi,Forklift Operator,10/11/2004,14/09/2021,,Blue Collar,Fixed Term,Full Time,Fixed,Active,Low,Male,18,"1  Years, 3 Months",1,27224.37,1,0.85,0.84,0.86,1,0,0,0,0,28962.1,0
694,15740900,Perrodin,Sales Specialist-Air Logitics ,15/05/2003,09/06/2021,,Blue Collar,Fixed Term,Full Time,Fixed,Active,Medium,Male,19,"1 Years, 6 Months",1,36186.3,4,0.91,0.1,0.83,0,0,1,1,1,36186.3,0
695,15681068,Chinagorom,Perishable Customer Care Team Leader - Air Logistics,15/08/1982,13/11/2012,,White Collar,Fixed Term,Full Time,Fixed,Active,Low,Female,40,"10  Years, 1 Months",10,33190.37,3,0.99,0.78,0.71,2,0,1,1,0,39988.4,0
696,15748625,Napolitano,Business Development Executive,30/03/1980,25/01/2014,,White Collar,Fixed Term,Full Time,Flex and Fixed,Active,High,Male,42,"8 Years, 10 Months",8,36208.41,2,0.99,0.35,0.99,1,0,1,1,1,43105.25,0
697,15727299,Edgar,Business Analyst,25/02/1987,18/06/2016,,White Collar,Fixed Term,Full Time,Flex and Fixed,Active,High,Male,36,"6 Years, 6 Months",6,44724.17,2,0.91,0.1,0.81,1,1,1,1,1,47578.9,0
698,15620204,Walker,National Air Logistics Pharma Compliance Specialist,10/08/1984,20/01/2019,16/04/2022,Blue Collar,Fixed Term,Full Time,Fixed,Voluntarily Terminated,Low,Female,38,"3 Years, 2 Months",3,31611.68,2,0.95,0.11,0.8,5,0,1,1,1,33629.45,1
699,15669516,Steele,Operations Specialist,03/02/1956,11/12/1983,,Blue Collar,Fixed Term,Full Time,Fixed,Active,Low,Male,67,"39 Years, 0 Months",39,20454.11,3,0.88,0.43,0.48,3,0,1,1,1,32990.5,0
700,15736534,Elkins,Perishable Warehouse Shift Manager - Air Logistics,05/03/1982,28/03/2013,,White Collar,Fixed Term,Part Time,Fixed,Active,High,Male,41,"9 Years, 8 Months",9,52314.28,4,0.67,0.38,0.45,3,1,1,1,1,62278.9,0
701,15803457,Hao,Business Development Executive,01/06/1956,29/05/2003,,White Collar,Fixed Term,Full Time,Flex and Fixed,Active,Low,Female,66,"19 Years, 6 Months",19,34135.26,4,0.58,0.46,0.54,5,0,0,1,0,43763.15,0
702,15659098,Toscano,Perishable Operational Care Specialist - Air Logistics,07/06/1983,25/02/1992,,Blue Collar,Fixed Term,Full Time,Fixed,Active,High,Male,39,"30  Years, 9 Months",30,35504.83,2,0.58,0.89,0.82,1,0,0,0,0,36984.2,0
703,15603436,Savage,Trucking Specialist - Air Logistics,01/03/1955,18/04/1989,,Blue Collar,Fixed Term,Full Time,Fixed,Active,Medium,Female,68,"33 Years, 8 Months",33,18129.83,1,0.93,0.45,0.5,2,0,1,0,0,32374.7,0
704,15566292,Okwuadigbo,Human Resoruces Coordinator,10/11/1960,04/08/2019,,White Collar,Fixed Term,Full Time,Fixed,Active,High,Male,62,"3 Years, 4 Months",3,29164.84,3,0.72,0.44,0.53,2,0,1,0,1,33912.6,0
705,15808621,Mordvinova,Warehouse Apprentice- Air Logistics,15/01/2004,19/06/2022,,Blue Collar,Apprentice,Full Time,Fixed,Active,Medium,Male,19,"0 Years, 5 Months",0,22679.95,1,0.78,0.74,0.54,0,0,1,1,1,22679.95,0
706,15580148,Welch,Inside Sales Executive/ Account Manager,11/07/1982,25/04/2012,15/09/2018,White Collar,Fixed Term,Full Time,Flex and Fixed,Voluntarily Terminated,Low,Male,40,"10  Years, 7 Months",10,28078,1,0.68,0.45,0.54,8,1,0,1,1,34664.2,1
707,15776231,Kent,Trucking Specialist - Air Logistics,12/10/1961,07/03/1985,,Blue Collar,Fixed Term,Full Time,Fixed,Active,High,Male,61,"37 Years, 9 Months",37,32237.71,1,0.49,0.79,0.93,1,0,1,1,1,34664.2,0
708,15773809,Campbell,Aerospace International Logistics Specialist,02/10/1979,09/03/2021,,Blue Collar,Fixed Term,Full Time,Fixed,Active,High,Male,43,"1  Years, 9 Months",1,31960.99,1,0.35,0.79,0.91,1,0,0,1,0,34001.05,0
709,15649423,Cooper,Sea Logiscitcs Customer Care Specialist ,13/10/1995,14/10/2008,,Blue Collar,Fixed Term,Full Time,Fixed,Active,Medium,Female,27,"14 Years, 2 Months",14,33877.44,4,0.56,0.11,0.87,2,0,1,0,0,36427.35,0
710,15734886,Mazzi,Cloud Service Analyst,15/07/1968,31/01/2008,,White Collar,Fixed Term,Full Time,Flex and Fixed,Active,Medium,Female,54,"14  Years, 10 Months",14,58997.56,4,0.41,0.42,0.48,3,1,0,1,0,63302.1,0
711,15722548,Fisher,Customer Care Specialist-Key Accounts,03/12/1994,20/05/2015,,White Collar,Fixed Term,Full Time,Fixed,Active,Low,Male,28,"7 Years, 6 Months",7,30371.82,4,0.99,0.64,0.9,2,0,0,0,0,35731.55,0
712,15650288,Summers,Human Resoruces Coordinator,30/06/1979,01/04/2018,,White Collar,Fixed Term,Full Time,Fixed,Active,Low,Male,43,"4 Years, 8 Months",4,31683.79,3,0.91,0.4,0.55,2,0,0,1,0,34438.9,0
713,15629448,Brady,Senior DevOps Engineer,26/01/1991,27/08/2021,,White Collar,Fixed Term,Full Time,Flex and Fixed,Active,Low,Male,32,"1  Years, 3 Months",1,70072.6,1,0.43,0.84,0.98,0,1,0,1,0,70072.6,0
714,15716164,Nicholls,Account Manager ,26/01/1962,22/10/1985,,White Collar,Fixed Term,Full Time,Fixed,Active,Low,Female,61,"37 Years, 1 Months",37,30018.49,3,0.84,0.73,0.92,1,1,0,1,0,32987.35,0
715,15807609,Yuan,Analyst Programmer ,18/05/1983,19/07/2015,17/05/2019,White Collar,Fixed Term,Full Time,Flex and Fixed,Voluntarily Terminated,High,Female,39,"3 Years, 9 Months",3,52709.82,1,0.92,0.4,0.51,5,1,0,1,0,62011.55,1
716,15578977,Robinson,National Air Logistics Gateway Trade Lane Specialist,20/12/1982,01/09/2019,,White Collar,Fixed Term,Full Time,Fixed,Active,Medium,Male,40,"3 Years, 3 Months",3,30056.14,4,0.82,0.36,0.45,1,0,0,1,0,34154.7,0
717,15677369,Golubov,Human Resoruces Coordinator,03/05/1995,29/08/2021,,White Collar,Fixed Term,Full Time,Fixed,Active,Low,Female,27,"1  Years, 3 Months",1,31652.6,3,0.35,0.43,0.47,0,0,0,0,0,31652.6,0
718,15804072,Chen,National Perishable Air Logistics Development Manager Seafood,21/01/2000,02/01/2017,,White Collar,Fixed Term,Full Time,Flex and Fixed,Active,Low,Female,23,"5 Years, 11 Months",5,35068.97,1,0.49,0.11,0.78,2,1,0,0,0,36914.7,0
719,15696859,Oldham,Customer Servce Administrative Officer,04/04/1986,12/01/2014,,Blue Collar,Fixed Term,Full Time,Fixed,Active,Low,Male,36,"8 Years, 11 Months",8,28387.55,2,0.67,0.91,1,3,0,0,0,0,33794.7,0
720,15653780,Kambinachi,Cloud Service Analyst,20/09/1982,19/06/2017,,White Collar,Fixed Term,Full Time,Flex and Fixed,Active,Low,Female,40,"5 Years, 5 Months",5,54319.01,4,0.97,0.8,1,2,1,1,1,1,61032.6,0
721,15721658,Fleming,Perishable Operational Care Specialist - Air Logistics,11/10/1986,23/12/2001,25/12/2021,Blue Collar,Fixed Term,Full Time,Fixed,Voluntarily Terminated,High,Female,36,"20 Years, 0 Months",20,31105.68,2,0.98,0.42,0.49,7,0,1,1,1,35753.65,1
722,15578761,Cunningham,IT-Support,18/04/1988,03/05/2017,06/03/2020,White Collar,Fixed Term,Full Time,Fixed,Voluntarily Terminated,Medium,Female,34,"2 Years, 10 Months",2,43100.35,4,0.94,0.31,0.87,5,0,1,1,1,43979.95,1
723,15736879,Obinna,Customer Care Specialist-Key Accounts,04/07/1988,14/01/2018,,White Collar,Fixed Term,Full Time,Fixed,Active,Medium,Male,34,"4 Years, 11 Months",4,30403.14,3,0.41,0.44,0.47,2,0,0,0,0,32691.55,0
724,15571973,Chinwemma,Senior DevOps Engineer,26/10/1983,24/06/2017,,White Collar,Fixed Term,Full Time,Flex and Fixed,Active,Low,Female,39,"5 Years, 5 Months",5,65854.38,3,0.79,0.38,0.54,2,1,0,1,0,70057.85,0
725,15626742,Carpenter,National Perishable Air Logistics Development Manager Retail,25/05/1982,10/11/2014,,White Collar,Fixed Term,Full Time,Flex and Fixed,Active,Low,Male,40,"8 Years, 1 Months",8,32457.55,3,0.96,0.45,0.56,3,1,1,1,1,35279.95,0
726,15672692,Yin,Aerospace International Logistics Specialist,31/05/1982,31/01/2017,,Blue Collar,Fixed Term,Full Time,Fixed,Active,High,Female,40,"5 Years, 10 Months",5,31587.51,4,0.84,0.43,0.46,2,0,1,1,1,34711.55,0
727,15673570,Olsen,Human Resoruces Coordinator,03/04/1986,07/06/2014,,White Collar,Fixed Term,Full Time,Fixed,Active,Low,Male,36,"8 Years, 6 Months",8,31714.68,1,0.68,0.45,0.46,3,0,1,0,1,36453.65,0
728,15767432,Ts'ai,Trucking Team Leader- Air Logistics,20/12/1990,09/10/2018,,White Collar,Fixed Term,Full Time,Fixed,Active,Low,Female,32,"4 Years, 2 Months",4,39187.79,3,0.55,0.43,0.57,1,0,1,1,1,40820.61,0
729,15654238,Jen,Senior DevOps Engineer,07/07/1959,31/05/1991,,White Collar,Fixed Term,Full Time,Flex and Fixed,Active,Medium,Female,63,"31 Years, 6 Months",31,66666.77,4,0.41,0.43,0.49,1,1,0,1,0,70922.1,0
730,15612525,Preston,National Service Excellence Specialist- Air Logistics,29/08/1985,16/04/2016,,White Collar,Fixed Term,Full Time,Flex and Fixed,Active,Low,Female,37,"6 Years, 8 Months",6,27535.35,1,0.96,0.09,0.83,2,0,0,0,0,32017.85,0
731,15812750,Ozioma,Customer Brokerage Specialist,11/08/1984,24/10/2019,,Blue Collar,Fixed Term,Full Time,Fixed,Active,Low,Male,38,"3 Years, 1 Months",3,34370.8,2,0.98,0.43,0.47,1,1,1,1,1,36957.85,0
732,15790757,Cody,Analyst Programmer ,07/07/1985,19/03/2018,,White Collar,Fixed Term,Full Time,Flex and Fixed,Active,Medium,Female,37,"4 Years, 8 Months",4,53275.22,3,0.41,0.79,0.94,1,1,0,0,0,58544.2,0
733,15723873,Ponomarev,Aerospace International Logistics Specialist,01/11/1981,20/02/2017,,Blue Collar,Fixed Term,Full Time,Fixed,Active,High,Male,41,"5 Years, 9 Months",5,34967.98,3,1,0.85,0.58,2,0,0,0,0,36808.4,0
734,15744607,Martin,National Service Excellence Specialist- Air Logistics,16/03/1968,16/03/1991,17/10/2021,White Collar,Fixed Term,Part Time,Flex and Fixed,Voluntarily Terminated,High,Male,54,"30 Years, 7 Months",30,30757.95,2,0.97,0.38,0.45,5,0,0,1,0,33799.95,1
735,15612966,Milani,Stock Investigator & Analyst,02/12/1958,19/10/1988,22/04/2020,White Collar,Fixed Term,Part Time,Flex and Fixed,Voluntarily Terminated,High,Female,64,"34  Years, 1 Months",34,29377.26,2,0.26,0.11,0.92,4,1,1,0,1,48962.1,1
736,15784209,Tang,Project Manager,22/08/1959,08/10/1988,,White Collar,Fixed Term,Part Time,Flex and Fixed,Active,High,Male,63,"34 Years, 2 Months",34,37584.43,3,1,0.83,0.99,1,1,1,1,1,41760.48,0
737,15794278,Romani,Sea Logiscitcs Customer Care Specialist ,08/10/1999,16/02/2020,,Blue Collar,Fixed Term,Part Time,Fixed,Active,High,Male,23,"2 Years, 10 Months",2,31583.34,1,0.77,0.81,0.91,1,0,1,1,1,35092.6,0
738,15766741,McIntyre,Finance Analyst,16/01/1981,22/05/2012,,White Collar,Fixed Term,Part Time,Flex and Fixed,Active,High,Male,42,"10  Years, 6 Months",10,41170.58,2,0.75,0.42,0.56,2,1,1,0,1,49012.6,0
739,15661036,Davis,Trucking Team Leader- Air Logistics,06/10/1988,25/10/2015,,White Collar,Fixed Term,Part Time,Fixed,Active,Low,Male,34,"7 Years, 1 Months",7,39776.56,1,0.81,0.11,0.87,1,0,0,1,0,43710.5,0
740,15705639,Onyemauchechukwu,Air Imports Operations Manager,19/09/1985,08/11/1997,,White Collar,Fixed Term,Part Time,Fixed,Active,Low,Female,37,"25 Years, 1 Months",25,45580.73,1,0.98,0.11,0.85,3,1,0,1,0,70124.2,0
741,15637414,Gell,Inside Sales Executive/ Account Manager,18/11/1983,02/12/2013,,White Collar,Fixed Term,Part Time,Flex and Fixed,Active,Low,Female,39,"9 Years, 0 Months",9,33066.49,4,0.5,0.1,0.89,2,1,1,0,1,36336.8,0
742,15716835,Rossi,IT-Support,25/01/1978,02/06/2010,,White Collar,Fixed Term,Part Time,Fixed,Active,High,Male,45,"12 Years, 6 Months",12,36977.67,3,0.81,0.5,0.54,2,0,1,1,1,41086.3,0
743,15696231,Chiwetelu,National Perishable Air Logistics Development Manager Seafood,29/02/1960,28/06/1983,,White Collar,Fixed Term,Part Time,Flex and Fixed,Active,Low,Male,63,"39 Years, 5 Months",39,30782.89,3,0.69,0.44,0.49,8,1,1,1,1,36646.3,0
744,15641675,Kirillova,National Perishable Air Logistics Development Manager Seafood,22/03/1994,21/07/2013,04/01/2016,White Collar,Fixed Term,Part Time,Flex and Fixed,Voluntarily Terminated,Low,Female,28,"2 Years, 5 Months",2,30945.89,2,0.23,0.11,0.9,7,1,0,0,0,37284.2,1
745,15670755,Shaw,Trucking Specialist - Air Logistics,17/01/2001,16/05/2014,,Blue Collar,Fixed Term,Part Time,Fixed,Active,Medium,Male,22,"8 Years, 7 Months",8,31554.99,1,0.46,0.39,0.52,2,0,1,1,1,34298.9,0
746,15640059,Smith,IT System Engineer,27/07/1989,07/07/2020,,White Collar,Fixed Term,Part Time,Flex and Fixed,Active,Medium,Male,33,"2 Years, 5 Months",2,59143.23,3,0.92,0.11,0.78,1,1,1,1,1,65714.7,0
747,15787619,Hsieh,Business Development Executive,03/10/1977,12/10/2016,,White Collar,Fixed Term,Part Time,Flex and Fixed,Active,High,Male,45,"6 Years, 2 Months",6,39323.34,4,0.54,0.36,0.5,2,0,0,0,0,43692.6,0
748,15587535,Onyemauchechukwu,National Perishable Air Logistics Development Manager Retail,30/06/1968,02/05/2015,,White Collar,Fixed Term,Part Time,Flex and Fixed,Active,High,Female,54,"7 Years, 7 Months",7,33837.47,4,0.49,0.43,0.51,1,1,0,1,0,36306.3,0
749,15813034,Martin,Business Development Executive,27/10/1986,11/01/2019,,White Collar,Fixed Term,Part Time,Flex and Fixed,Active,Low,Male,36,"3 Years, 11 Months",3,41631.99,1,0.95,0.4,0.5,1,0,1,1,0,43823.15,0
750,15698839,Okwudilichukwu,National Perishable Air Logistics Development Manager Retail,25/09/1997,03/03/2012,,White Collar,Fixed Term,Part Time,Flex and Fixed,Active,Low,Male,25,"10  Years, 9 Months",10,26340.98,3,0.89,0.86,0.84,3,1,1,1,1,32123.15,0
751,15790314,Onuoha,National Perishable Air Logistics Development Manager Retail,23/03/1985,30/01/2009,,White Collar,Fixed Term,Part Time,Flex and Fixed,Active,Low,Male,37,"13 Years, 10 Months",13,29398.47,3,0.87,0.38,0.49,3,1,1,0,1,33407.35,0
752,15634245,Muecke,Network Engineer,14/10/1956,12/02/2011,,White Collar,Fixed Term,Part Time,Flex and Fixed,Active,High,Female,66,"11 Years, 10 Months",11,55986.53,3,0.39,0.46,0.45,2,1,0,1,0,67453.65,0
753,15677305,Hsieh,Sea Logistics Pricing Coordinator,28/07/1979,19/07/2015,,White Collar,Fixed Term,Part Time,Fixed,Active,Medium,Female,43,"7 Years, 4 Months",7,31029.68,3,0.79,0.37,0.57,1,0,1,1,1,35666.3,0
754,15661526,Anderson,Cloud Service Analyst,09/02/1962,29/07/1999,,White Collar,Fixed Term,Part Time,Flex and Fixed,Active,Medium,Male,61,"23 Years, 4 Months",23,52030.14,4,0.36,0.43,0.52,1,1,0,1,0,58460.83,0
755,15685997,Azubuike,Accounts Payable,19/09/1980,26/06/2016,,White Collar,Fixed Term,Part Time,Fixed,Active,Medium,Female,42,"6 Years, 5 Months",6,29122.41,2,1,0.66,0.93,2,1,0,1,0,33093.65,0
756,15660101,Nnonso,Human Resoruces Coordinator,12/10/1994,02/07/2020,,White Collar,Fixed Term,Part Time,Fixed,Active,Low,Male,28,"2 Years, 5 Months",2,30593.34,3,0.7,0.37,0.48,1,0,0,1,0,33992.6,0
757,15637979,Fuller,Java Software Engineer ,28/06/1984,05/01/2013,,White Collar,Fixed Term,Part Time,Flex and Fixed,Active,Low,Female,38,"9 Years, 11 Months",9,64543.23,3,0.75,0.77,0.92,1,1,0,1,0,71714.7,0
758,15815364,Ashley,Operations Specialist,27/01/1997,02/10/2015,,Blue Collar,Fixed Term,Part Time,Fixed,Active,Low,Female,26,"7 Years, 2 Months",7,27888.93,2,0.72,0.38,0.55,2,0,1,1,1,32810.5,0
759,15647099,Ts'ui,Gateway & Procurement Specialist - Air Logistics,26/02/1970,07/06/2008,,Blue Collar,Fixed Term,Part Time,Fixed,Active,High,Female,53,"14 Years, 6 Months",14,34322.83,4,0.49,0.39,0.54,2,0,0,1,0,36513.65,0
760,15625944,Buccho,Apprentice,09/09/2003,21/02/2022,,Blue Collar,Apprentice,Part Time,Fixed,Active,High,Male,19,"0 Years, 9 Months",0,22450.5,2,0.57,0.41,0.55,0,0,1,1,1,22450.5,0
761,15583212,Chidozie,Finance Analyst,31/07/1986,22/02/1991,,White Collar,Fixed Term,Part Time,Flex and Fixed,Active,Medium,Female,36,"31 Years, 9 Months",31,46554.78,3,0.39,0.1,0.9,1,1,0,1,0,50058.9,0
762,15582741,Maclean,Inventory Clerk,14/01/2002,01/10/2014,20/07/2019,Blue Collar,Fixed Term,Part Time,Fixed,Voluntarily Terminated,High,Female,21,"4 Years, 9 Months",4,26204.5,2,0.77,0.09,0.93,4,0,0,1,0,28483.15,1
763,15637876,Burns,Trucking Team Leader- Air Logistics,03/03/1984,04/10/2002,,White Collar,Fixed Term,Part Time,Fixed,Active,High,Female,39,"20 Years, 2 Months",20,33125.9,4,0.86,0.41,0.47,4,0,0,0,0,38075.75,0
764,15622750,Chu,National Perishable Air Logistics Development Manager Retail,13/01/1962,12/06/1984,,White Collar,Fixed Term,Part Time,Flex and Fixed,Active,Low,Female,61,"38 Years, 6 Months",38,32964.06,4,0.54,0.39,0.46,2,1,0,1,0,35830.5,0
765,15672056,Kenenna,National Perishable Air Logistics Development Manager Retail,08/10/1986,20/01/2014,18/09/2021,White Collar,Fixed Term,Part Time,Flex and Fixed,Voluntarily Terminated,High,Male,36,"7 Years, 7 Months",7,29069.07,2,0.67,0.47,0.99,5,1,1,1,1,34198.9,1
766,15812351,Beluchi,IT-Support,05/10/1970,14/04/2021,,White Collar,Fixed Term,Part Time,Fixed,Active,Low,Female,52,"1  Years, 8 Months",1,43485.25,4,0.84,0.09,0.87,0,0,0,1,0,43485.25,0
767,15810864,Williamson,Senior DevOps Engineer,04/03/1980,30/07/2013,,White Collar,Fixed Term,Part Time,Flex and Fixed,Active,Medium,Female,43,"9 Years, 4 Months",9,58339.3,2,0.4,0.75,0.81,1,1,1,0,0,69451.55,0
768,15677921,Bobrov,Transport Controller,30/06/1957,22/01/2018,14/05/2020,Blue Collar,Fixed Term,Part Time,Fixed,Voluntarily Terminated,High,Male,65,"2 Years, 3 Months",2,24210.41,1,0.9,0.44,0.54,7,0,0,0,0,25755.75,1
769,15724296,Kerr,Perishable Customer Care Team Leader - Air Logistics,01/01/1982,08/03/2011,,White Collar,Fixed Term,Part Time,Fixed,Active,Medium,Male,41,"11  Years, 9 Months",11,33418.73,3,0.96,0.1,0.84,7,0,0,0,0,39784.2,0
770,15685329,McKenzie,Data Analyst,08/11/1990,02/10/1993,05/06/2020,White Collar,Fixed Term,Part Time,Flex and Fixed,Voluntarily Terminated,Medium,Female,32,"26 Years, 8 Months",26,45986.77,4,0.96,0.42,0.46,6,1,1,0,1,48922.1,1
771,15584091,Pitts,Business Development Manager,10/08/1981,01/06/2014,08/01/2021,White Collar,Fixed Term,Part Time,Flex and Fixed,Voluntarily Terminated,Low,Female,41,"6 Years, 7 Months",6,40932.74,4,0.91,0.1,0.83,3,1,0,0,0,48729.45,1
772,15640442,Standish,Regional Air logistics Trainer Specialist,31/07/1979,13/10/2020,,White Collar,Fixed Term,Part Time,Fixed,Active,High,Male,43,"2 Years, 2 Months",2,35987.66,2,0.52,0.1,0.86,1,0,0,0,0,36722.1,0
773,15639314,Cartwright,Warehouse Specialist - Air Logistics,30/06/1984,13/07/1985,,Blue Collar,Fixed Term,Part Time,Fixed,Active,Low,Male,38,"37 Years, 5 Months",37,22400.19,1,0.99,0.31,0.77,3,0,1,0,0,25747.35,0
774,15685320,Johnstone,Sea Logiscitcs Customer Care Specialist ,13/05/1986,20/04/2019,,Blue Collar,Fixed Term,Part Time,Fixed,Active,Medium,Male,36,"3 Years, 7 Months",3,34119.46,4,0.85,0.42,0.54,3,0,0,0,0,35174.7,0
775,15789158,Nikitina,Business Development Manager,18/09/1988,17/08/2017,18/10/2017,White Collar,Fixed Term,Part Time,Flex and Fixed,Voluntarily Terminated,High,Male,34,"0 Years, 2 Months",0,45567.0072,1,0.99,0.38,0.5,3,1,0,1,0,51780.69,1
776,15752137,McElroy,Forklift Operator,15/11/2001,19/03/2020,,Blue Collar,Fixed Term,Part Time,Fixed,Active,High,Male,21,"2 Years, 8 Months",2,24142.01,2,0.39,0.39,0.57,1,0,1,1,1,24634.7,0
777,15712551,Shen,Pricing Analyst,08/02/1961,08/09/1999,,White Collar,Fixed Term,Full Time,Flex and Fixed,Active,Medium,Female,62,"23 Years, 3 Months",23,42325.18,2,0.52,0.1,0.97,7,1,0,1,0,48096.8,0
778,15628936,Archer,Accounting Coordinator,29/03/1994,16/09/2011,23/09/2018,White Collar,Fixed Term,Full Time,Fixed,Voluntarily Terminated,Low,Male,28,"7 Years, 0 Months",7,30850.91,1,0.1,0.11,0.93,4,1,0,0,0,33902.1,1
779,15797227,Otutodilinna,Account Manager ,08/08/1982,19/05/2012,,White Collar,Fixed Term,Full Time,Fixed,Active,High,Male,40,"10  Years, 6 Months",10,28924.04,4,0.76,0.1,0.92,4,1,1,1,1,33632.6,0
780,15769974,Shih,Warehouse Quality Control Specialist - Air Logistics,03/08/2000,02/02/2012,,Blue Collar,Fixed Term,Full Time,Fixed,Active,High,Female,22,"10  Years, 10 Months",10,20903.1,2,1,0.11,0.9,2,0,0,0,0,25806.3,0
781,15737051,Denisov,Perishable Apprentice- Air Logistics,11/05/2003,27/02/2021,,Blue Collar,Apprentice,Full Time,Fixed,Active,Medium,Male,19,"1 Years, 9 Months",1,22180.89,4,0.99,0.44,0.65,0,0,0,1,0,22180.89,0
782,15585595,Owens,Operations Specialist,04/01/1983,09/04/2012,,Blue Collar,Fixed Term,Full Time,Fixed,Active,Medium,Female,40,"10 Years, 8 Months",10,30221.05,1,0.8,0.91,0.96,2,0,1,0,1,34342.1,0
783,15654060,P'eng,Network Engineer,10/11/1978,09/08/2019,,White Collar,Fixed Term,Full Time,Flex and Fixed,Active,Low,Male,44,"3 Years, 4 Months",3,67537.51,4,0.7,0.72,1,1,1,1,0,1,69626.3,0
784,15745196,Verco,Perishable Warehouse Shift Manager - Air Logistics,26/11/1982,15/06/2016,,White Collar,Fixed Term,Full Time,Fixed,Active,High,Female,40,"6  Years, 6 Months",6,59838.31,2,0.66,0.36,0.46,3,1,0,0,0,64204.2,0
785,15571221,Bergamaschi,Senior DevOps Engineer,19/10/1981,06/12/2007,31/08/2019,White Collar,Fixed Term,Full Time,Flex and Fixed,Voluntarily Terminated,High,Male,41,"11 Years, 8 Months",11,64565.91,2,0.24,0.44,0.57,4,1,1,1,1,70951.55,1
786,15660155,Lorenzo,Inventory Clerk,19/03/2002,12/02/2019,,Blue Collar,Fixed Term,Full Time,Fixed,Active,Low,Male,20,"3 Years, 10 Months",3,25585.14,3,0.9,0.85,0.99,2,0,1,0,1,28747.35,0
787,15605284,Outtrim,Warehouse Quality Control Specialist - Air Logistics,02/11/1968,15/08/1989,,Blue Collar,Fixed Term,Full Time,Fixed,Active,High,Male,54,"33 Years, 4 Months",33,24599.8,2,0.76,0.78,0.93,1,0,1,1,1,27640.22,0
788,15694366,Hou,Aerospace International Logistics Specialist,30/03/1984,26/11/1991,,Blue Collar,Fixed Term,Full Time,Fixed,Active,Low,Male,38,"31 Years, 0 Months",31,31956.01,3,0.9,0.39,0.46,1,0,1,0,1,36313.65,0
789,15600739,Galkin,Senior DevOps Engineer,12/03/1983,06/02/2019,,White Collar,Fixed Term,Full Time,Flex and Fixed,Active,Low,Female,39,"3 Years, 10 Months",3,66869.71,1,0.65,0.78,0.81,1,1,0,1,0,68937.85,0
790,15653253,Pagnotto,Finance Analyst,28/01/1957,29/12/2019,,White Collar,Fixed Term,Full Time,Flex and Fixed,Active,Medium,Male,66,"2 Years, 11 Months",2,49584.2,3,0.93,0.1,0.92,0,1,1,1,1,49584.2,0
791,15763431,Echezonachukwu,Perishable Operational Care Specialist - Air Logistics,03/09/1955,18/09/2005,,Blue Collar,Temporary,Full Time,Fixed,Active,High,Male,67,"17  Years, 3 Months",17,25691.19,2,0.35,0.23,0.99,4,0,1,1,1,33804.2,0
792,15643696,Young,Human Resoruces Coordinator,03/02/2000,05/09/2014,,White Collar,Fixed Term,Part Time,Fixed,Active,Medium,Male,23,"8 Years, 3 Months",8,27166.89,1,0.56,0.11,0.87,2,0,1,1,1,31961.05,0
793,15707473,Summers,Stock Investigator & Analyst,08/09/1988,08/02/2020,,White Collar,Fixed Term,Full Time,Flex and Fixed,Active,High,Female,34,"2 Years, 10 Months",2,48174.69,2,0.55,0.9,0.83,1,1,0,1,0,49157.85,0
794,15769504,Munro,Analyst Programmer ,11/05/1986,18/01/2012,,White Collar,Fixed Term,Full Time,Flex and Fixed,Active,High,Female,36,"10  Years, 11 Months",10,48336.83,3,0.84,0.91,0.89,4,1,1,1,1,58947.35,0
795,15776807,Brennan,Sea Logistics Pricing Coordinator,04/08/1999,10/06/2018,,White Collar,Fixed Term,Full Time,Fixed,Active,Low,Male,23,"4 Years, 6 Months",4,29662.07,4,0.75,0.11,0.79,1,0,0,1,0,32957.85,0
796,15686870,Ball,Air Imports Operations Manager,30/05/1988,01/10/2016,,White Collar,Fixed Term,Full Time,Fixed,Active,Medium,Male,34,"6 Years, 2 Months",6,62455.91,4,0.92,0.43,0.54,2,1,0,0,0,71788.4,0
797,15668747,Virgo,Customer Brokerage Specialist,03/08/1984,28/09/1999,,Blue Collar,Fixed Term,Full Time,Fixed,Active,Medium,Female,38,"23 Years, 2 Months",23,30183.15,3,0.56,0.45,0.49,2,1,1,0,1,33913.65,0
798,15766908,Trevisani,Gateway & Procurement Team Leader- Air Logistics,26/01/1984,05/02/2014,,White Collar,Fixed Term,Full Time,Fixed,Active,Low,Male,39,"8 Years, 10 Months",8,37306.03,2,0.65,0.11,0.91,2,0,0,1,0,43889.45,0
799,15570134,Padovano,Inside Sales Executive/ Account Manager,16/06/1959,03/06/1983,,White Collar,Fixed Term,Full Time,Flex and Fixed,Active,Medium,Female,63,"39  Years, 6 Months",39,22536.01,4,0.54,0.11,0.93,2,1,1,1,1,36348.4,0
800,15567367,Tao,National Perishable Air Logistics Development Manager Retail,21/05/1981,20/01/2018,,White Collar,Fixed Term,Full Time,Flex and Fixed,Active,Low,Female,41,"4 Years, 10 Months",4,33898.91,1,0.46,0.43,0.5,1,1,1,0,1,37251.55,0
801,15747542,Perez,Sea Logistics Pricing Coordinator,12/07/1982,16/01/2002,,White Collar,Fixed Term,Full Time,Fixed,Active,Medium,Male,40,"20  Years, 11 Months",20,24575.51,1,0.49,0.91,0.97,5,0,1,1,1,32767.35,0
802,15762238,Fraser,Finance Analyst,24/10/1979,12/08/2018,,White Collar,Fixed Term,Full Time,Flex and Fixed,Active,Medium,Female,43,"4 Years, 4 Months",4,46466.51,1,0.75,0.43,0.55,1,1,1,0,1,51062.1,0
803,15681554,Alley,National Air Logistics Security Compliance Manager,05/11/1986,24/04/1999,,White Collar,Fixed Term,Full Time,Flex and Fixed,Active,High,Female,36,"23 Years, 7 Months",23,61378.59,3,0.53,0.85,0.82,1,1,1,1,1,69748.4,0
804,15712825,Howells,Business Analyst,12/12/1981,05/09/2020,,White Collar,Fixed Term,Full Time,Flex and Fixed,Active,Low,Female,41,"2 Years, 3 Months",2,45915.69,3,0.42,0.1,0.77,2,1,1,0,1,50456.8,0
805,15640280,Cameron,Trucking Specialist - Air Logistics,25/12/1997,23/05/2018,,Blue Collar,Fixed Term,Full Time,Fixed,Active,High,Male,25,"4 Years, 6 Months",4,29714.99,1,0.86,0.81,0.95,1,0,1,0,1,32298.9,0
806,15756026,Hooper,Apprentice,03/11/2003,22/05/2009,17/01/2015,Blue Collar,Apprentice,Full Time,Fixed,Voluntarily Terminated,Low,Female,19,"5 Years, 7 Months",5,21020.868,2,0.92,0.36,0.62,3,0,0,1,0,23887.35,1
807,15613319,Rice,Sea Logistics Pricing Coordinator,17/08/1995,04/03/2018,,White Collar,Fixed Term,Full Time,Fixed,Active,Low,Female,27,"4 Years, 9 Months",4,33445.34,4,0.37,0.45,0.54,1,0,0,0,0,34838.9,0
808,15798906,Cox,Operations Specialist,20/10/1988,02/06/2018,,Blue Collar,Fixed Term,Full Time,Fixed,Active,Medium,Male,34,"4 Years, 6 Months",4,30852.95,3,0.83,0.86,1,2,0,1,1,1,34281.05,0
809,15708917,Martin,National Service Excellence Specialist- Air Logistics,27/09/1982,29/03/1998,,White Collar,Fixed Term,Full Time,Flex and Fixed,Active,High,Male,40,"24 Years, 8 Months",24,31185.56,3,0.51,0.71,1,1,0,1,1,1,35039.95,0
810,15778463,Ikenna,Inside Sales Executive/ Account Manager,09/11/1957,04/09/2000,,White Collar,Fixed Term,Full Time,Flex and Fixed,Active,Low,Female,65,"22 Years, 3 Months",22,25784.85,3,0.9,0.11,0.97,3,1,0,1,0,37918.9,0
811,15699430,Davide,Trucking Team Leader- Air Logistics,21/12/1990,27/04/2021,,White Collar,Fixed Term,Full Time,Fixed,Active,Medium,Female,32,"1  Years, 7 Months",1,38951.55,2,0.47,0.84,0.93,0,0,0,1,0,38951.55,0
812,15649992,Alexander,Customer Care Specialist-Key Accounts,05/08/1960,11/05/2006,,White Collar,Fixed Term,Full Time,Fixed,Active,High,Male,62,"16 Years, 7 Months",16,34004.22,3,0.96,0.09,0.97,1,0,1,0,1,36174.7,0
813,15578980,Piazza,Gateway & Procurement Team Leader- Air Logistics,23/08/1970,03/04/2017,,White Collar,Fixed Term,Full Time,Fixed,Active,Low,Female,52,"5 Years, 8 Months",5,35902.56,1,0.44,0.38,0.49,1,0,1,1,1,40339.95,0
814,15775306,Ni,Transport Controller,14/03/1981,22/06/2016,21/05/2021,Blue Collar,Fixed Term,Full Time,Fixed,Voluntarily Terminated,Low,Male,41,"4 Years, 10 Months",4,22660.53,2,0.22,0.15,0.55,5,0,1,1,1,26349.45,1
815,15641655,Black,Perishable Operational Care Specialist - Air Logistics,30/10/1970,01/02/2021,,Blue Collar,Fixed Term,Full Time,Fixed,Active,High,Female,52,"1  Years, 10 Months",1,33163.15,2,0.37,0.1,0.92,1,0,0,0,0,35279.95,0
816,15619708,Harker,National Perishable Air Logistics Development Manager Retail,16/11/1983,03/10/2017,,White Collar,Fixed Term,Full Time,Flex and Fixed,Active,High,Male,39,"5 Years, 2 Months",5,30499.33,4,0.37,0.8,0.97,1,1,0,1,0,33515.75,0
817,15734565,Hughes,Perishable Customer Care Team Leader - Air Logistics,16/01/1988,21/06/2020,,White Collar,Fixed Term,Full Time,Fixed,Active,Low,Male,35,"2 Years, 5 Months",2,39411.79,4,0.43,0.84,0.97,1,0,0,1,0,42838.9,0
818,15806438,Chiabuotu,Accounts Payable,21/04/1980,05/11/2016,,White Collar,Fixed Term,Full Time,Fixed,Active,Medium,Female,42,"6 Years, 1 Months",6,31197.15,3,0.79,0.11,0.87,1,1,0,0,0,36275.75,0
819,15591969,Kuo,Internal Trainer,26/12/1983,29/09/2012,,White Collar,Fixed Term,Full Time,Fixed,Active,Medium,Male,39,"10  Years, 2 Months",10,29005.65,3,0.51,0.89,0.79,4,0,1,1,0,35809.45,0
820,15747807,Gallagher,Material Handler ,16/07/2003,12/09/2021,,Blue Collar,Fixed Term,Full Time,Fixed,Active,Medium,Female,19,"1  Years, 3 Months",1,27242.1,3,0.54,0.45,0.51,0,0,0,1,0,27242.1,0
821,15596939,Calabresi,Regional Air logistics Trainer Specialist,06/05/1955,18/10/2018,,White Collar,Fixed Term,Full Time,Fixed,Active,High,Male,67,"4  Years, 2 Months",4,31583.15,3,0.57,0.11,0.93,1,0,0,1,0,32559.95,0
822,15716155,Shaw,Senior DevOps Engineer,13/01/1971,20/02/2012,,White Collar,Fixed Term,Full Time,Flex and Fixed,Active,High,Female,52,"10  Years, 9 Months",10,60313.28,4,0.41,0.74,0.93,3,1,0,0,0,70956.8,0
823,15765311,Zhirov,Recruiter Apprentice,26/12/2004,13/09/2022,,Blue Collar,Apprentice,Full Time,Fixed,Active,Low,Male,18,"0 Years, 3 Months",0,23483.15,4,0.76,0.41,0.5,0,0,0,1,0,23483.15,0
824,15757811,Lloyd,Aerospace International Logistics Specialist,01/03/1984,08/09/2006,24/12/2016,Blue Collar,Fixed Term,Full Time,Fixed,Voluntarily Terminated,Low,Female,39,"10 Years, 3 Months",10,30417.84,2,0.97,0.44,0.53,7,0,1,0,1,32707.35,1
825,15603830,Palmer,Perishable Warehouse Specialist - Air Logistics,30/04/1970,11/08/2009,,Blue Collar,Fixed Term,Full Time,Fixed,Active,High,Male,52,"13 Years, 4 Months",13,28880.61,4,0.46,0.37,0.56,1,0,0,1,0,33582.1,0
826,15660602,Ch'eng,Warehouse Quality Control Specialist - Air Logistics,03/08/1981,27/01/2014,,Blue Collar,Fixed Term,Full Time,Fixed,Active,Medium,Male,41,"8 Years, 10 Months",8,23494.25,4,0.39,0.11,0.86,2,0,1,1,0,27318.9,0
827,15660535,Avent,Sea Logiscitcs Customer Care Specialist ,08/10/1996,17/08/2015,,Blue Collar,Fixed Term,Full Time,Fixed,Active,Medium,Female,26,"7 Years, 4 Months",7,33946.83,3,0.82,0.1,0.93,1,0,1,1,1,36113.65,0
828,15666633,Huang,Cloud Service Analyst,06/05/1981,05/08/2013,,White Collar,Fixed Term,Full Time,Flex and Fixed,Active,High,Male,41,"9 Years, 4 Months",9,48464.99,2,0.56,0.7,0.74,3,1,1,1,1,58391.55,0
829,15596914,Shaw,Customer Care Specialist-Key Accounts,28/05/1981,09/12/2016,,White Collar,Fixed Term,Full Time,Fixed,Active,High,Female,41,"6 Years, 0 Months",6,27887.96,3,0.53,0.59,1,2,0,1,1,1,33199.95,0
830,15639788,Yuan,Business Development Manager,22/12/1971,16/10/2012,,White Collar,Fixed Term,Full Time,Flex and Fixed,Active,High,Female,51,"10  Years, 2 Months",10,42810.03,4,0.91,0.38,0.53,2,1,0,1,0,52207.35,0
831,15695846,Hawkins,Perishable Customer Care Team Leader - Air Logistics,19/11/1982,06/06/2003,,White Collar,Fixed Term,Full Time,Fixed,Active,High,Female,40,"19 Years, 6 Months",19,36048.19,4,0.99,0.72,0.95,1,0,1,1,1,41434.7,0
832,15726234,Trentini,Aerospace International Logistics Specialist,24/08/1980,31/08/2012,,Blue Collar,Fixed Term,Full Time,Fixed,Active,Low,Female,42,"10  Years, 3 Months",10,28778.08,1,0.96,0.73,1,3,0,1,0,1,35972.6,0
833,15797964,Cameron,Pricing Analyst,21/06/1984,20/10/2014,,White Collar,Fixed Term,Full Time,Flex and Fixed,Active,High,Female,38,"8 Years, 1 Months",8,41343.96,4,0.35,0.39,0.48,1,1,1,1,1,48639.95,0
834,15625881,Koehler,Data Engineer,13/11/1956,19/11/1999,,White Collar,Fixed Term,Full Time,Flex and Fixed,Active,Low,Male,66,"23 Years, 0 Months",23,52311.3,2,0.52,0.89,0.82,4,1,1,1,1,69748.4,0
835,15780628,Wu,BI Developer,14/08/1955,29/08/1996,,White Collar,Fixed Term,Full Time,Flex and Fixed,Active,Low,Female,67,"26 Years, 3 Months",26,40289.73,1,0.56,0.89,1,5,1,0,0,0,61984.2,0
836,15575883,Manna,Network Engineer,12/06/1981,12/12/2013,,White Collar,Fixed Term,Full Time,Flex and Fixed,Active,Medium,Male,41,"9 Years, 0 Months",9,60451.34,3,0.97,0.11,0.78,3,1,0,1,0,68694.7,0
837,15585036,Okoli,Customer Servce Administrative Officer,23/03/1980,04/04/2020,,Blue Collar,Fixed Term,Full Time,Fixed,Active,Low,Female,42,"2 Years, 8 Months",2,35728.69,1,0.46,0.43,0.56,1,0,1,1,0,36457.85,0
838,15589488,Ch'eng,Project Coordinator,19/07/1981,23/02/2015,,White Collar,Fixed Term,Part Time,Fixed,Active,Medium,Female,41,"7 Years, 9 Months",7,30757.95,2,0.48,0.09,0.93,2,0,1,1,1,33799.95,0
839,15585888,Nwokezuike,Accountant,11/04/1981,25/01/2021,09/10/2021,White Collar,Fixed Term,Full Time,Fixed,Voluntarily Terminated,Medium,Female,41,"1  Years, 10 Months",1,33328,4,0.85,0.49,0.9,8,1,1,0,1,35082.1,1
840,15727915,Artemiev,Analyst Programmer ,24/08/1959,23/08/2005,,White Collar,Fixed Term,Full Time,Flex and Fixed,Active,Medium,Male,63,"17 Years, 3 Months",17,54753.47,1,0.57,0.37,0.53,1,1,0,0,0,58874.7,0
841,15707567,Esposito,Gateway & Procurement Specialist - Air Logistics,07/01/2000,15/01/2021,,Blue Collar,Fixed Term,Full Time,Fixed,Active,Medium,Male,23,"1  Years, 11 Months",1,34438.59,1,0.53,0.36,0.56,1,0,0,0,0,36636.8,0
842,15737792,Abbie,Warehouse Quality Control Specialist - Air Logistics,05/01/1980,02/04/2020,,Blue Collar,Fixed Term,Full Time,Fixed,Active,Medium,Female,43,"2 Years, 8 Months",2,22588.16,3,0.77,0.11,0.85,1,0,0,0,0,25379.95,0
843,15599433,Fanucci,Senior DevOps Engineer,29/12/1983,15/11/2019,,White Collar,Fixed Term,Full Time,Flex and Fixed,Active,Medium,Male,39,"3 Years, 1 Months",3,66901.39,4,0.56,0.1,0.85,3,1,1,0,1,68970.5,0
844,15672012,Jen,Gateway & Procurement Specialist - Air Logistics,09/11/1994,25/10/2015,17/01/2019,Blue Collar,Fixed Term,Full Time,Fixed,Voluntarily Terminated,Medium,Female,28,"3 Years, 2 Months",3,32101.56,2,0.98,0.66,0.47,4,0,0,1,0,35668.4,1
845,15806983,Moss,Accounts Payable,16/05/1982,15/09/1995,,White Collar,Fixed Term,Full Time,Fixed,Active,High,Male,40,"27  Years, 3 Months",27,30594.96,3,0.82,0.39,0.47,5,1,0,1,0,37771.55,0
846,15592222,Lo,Business Development Manager,06/02/1987,05/03/2018,,White Collar,Fixed Term,Full Time,Flex and Fixed,Active,Low,Male,36,"4 Years, 9 Months",4,45836.26,2,0.46,0.44,0.51,2,1,0,0,0,49286.3,0
847,15608968,Averyanov,Perishable Warehouse Specialist - Air Logistics,01/07/1983,07/02/2012,,Blue Collar,Fixed Term,Full Time,Fixed,Active,Medium,Male,39,"10  Years, 10 Months",10,28501.62,2,0.86,0.1,0.84,3,0,0,0,0,33930.5,0
848,15586959,Unaipon,"Branch Air Logistics QSHE, Facilities and Security Specialist",14/12/1989,14/09/2020,,White Collar,Fixed Term,Full Time,Fixed,Active,High,Female,33,"2 Years, 3 Months",2,32151.71,3,0.49,0.79,0.94,2,0,0,1,0,35331.55,0
849,15646558,Clamp,National Air Logistics Pharma Compliance Specialist,15/07/1980,27/06/2014,,Blue Collar,Fixed Term,Full Time,Fixed,Active,Low,Male,42,"8 Years, 5 Months",8,27056.82,3,0.79,0.1,0.81,1,0,1,1,1,32210.5,0
850,15725811,Lim,BI Developer,30/11/1984,12/04/2021,,White Collar,Fixed Term,Full Time,Flex and Fixed,Active,Medium,Male,38,"1  Years, 8 Months",1,57134.7,2,0.48,0.54,0.94,1,1,1,0,1,58134.7,0
851,15572265,Wu,Regional Air logistics Trainer Specialist,26/07/1986,08/05/2017,,White Collar,Fixed Term,Full Time,Fixed,Active,Medium,Male,36,"5 Years, 7 Months",5,30507.02,4,0.71,0.37,0.47,2,0,0,1,0,33524.2,0
852,15794048,Wan,Sea Logistics Pricing Coordinator,25/04/2000,25/09/2013,04/05/2017,White Collar,Fixed Term,Full Time,Fixed,Voluntarily Terminated,Low,Female,22,"3 Years, 7 Months",3,29834.77,2,0.79,0.37,0.57,7,0,0,0,0,33903.15,1
853,15677610,Chambers,Gateway & Procurement Specialist - Air Logistics,31/01/1996,09/11/2020,,Blue Collar,Fixed Term,Full Time,Fixed,Active,Medium,Female,27,"2 Years, 1 Months",2,32246.49,4,0.88,0.82,0.89,2,0,1,1,1,34673.65,0
854,15745012,Pettit,Sales Specialist-Air Logitics ,15/09/2003,30/10/2022,,Blue Collar,Fixed Term,Full Time,Fixed,Active,Medium,Female,19,"0 Years, 1 Months",0,32851.55,3,0.54,0.45,0.52,0,0,1,1,1,32851.55,0
855,15601589,Baresi,Regional Air logistics Trainer Specialist,01/11/1980,07/04/2018,,White Collar,Fixed Term,Full Time,Fixed,Active,Low,Female,42,"4 Years, 8 Months",4,30437.96,4,0.44,0.79,0.9,3,0,1,0,1,33819.95,0
856,15686436,Newbery,Data Engineer,25/02/1962,27/06/1993,,White Collar,Fixed Term,Full Time,Flex and Fixed,Active,Low,Male,61,"29 Years, 5 Months",29,64357.02,4,0.45,0.42,0.56,3,1,0,1,0,69052.6,0
857,15693864,Iheanacho,Trucking Specialist - Air Logistics,27/01/1997,09/04/2017,23/11/2018,Blue Collar,Fixed Term,Full Time,Fixed,Voluntarily Terminated,Medium,Female,26,"1 Years, 7 Months",1,30009.84,2,0.98,0.1,0.85,7,0,0,1,0,32977.85,1
858,15760550,Duncan,Gateway & Procurement Specialist - Air Logistics,03/03/1957,22/05/2006,,Blue Collar,Fixed Term,Full Time,Fixed,Active,Low,Male,66,"16 Years, 6 Months",16,26830.86,2,0.5,0.11,0.78,4,0,1,0,1,32720.56,0
859,15686137,Barry,Sales Specialist-Air Logitics ,20/03/2002,11/07/2016,,Blue Collar,Fixed Term,Full Time,Fixed,Active,Medium,Male,20,"6 Years, 5 Months",6,32056.66,2,0.78,0.74,1,2,0,1,1,1,34844.2,0
860,15809087,Landry,Air Imports Operations Manager,31/05/1981,29/08/2011,10/01/2019,White Collar,Fixed Term,Full Time,Fixed,Voluntarily Terminated,Medium,Male,41,"7 Years, 4 Months",7,67117.6,2,0.27,0.1,0.93,3,1,0,1,0,68487.35,1
861,15807663,McGregor,Data Engineer,15/01/1961,20/10/2006,20/04/2014,White Collar,Fixed Term,Full Time,Flex and Fixed,Voluntarily Terminated,High,Male,62,"7 Years, 6 Months",7,61639.49,2,0.08,0.26,1,4,1,0,1,0,69257.85,1
862,15809100,Nucci,Project Coordinator,12/10/1984,14/12/1995,03/02/2015,White Collar,Fixed Term,Full Time,Fixed,Voluntarily Terminated,Medium,Female,38,"27  Years, 0 Months",27,31061.39,2,0.27,0.43,0.48,3,0,0,1,0,36977.85,1
863,15794916,Pirogov,IT-Support,01/08/1982,17/11/1984,,White Collar,Fixed Term,Full Time,Fixed,Active,Low,Male,40,"38 Years, 1 Months",38,31779.72,4,0.88,0.41,0.47,2,0,1,1,1,38755.75,0
864,15614215,Oguejiofor,Sea Logistics Pricing Coordinator,19/06/1981,29/01/2018,,White Collar,Fixed Term,Full Time,Fixed,Active,Medium,Male,41,"4 Years, 10 Months",4,34674.14,4,0.35,0.39,0.55,2,0,1,0,1,36118.9,0
865,15805449,Ugochukwu,Human Resoruces Coordinator,13/08/1994,06/08/2019,,White Collar,Fixed Term,Full Time,Fixed,Active,High,Male,28,"3 Years, 4 Months",3,33669.19,4,0.35,0.1,0.94,2,0,0,0,0,34710.5,0
866,15686983,Rohu,Operations Specialist,15/05/2000,07/06/2015,,Blue Collar,Fixed Term,Full Time,Fixed,Active,Medium,Female,22,"7 Years, 6 Months",7,31816.4,2,0.44,0.82,0.85,1,0,1,0,1,35351.55,0
867,15808017,Cary,Network Engineer,30/05/1981,09/02/2021,,White Collar,Fixed Term,Full Time,Flex and Fixed,Active,High,Male,41,"1  Years, 10 Months",1,70563.15,1,0.51,0.41,0.46,0,1,1,1,1,70563.15,0
868,15756804,O'Loghlen,Accounts Payable,27/01/1986,24/04/2021,,White Collar,Fixed Term,Full Time,Fixed,Active,Medium,Female,37,"1  Years, 7 Months",1,37916.8,3,0.66,0.42,0.56,0,1,0,1,0,37916.8,0
869,15646810,Quinn,Business Development Manager,11/07/1989,16/03/2012,02/09/2017,White Collar,Fixed Term,Full Time,Flex and Fixed,Voluntarily Terminated,High,Male,33,"10  Years, 9 Months",10,41316.49,2,0.66,0.38,0.88,3,1,0,1,0,49186.3,1
870,15710424,Page,Sales Account Manager,19/04/1955,10/06/1987,,White Collar,Fixed Term,Full Time,Fixed,Active,Low,Male,67,"35 Years, 6 Months",35,21618.22,3,0.92,0.38,0.57,1,1,1,1,0,36641.05,0
871,15799422,Evans,Customer Servce Administrative Officer,24/05/1996,03/08/2016,,Blue Collar,Fixed Term,Full Time,Fixed,Active,Medium,Female,26,"6 Years, 4 Months",6,30913.36,4,0.73,0.39,0.56,2,0,1,1,1,35532.6,0
872,15692750,McGregor,Operations Specialist,14/11/1984,14/07/2014,17/07/2018,Blue Collar,Fixed Term,Full Time,Fixed,Voluntarily Terminated,High,Female,38,"4 Years, 0 Months",4,30006.49,2,0.29,0.41,0.94,5,0,0,1,0,32615.75,1
873,15794549,Andrews,Trucking Team Leader- Air Logistics,05/01/1983,26/04/2018,,White Collar,Fixed Term,Full Time,Fixed,Active,Low,Female,40,"4 Years, 7 Months",4,37308.94,1,0.66,0.1,0.9,2,0,1,1,1,41920.16,0
874,15803764,Stanley,Internal Trainer,31/12/1989,29/10/2014,,White Collar,Fixed Term,Full Time,Fixed,Active,Low,Male,33,"8 Years, 1 Months",8,30234.67,2,0.68,0.78,1,1,0,0,1,0,35993.65,0
875,15674840,Chiazagomekpere,Transport Controller,03/02/1995,06/01/2016,,Blue Collar,Fixed Term,Full Time,Fixed,Active,High,Female,28,"6 Years, 11 Months",6,23771.1,2,0.89,0.14,0.73,3,0,1,0,1,25288.4,0
876,15653762,Chidiebele,Java Software Engineer ,22/01/1970,04/12/2021,,White Collar,Fixed Term,Full Time,Flex and Fixed,Active,Medium,Female,53,"1 Years, 0 Months",1,57435.63,3,0.46,0.11,0.94,1,1,0,0,0,68375.75,0
877,15581229,Gregory,Trucking Team Leader- Air Logistics,16/12/1981,14/02/2016,,White Collar,Fixed Term,Full Time,Fixed,Active,High,Female,41,"6 Years, 10 Months",6,38070.24,4,0.98,0.91,0.94,1,0,1,0,1,40500.25,0
878,15800228,Bednall,Analyst Programmer ,30/09/1968,11/10/2020,,White Collar,Fixed Term,Full Time,Flex and Fixed,Active,Medium,Female,54,"2 Years, 2 Months",2,53506.4,4,0.38,0.49,0.63,1,1,1,1,1,59451.55,0
879,15656333,Jen,Operations Specialist,18/12/1996,02/01/2013,,Blue Collar,Fixed Term,Full Time,Fixed,Active,Low,Female,26,"9 Years, 11 Months",9,28518.7,2,0.45,0.38,0.47,2,0,0,1,0,34778.9,0
880,15697497,She,Business Development Manager,26/03/1957,05/01/1990,,White Collar,Fixed Term,Full Time,Flex and Fixed,Active,Medium,Female,65,"32 Years, 11 Months",32,30687.37,3,0.84,0.82,0.97,3,1,1,1,1,49495.75,0
881,15585362,Simmons,Network Engineer,28/09/1977,18/05/2018,03/05/2019,White Collar,Fixed Term,Full Time,Flex and Fixed,Voluntarily Terminated,Low,Female,45,"0 Years, 11 Months",0,61021.048,2,0.67,0.38,0.88,3,1,0,1,0,69342.1,1
882,15571928,Fraser,Account Manager ,19/10/1978,26/11/2013,30/05/2013,White Collar,Fixed Term,Full Time,Fixed,Voluntarily Terminated,Low,Female,44,"0 Years, 6 Months",0,28379.516,2,0.89,0.37,1,3,1,0,1,0,32249.45,1
883,15785519,May,Customer Care Specialist-Key Accounts,12/09/1981,01/02/2012,,White Collar,Fixed Term,Full Time,Fixed,Active,Medium,Male,41,"10  Years, 10 Months",10,29199.22,3,0.57,0.11,0.79,1,0,0,1,0,34760.98,0
884,15743007,Seabrook,Stock Investigator & Analyst,25/03/1986,03/12/2016,,White Collar,Fixed Term,Part Time,Flex and Fixed,Active,Low,Female,36,"6 Years, 0 Months",6,48277.37,2,0.47,0.37,0.51,2,1,0,1,0,51358.9,0
885,15777211,Herrera,Java Software Engineer ,29/04/1968,30/01/1986,,White Collar,Fixed Term,Full Time,Flex and Fixed,Active,Low,Male,54,"36 Years, 10 Months",36,63215.49,1,0.6,0.38,0.5,3,1,1,1,1,67973.65,0
886,15721935,Kincaid,Stock Investigator & Analyst,11/01/1968,23/09/1987,,White Collar,Fixed Term,Full Time,Flex and Fixed,Active,Low,Male,55,"35 Years, 2 Months",35,42757.47,1,0.93,0.78,0.87,2,1,1,1,1,48042.1,0
887,15591711,Sleeman,IT-Support,21/06/1988,23/10/2019,,White Collar,Fixed Term,Full Time,Fixed,Active,High,Male,34,"3 Years, 1 Months",3,33657.46,3,0.85,0.41,0.51,2,0,0,1,0,36584.2,0
888,15625021,Hung,Warehouse Shift Team Leader Healthcare- Air Logistics,31/07/1985,06/06/2012,,White Collar,Fixed Term,Full Time,Fixed,Active,Low,Male,37,"10  Years, 6 Months",10,33278.82,2,0.67,0.41,0.51,5,0,1,1,1,39151.55,0
889,15702968,Artemieva,Gateway & Procurement Team Leader- Air Logistics,08/07/1979,31/08/2016,,White Collar,Fixed Term,Full Time,Fixed,Active,High,Male,43,"6 Years, 3 Months",6,36463.75,4,0.8,0.11,0.83,1,0,1,1,1,40970.5,0
890,15600462,Barwell,BI Developer,03/06/1991,25/05/2013,,White Collar,Fixed Term,Full Time,Flex and Fixed,Active,Low,Female,31,"9 Years, 6 Months",9,55274.65,4,0.95,0.11,0.79,1,1,1,0,1,65803.15,0
891,15768104,Wright,Java Software Engineer ,12/08/1985,02/11/2015,,White Collar,Fixed Term,Full Time,Flex and Fixed,Active,Low,Male,37,"7 Years, 1 Months",7,66083.09,4,0.44,0.43,0.57,2,1,0,0,0,71829.45,0
892,15780140,Bellucci,Gateway & Procurement Specialist - Air Logistics,18/07/1999,26/12/2014,,Blue Collar,Fixed Term,Full Time,Fixed,Active,Low,Male,23,"7 Years, 11 Months",7,34250.41,2,0.87,0.75,0.86,2,0,1,1,0,36828.4,0
893,15585255,Moore,Gateway & Procurement Team Leader- Air Logistics,08/10/1980,04/02/2015,,White Collar,Fixed Term,Full Time,Fixed,Active,High,Male,42,"7 Years, 10 Months",7,35348.33,2,0.89,0.74,0.99,2,0,0,1,0,38422.1,0
894,15772781,Ball,Pricing Analyst,07/06/1990,06/10/1995,26/05/2021,White Collar,Fixed Term,Full Time,Flex and Fixed,Voluntarily Terminated,Low,Female,32,"25 Years, 7 Months",25,42523.818,2,0.65,0.26,0.85,3,1,1,1,1,49446.3,1
895,15669987,Sung,Apprentice,14/09/2002,06/12/2021,27/02/2022,Blue Collar,Apprentice,Full Time,Fixed,Voluntarily Terminated,High,Female,20,"1  Years, 0 Months",1,20363.156,2,0.29,0.4,0.92,3,0,0,1,0,23139.95,1
896,15697000,Mello,Recruiter,10/11/1988,28/02/2012,,White Collar,Fixed Term,Full Time,Fixed,Active,Medium,Male,34,"10  Years, 9 Months",10,32600.58,3,0.87,0.1,0.79,1,0,1,1,0,39756.8,0
897,15733119,Mistry,Perishable Customer Care Team Leader - Air Logistics,03/03/1968,01/11/1991,,White Collar,Fixed Term,Full Time,Fixed,Active,Medium,Male,55,"31  Years, 1 Months",31,33203.49,4,0.56,0.44,0.56,3,0,0,1,0,40004.2,0
898,15782390,T'ien,National Perishable Air Logistics Development Manager Retail,05/09/1981,03/06/2015,,White Collar,Fixed Term,Full Time,Flex and Fixed,Active,Medium,Female,41,"7 Years, 6 Months",7,27971.72,2,0.85,0.3,0.56,1,1,0,1,0,32525.25,0
899,15654700,Fallaci,Gateway & Procurement Specialist - Air Logistics,05/01/1989,13/07/2016,12/04/2021,Blue Collar,Fixed Term,Full Time,Fixed,Voluntarily Terminated,Low,Female,34,"4 Years, 8 Months",4,28745.6,2,0.82,0.11,0.77,5,0,0,1,0,33040.92,1
900,15632210,Hill,Senior DevOps Engineer,06/01/1988,12/02/2015,,White Collar,Fixed Term,Full Time,Flex and Fixed,Active,High,Male,35,"7 Years, 10 Months",7,64284.53,4,0.26,0.84,0.83,1,1,0,1,0,69123.15,0
901,15642041,Burns,National Air Logistics Pharma Compliance Specialist,13/02/1955,29/07/1995,23/10/2021,Blue Collar,Fixed Term,Full Time,Fixed,Voluntarily Terminated,High,Male,68,"27  Years, 4 Months",27,24694,1,0.26,0.41,0.94,5,0,0,1,0,36314.7,1
902,15709737,Hunter,Gateway & Procurement Team Leader- Air Logistics,01/03/1992,25/08/2012,,White Collar,Fixed Term,Full Time,Fixed,Active,Low,Male,31,"10  Years, 3 Months",10,34912.18,3,1,0.43,0.53,3,0,1,0,1,43640.22,0
903,15792388,Li,Business Development Manager,30/10/1984,29/08/2020,,White Collar,Fixed Term,Full Time,Flex and Fixed,Active,Low,Female,38,"2 Years, 3 Months",2,46901.55,1,0.53,0.36,0.55,2,1,1,1,1,50979.95,0
904,15786014,Ku,National Service Excellence Specialist- Air Logistics,06/08/1985,03/01/2009,,White Collar,Fixed Term,Full Time,Flex and Fixed,Active,High,Male,37,"13 Years, 11 Months",13,30230.15,3,0.48,0.43,0.47,1,0,0,1,0,33219.95,0
905,15794580,Ch'en,Accounting Coordinator,22/10/1982,13/10/2019,,White Collar,Fixed Term,Full Time,Fixed,Active,Low,Male,40,"3 Years, 2 Months",3,31417.93,4,0.29,0.45,0.46,2,1,0,0,0,35301.05,0
906,15675964,Chukwukadibia,Revenue Care Specialist- Air Logistics,15/01/1960,01/02/1991,03/07/2022,White Collar,Fixed Term,Full Time,Fixed,Voluntarily Terminated,High,Female,63,"31 Years, 5 Months",31,38664.4,1,0.93,0.42,0.93,5,1,1,1,1,43443.15,1
907,15814275,Zikoranachidimma,Warehouse Specialist - Air Logistics,30/07/1980,17/09/2020,,Blue Collar,Fixed Term,Full Time,Fixed,Active,Medium,Male,42,"2 Years, 3 Months",2,27987.72,1,0.6,0.1,0.78,2,0,1,1,1,28558.9,0
908,15724848,Oluchukwu,Gateway & Procurement Specialist - Air Logistics,26/10/1979,25/03/2006,02/12/2015,Blue Collar,Fixed Term,Full Time,Fixed,Voluntarily Terminated,High,Female,43,"9 Years, 8 Months",9,30829.56,2,0.3,0.09,0.86,6,0,0,1,0,34639.95,1
909,15754713,Rivera,Trucking Specialist - Air Logistics,27/08/1961,10/03/1984,,Blue Collar,Fixed Term,Full Time,Fixed,Active,Low,Male,61,"38 Years, 9 Months",38,28422.03,4,0.99,0.92,1,4,0,1,1,1,33835.75,0
910,15693814,Niu,Warehouse Specialist - Air Logistics,03/10/1986,01/09/2007,,Blue Collar,Fixed Term,Full Time,Fixed,Active,High,Male,36,"15 Years, 3 Months",15,22365.66,2,0.67,0.92,0.9,1,0,0,1,0,24310.5,0
911,15599660,Bennett,Gateway & Procurement Team Leader- Air Logistics,03/07/1981,21/09/2015,,White Collar,Fixed Term,Full Time,Fixed,Active,High,Male,41,"7 Years, 2 Months",7,37293.21,3,0.38,0.79,0.98,2,0,1,1,1,43364.2,0
912,15746490,Wollstonecraft,Perishable Customer Care Team Leader - Air Logistics,12/02/1996,21/12/2020,,White Collar,Fixed Term,Full Time,Fixed,Active,High,Female,27,"1  Years, 11 Months",1,39546.3,2,0.66,0.43,0.51,0,0,1,1,1,39546.3,0
913,15566091,Thomsen,Operations Specialist,19/07/1980,18/02/2019,,Blue Collar,Fixed Term,Full Time,Fixed,Active,Medium,Female,42,"3 Years, 10 Months",3,30762.95,3,0.57,0.8,0.95,1,0,0,1,0,34181.05,0
914,15655961,Palermo,Gateway & Procurement Specialist - Air Logistics,07/11/1985,28/09/2004,,Blue Collar,Fixed Term,Full Time,Fixed,Active,High,Male,37,"18 Years, 2 Months",18,27204.46,3,0.78,0.44,0.49,1,0,0,1,0,32005.25,0
915,15710404,Chinwendu,Recruiter Apprentice,01/02/2004,18/06/2022,,Blue Collar,Apprentice,Full Time,Fixed,Active,Low,Male,19,"0 Years, 6 Months",0,21955.75,3,0.94,0.89,0.87,0,0,1,1,1,21955.75,0
916,15775625,McKenzie,Java Software Engineer ,15/02/1960,25/03/1995,,White Collar,Fixed Term,Full Time,Flex and Fixed,Active,Medium,Male,63,"27  Years, 8 Months",27,63961.25,4,0.56,0.48,0.88,1,1,0,1,0,66626.3,0
917,15792328,James,Accounting Coordinator,27/09/1991,24/08/2014,,White Collar,Fixed Term,Full Time,Fixed,Active,Low,Male,31,"8 Years, 3 Months",8,28947.28,3,0.26,0.11,0.82,2,1,1,1,1,34461.05,0
918,15719856,Lamb,Inside Sales Executive/ Account Manager,08/06/1981,30/09/2016,,White Collar,Fixed Term,Full Time,Flex and Fixed,Active,Medium,Female,41,"6 Years, 2 Months",6,33194.57,2,0.6,0.38,0.55,2,1,1,1,1,36081.05,0
919,15593773,Olejuru,Project Coordinator,06/10/1983,20/06/2012,,White Collar,Fixed Term,Full Time,Fixed,Active,Low,Male,39,"10  Years, 5 Months",10,25826.52,2,0.27,0.11,0.85,4,0,0,0,0,32283.15,0
920,15733114,Hay,Accounting Coordinator,22/09/1983,23/03/1996,,White Collar,Fixed Term,Part Time,Fixed,Active,Medium,Male,39,"26  Years, 8 Months",26,34055.98,1,0.29,0.82,0.86,1,1,0,1,0,35848.4,0
921,15797748,Lu,Warehouse Apprentice- Air Logistics,10/09/2003,14/08/2022,,Blue Collar,Apprentice,Full Time,Fixed,Active,High,Male,19,"0 Years, 4 Months",0,22975.75,4,0.88,0.37,0.45,0,0,1,1,1,22975.75,0
922,15743411,Chiawuotu,National Air Logistics Gateway Trade Lane Specialist,15/07/1957,22/06/2004,07/08/2021,White Collar,Fixed Term,Full Time,Fixed,Voluntarily Terminated,High,Male,65,"17 Years, 1 Months",17,28443.64,2,0.89,0.4,0.48,4,0,0,1,1,34269.45,1
923,15753337,Yeates,Aerospace International Logistics Specialist,02/11/1980,16/01/2021,26/03/2022,Blue Collar,Fixed Term,Full Time,Fixed,Voluntarily Terminated,High,Male,42,"1  Years, 11 Months",1,29269,2,0.09,0.43,0.47,4,0,0,1,0,33260.23,1
924,15601026,Gallagher,Technical Support Engineer,18/01/1962,26/08/2009,,White Collar,Fixed Term,Full Time,Flex and Fixed,Active,Medium,Female,61,"13 Years, 3 Months",13,55320.31,1,0.59,0.44,0.5,1,1,1,1,1,59484.2,0
925,15658485,Heath,Sea Logiscitcs Customer Care Specialist ,28/04/1994,06/02/2016,,Blue Collar,Fixed Term,Full Time,Fixed,Active,High,Female,28,"6 Years, 10 Months",6,29844.71,4,0.71,0.42,0.56,2,0,1,1,1,34703.15,0
926,15636731,Ts'ai,Transport Controller,30/04/1980,29/03/2013,,Blue Collar,Fixed Term,Full Time,Fixed,Active,High,Female,42,"9 Years, 8 Months",9,20259.84,2,0.68,0.11,0.8,2,0,1,1,1,24409.45,0
927,15628303,Thurgood,IT System Engineer,18/05/1985,23/09/2011,,White Collar,Fixed Term,Full Time,Flex and Fixed,Active,Medium,Male,37,"11 Years, 2 Months",11,60725.15,3,0.26,0.78,0.87,3,1,1,1,1,68230.5,0
928,15633461,Pai,National Perishable Air Logistics Development Manager Seafood,09/03/1996,18/05/2018,,White Collar,Fixed Term,Full Time,Flex and Fixed,Active,High,Male,26,"4 Years, 7 Months",4,35219.86,2,0.29,0.46,0.86,1,1,1,1,1,36687.35,0
929,15677135,Lorenzo,Cloud Service Analyst,03/10/1991,23/09/2016,,White Collar,Fixed Term,Full Time,Flex and Fixed,Active,Medium,Male,31,"6 Years, 2 Months",6,50148.88,4,0.74,0.77,0.91,7,1,1,1,1,59701.05,0
930,15590876,Knupp,Accounting Coordinator,19/04/1981,25/06/2014,,White Collar,Fixed Term,Full Time,Fixed,Active,Medium,Female,41,"8 Years, 5 Months",8,30664.06,2,0.46,0.83,0.82,1,1,0,0,0,33330.5,0
931,15790782,Baryshnikov,Project Manager,19/04/1980,06/05/2016,,White Collar,Fixed Term,Full Time,Flex and Fixed,Active,Low,Male,42,"6 Years, 7 Months",6,34395.46,4,0.28,0.32,0.58,1,1,0,0,0,40465.25,0
932,15700476,Azubuike,Finance Analyst,11/05/1990,06/07/2003,,White Collar,Fixed Term,Full Time,Flex and Fixed,Active,High,Male,32,"19  Years, 5 Months",19,39381.04,3,0.27,0.9,0.92,4,1,1,1,1,49226.3,0
933,15634141,Shephard,Trucking Team Leader- Air Logistics,03/12/1990,20/11/2015,,White Collar,Fixed Term,Full Time,Fixed,Active,Medium,Female,32,"7 Years, 0 Months",7,36762.93,1,0.78,0.42,0.52,1,0,0,1,0,43250.5,0
934,15737795,Scott,Data Analyst,16/05/1989,22/02/2009,03/08/2019,White Collar,Fixed Term,Full Time,Flex and Fixed,Voluntarily Terminated,Low,Male,33,"10 Years, 5 Months",10,45184.81,2,0.29,0.1,0.96,6,1,1,0,1,50769.45,1
935,15790299,Williamson,Gateway & Procurement Specialist - Air Logistics,07/08/1985,04/02/2016,,Blue Collar,Fixed Term,Full Time,Fixed,Active,Medium,Male,37,"6 Years, 10 Months",6,29570.77,2,0.66,0.1,0.91,2,0,1,1,1,33603.15,0
936,15675316,Avdeeva,Sea Logiscitcs Customer Care Specialist ,21/06/1984,03/12/1991,,Blue Collar,Fixed Term,Full Time,Fixed,Active,Medium,Female,38,"31 Years, 0 Months",31,35058.14,4,0.26,0.44,0.49,2,0,1,0,0,36518.9,0
937,15613630,Tang,Gateway & Procurement Team Leader- Air Logistics,23/10/1980,18/05/2017,31/12/2019,White Collar,Fixed Term,Full Time,Fixed,Voluntarily Terminated,High,Male,42,"2 Years, 7 Months",2,36737.97,1,0.67,0.1,0.95,4,0,1,1,1,38671.55,1
938,15662100,Hsu,Business Development Executive,31/12/1989,02/07/2013,,White Collar,Fixed Term,Full Time,Flex and Fixed,Active,Low,Female,33,"9 Years, 5 Months",9,38631.03,4,0.59,0.11,0.8,2,0,1,0,1,43898.9,0
939,15668032,Buchanan,Air Imports Operations Manager,06/09/1989,25/03/2017,,White Collar,Fixed Term,Full Time,Fixed,Active,Medium,Female,33,"5 Years, 8 Months",5,68093.96,2,0.46,0.1,0.89,3,1,1,1,1,71677.85,0
940,15599289,Yeh,Recruiter,24/05/1982,30/07/2016,,White Collar,Temporary,Full Time,Fixed,Active,High,Female,40,"6 Years, 4 Months",6,34040.25,2,0.29,0.39,0.47,2,0,0,1,0,38682.1,0
941,15754084,Palazzi,Internal Trainer,10/10/1990,07/09/2016,,White Collar,Fixed Term,Full Time,Fixed,Active,Low,Male,32,"6 Years, 3 Months",6,32135.42,2,0.92,0.92,0.92,2,0,1,1,1,35313.65,0
942,15676521,Y?an,Trucking Team Leader- Air Logistics,12/12/1971,15/11/2012,,White Collar,Fixed Term,Full Time,Fixed,Active,Medium,Female,51,"10  Years, 1 Months",10,34710.62,3,0.37,0.43,0.56,2,0,0,0,0,38567.35,0
943,15804586,Lin,Perishable Customer Care Team Leader - Air Logistics,28/11/1997,15/11/2020,,White Collar,Fixed Term,Full Time,Fixed,Active,Medium,Female,25,"2 Years, 1 Months",2,37523.83,3,0.58,0.11,0.89,2,0,0,1,0,42640.72,0
944,15781465,Schofield,Aerospace International Logistics Specialist,31/10/1959,16/09/1990,,Blue Collar,Fixed Term,Full Time,Fixed,Active,Medium,Female,63,"32 Years, 3 Months",32,26997.99,3,0.26,0.81,1,4,0,0,1,0,32140.47,0
945,15729362,Lombardi,Warehouse Apprentice- Air Logistics,15/04/2004,30/03/2022,,Blue Collar,Apprentice,Full Time,Fixed,Active,Medium,Male,18,"0 Years, 8 Months",0,21800.9,3,0.26,0.11,0.85,0,0,0,1,0,21800.9,0
946,15709295,Wall,Warehouse Quality Control Specialist - Air Logistics,13/08/1999,20/03/2018,,Blue Collar,Fixed Term,Full Time,Fixed,Active,Low,Female,23,"4 Years, 8 Months",4,26776.8,4,0.49,0.87,1,0,0,1,1,0,26776.8,0
947,15745324,Milani,Sea Logiscitcs Customer Care Specialist ,10/01/1980,17/07/2018,21/12/2019,Blue Collar,Fixed Term,Full Time,Fixed,Voluntarily Terminated,High,Female,43,"1 Years, 5 Months",1,33394.72,1,0.86,0.37,0.46,6,0,0,1,1,35526.3,1
948,15741336,Ejimofor,Customer Brokerage Specialist,14/06/1986,22/02/1987,03/04/2019,Blue Collar,Fixed Term,Full Time,Fixed,Voluntarily Terminated,Low,Female,36,"32 Years, 1 Months",32,31164.57,2,0.19,0.39,0.56,5,1,1,1,1,36664.2,1
949,15783659,Blackburn,Recruiter Apprentice,29/01/2003,25/03/2022,,Blue Collar,Apprentice,Full Time,Fixed,Active,Low,Male,20,"0 Years, 8 Months",0,22938.9,1,0.3,0.61,0.86,0,0,1,1,1,22938.9,0
950,15620981,Wickham,Analyst Programmer ,13/08/1981,13/12/2012,18/08/2021,White Collar,Fixed Term,Full Time,Flex and Fixed,Voluntarily Terminated,Low,Female,41,"8 Years, 8 Months",8,53949.93,2,0.29,0.11,0.95,5,1,0,0,1,63470.5,1
951,15630328,Bird,Transport Controller,02/06/1955,10/01/2014,,Blue Collar,Fixed Term,Full Time,Fixed,Active,Low,Female,67,"8 Years, 11 Months",8,21607.29,3,0.59,0.09,0.9,2,0,1,1,0,24277.85,0
952,15785899,Ch'en,National Air Logistics Gateway Trade Lane Specialist,26/03/1981,30/11/2016,,White Collar,Fixed Term,Full Time,Fixed,Active,Low,Male,41,"6 Years, 0 Months",6,32085.63,1,0.96,0.36,0.52,3,0,0,1,0,34133.65,0
953,15606149,Wood,Customer Servce Administrative Officer,03/10/1984,30/06/2021,,Blue Collar,Fixed Term,Full Time,Fixed,Active,Low,Female,38,"1  Years, 5 Months",1,31825.25,1,0.28,0.09,0.94,0,0,1,0,1,31825.25,0
954,15671139,Brizendine,Transport Controller,20/01/1994,18/03/2012,,Blue Collar,Fixed Term,Part Time,Fixed,Active,Low,Male,29,"10  Years, 9 Months",10,23565.86,2,0.26,0.41,0.71,1,0,1,1,1,28392.6,0
955,15660429,Ch'in,Business Analyst,31/12/1978,25/12/2008,22/01/2016,White Collar,Fixed Term,Part Time,Flex and Fixed,Voluntarily Terminated,Medium,Female,44,"13  Years, 11 Months",13,44321.96,2,0.68,0.4,0.46,5,1,1,0,1,47555.75,1
956,15571002,Yusupov,Recruiter Apprentice,22/07/2003,24/09/2022,,Blue Collar,Apprentice,Part Time,Fixed,Active,High,Female,19,"0 Years, 2 Months",0,21330.5,3,0.44,0.1,0.91,0,0,0,1,0,21330.5,0
957,15631681,Jibunoh,Recruiter,20/04/1981,25/11/2014,,White Collar,Fixed Term,Part Time,Fixed,Active,High,Female,41,"8 Years, 0 Months",8,38341.95,1,0.39,0.46,0.53,2,0,1,0,1,40359.95,0
958,15731522,Ts'ui,Road Logistics Sales Representative,25/07/2003,14/01/2022,,White Collar,Fixed Term,Part Time,Fixed,Active,High,Female,19,"0 Years, 11 Months",0,31320.86,4,0.98,0.39,0.57,0,0,1,1,1,31320.86,0
959,15619529,Ndukaku,Account Manager ,13/03/1982,03/04/2018,,White Collar,Fixed Term,Part Time,Fixed,Active,Low,Male,40,"4 Years, 8 Months",4,34143.12,3,0.55,0.41,0.5,1,1,0,0,0,37936.8,0
960,15628034,Wilder,Regional Air logistics Trainer Specialist,12/05/1980,02/01/2018,,White Collar,Fixed Term,Part Time,Fixed,Active,Medium,Female,42,"4 Years, 11 Months",4,29813.8,2,0.3,0.1,0.94,2,0,1,1,1,32406.3,0
961,15686164,Maclean,Warehouse Quality Control Specialist - Air Logistics,26/11/2000,11/05/2015,,Blue Collar,Fixed Term,Part Time,Fixed,Active,Medium,Female,22,"7 Years, 7 Months",7,26268.08,4,0.74,0.39,0.51,3,0,1,1,1,28245.25,0
962,15582797,Ch'iu,Sales Specialist-Air Logitics ,07/03/2003,27/08/2021,,Blue Collar,Fixed Term,Part Time,Fixed,Active,Medium,Male,19,"1  Years, 3 Months",1,32698.9,4,0.36,0.73,0.83,0,0,0,1,0,32698.9,0
963,15753831,Cox,Customer Care Specialist-Key Accounts,22/12/1956,22/05/1988,,White Collar,Fixed Term,Part Time,Fixed,Active,High,Male,66,"34  Years, 6 Months",34,20569.24,4,0.27,0.41,0.45,4,0,1,1,1,35464.2,0
964,15731815,Nepean,Human Resoruces Coordinator,29/08/1997,09/02/2019,,White Collar,Fixed Term,Part Time,Fixed,Active,Low,Male,25,"3 Years, 10 Months",3,29345.61,2,0.26,0.37,0.51,1,0,0,1,0,32972.6,0
965,15580956,McNess,Apprentice,10/10/2003,18/09/2009,15/07/2013,Blue Collar,Apprentice,Part Time,Fixed,Voluntarily Terminated,Medium,Female,19,"3 Years, 9 Months",3,19390.54,2,0.89,0.38,0.5,4,0,1,1,1,22034.7,1
966,15602084,Coles,National Air Logistics Pharma Compliance Specialist,29/03/1983,22/08/2006,,Blue Collar,Fixed Term,Part Time,Fixed,Active,Low,Female,39,"16 Years, 3 Months",16,34221.02,3,0.66,0.8,0.63,2,0,1,1,1,36796.8,0
967,15589805,Benson,National Perishable Air Logistics Development Manager Seafood,16/08/1984,06/04/1984,,White Collar,Fixed Term,Part Time,Flex and Fixed,Active,High,Female,38,"38 Years, 8 Months",38,33989.69,4,0.27,0.09,0.85,2,1,1,1,1,35040.92,0
968,15720893,Gilbert,Trucking Specialist - Air Logistics,29/03/1999,03/09/2021,,Blue Collar,Fixed Term,Part Time,Fixed,Active,Low,Female,23,"1  Years, 3 Months",1,32293.97,4,0.29,0.85,0.92,1,0,0,0,0,33993.65,0
969,15641009,Wilhelm,Perishable Apprentice- Air Logistics,30/07/2003,31/01/2022,,Blue Collar,Apprentice,Part Time,Fixed,Active,Medium,Male,19,"0 Years, 10 Months",0,23401.05,1,0.28,0.42,0.54,0,0,0,1,0,23401.05,0
970,15605926,Sinclair,Perishable Operational Care Specialist - Air Logistics,13/02/1995,18/02/2015,,Blue Collar,Fixed Term,Part Time,Fixed,Active,High,Male,28,"7 Years, 10 Months",7,28161.21,2,0.28,0.41,0.48,1,0,1,0,1,33525.25,0
971,15805955,L?,Gateway & Procurement Specialist - Air Logistics,03/04/1968,30/10/1998,,Blue Collar,Fixed Term,Part Time,Fixed,Active,High,Female,54,"24 Years, 1 Months",24,34595.95,3,0.29,0.38,0.46,1,0,1,1,1,36804.2,0
972,15801488,Buckner,Sea Logiscitcs Customer Care Specialist ,04/02/1984,27/01/2012,,Blue Collar,Fixed Term,Part Time,Fixed,Active,Low,Male,39,"10  Years, 10 Months",10,29028.82,2,0.53,0.72,1,4,0,1,1,1,34151.55,0
973,15605918,Padovesi,Internal Trainer,30/08/1955,31/07/2019,,White Collar,Fixed Term,Part Time,Fixed,Active,High,Male,67,"3  Years, 4 Months",3,33850.16,1,0.27,0.11,0.74,2,0,0,0,0,36793.65,0
974,15779711,Gray,IT-Support,23/01/1961,30/04/1993,,White Collar,Fixed Term,Part Time,Fixed,Active,High,Female,62,"29 Years, 7 Months",29,33951.32,4,0.65,0.37,0.47,2,0,1,0,1,34644.2,0
975,15705620,Lu,National Air Logistics Pharma Compliance Specialist,01/01/1980,29/05/2021,,Blue Collar,Fixed Term,Part Time,Fixed,Active,Medium,Male,43,"1  Years, 6 Months",1,34215.75,3,0.96,0.1,0.81,0,0,0,1,0,34215.75,0
976,15685357,Wright,National Air Logistics Gateway Trade Lane Specialist,03/09/1977,13/08/2013,,White Collar,Fixed Term,Part Time,Fixed,Active,High,Female,45,"9 Years, 4 Months",9,27787.49,1,0.54,0.36,0.54,2,0,1,0,1,33478.9,0
977,15570060,Palerma,Business Development Executive,11/12/1956,25/05/2002,31/03/2021,White Collar,Fixed Term,Part Time,Flex and Fixed,Voluntarily Terminated,Low,Female,66,"20  Years, 6 Months",20,32923.37,1,0.66,0.43,0.94,3,0,0,1,1,42209.45,1
978,15582616,Y?an,Human Resoruces Coordinator,11/07/1997,29/10/2021,,White Collar,Fixed Term,Part Time,Fixed,Active,Medium,Female,25,"1  Years, 1 Months",1,35938.9,2,0.54,0.11,0.87,0,0,0,1,0,35938.9,0
979,15799515,Wei,Transport Controller,14/02/1980,25/05/2020,,Blue Collar,Fixed Term,Part Time,Fixed,Active,Low,Female,43,"2 Years, 6 Months",2,27604,2,0.42,0.39,0.56,2,0,0,1,0,28167.35,0
980,15642937,Padovesi,Senior DevOps Engineer,23/09/1981,15/04/2019,,White Collar,Fixed Term,Part Time,Flex and Fixed,Active,Medium,Female,41,"3 Years, 8 Months",3,67850.97,4,0.76,0.11,0.95,3,1,0,1,0,69949.45,0
981,15624729,Tsao,Recruiter,09/01/1980,23/04/2019,,White Collar,Fixed Term,Part Time,Fixed,Active,Medium,Male,43,"3 Years, 7 Months",3,39622.95,4,0.8,0.45,0.45,1,0,0,0,0,40848.4,0
982,15566156,Franklin,Accountant,30/07/1979,02/04/2020,,White Collar,Fixed Term,Part Time,Fixed,Active,Medium,Female,43,"2 Years, 8 Months",2,33595.32,2,0.58,0.44,0.55,1,1,0,0,0,34280.94,0
983,15792360,Clark,Customer Brokerage Specialist,20/09/1961,23/05/2013,,Blue Collar,Fixed Term,Part Time,Fixed,Active,Low,Male,61,"9  Years, 6 Months",9,28719.25,4,0.3,0.85,0.97,2,1,1,1,0,33787.35,0
984,15807008,McGregor,Java Software Engineer ,08/07/1978,10/08/2009,25/08/2019,White Collar,Fixed Term,Part Time,Flex and Fixed,Voluntarily Terminated,Low,Female,44,"10 Years, 0 Months",10,67670.52,2,0.75,0.43,0.52,3,1,0,0,1,69051.55,1
985,15704770,Pan,Road Logistics Sales Representative,25/11/2004,15/02/2021,,White Collar,Fixed Term,Part Time,Fixed,Active,Low,Male,18,"1  Years, 10 Months",1,33945.25,1,0.29,0.75,0.86,0,0,1,0,1,33945.25,0
986,15756475,Kenniff,Perishable Operational Care Specialist - Air Logistics,25/08/1981,11/03/2015,,Blue Collar,Fixed Term,Full Time,Fixed,Active,Medium,Male,41,"7 Years, 9 Months",7,28518.5,4,0.3,0.11,0.55,1,0,1,1,1,33161.05,0
987,15655339,Spencer,Analyst Programmer ,20/01/1980,10/02/2014,,White Collar,Fixed Term,Full Time,Flex and Fixed,Active,High,Male,43,"8 Years, 10 Months",8,55548.37,3,0.73,0.36,0.5,1,1,0,1,0,63123.15,0
988,15613749,Lees,Regional Air logistics Trainer Specialist,03/06/1977,28/12/2018,01/04/2021,White Collar,Fixed Term,Full Time,Fixed,Voluntarily Terminated,Medium,Male,45,"2 Years, 3 Months",2,34035.75,4,0.26,0.1,0.79,4,0,0,1,1,35088.4,1
989,15664521,David,Project Manager,10/06/1958,23/05/1994,,White Collar,Temporary,Full Time,Flex and Fixed,Active,Low,Male,64,"28  Years, 6 Months",28,29953.63,3,0.4,0.74,0.89,1,1,1,1,1,44049.45,0
990,15681206,Hsing,Network Engineer,04/06/1969,07/05/2013,16/12/2015,White Collar,Fixed Term,Full Time,Flex and Fixed,Voluntarily Terminated,High,Female,53,"9  Years, 7 Months",9,53582.76,2,0.16,0.4,0.46,4,1,0,1,1,66151.55,1
991,15745527,Burke,Stock Investigator & Analyst,28/05/1978,07/10/2020,,White Collar,Fixed Term,Full Time,Flex and Fixed,Active,Low,Male,44,"2 Years, 2 Months",2,41254.61,4,0.47,0.09,0.77,1,1,0,1,0,46880.24,0
992,15806926,Watson,Perishable Customer Care Team Leader - Air Logistics,01/11/1984,18/11/2018,,White Collar,Fixed Term,Full Time,Fixed,Active,Medium,Female,38,"4 Years, 1 Months",4,38148.16,3,0.29,0.76,0.91,2,0,1,1,1,40583.15,0
993,15724563,Hawkins,Accounts Payable,12/12/1989,29/08/2014,,White Collar,Fixed Term,Full Time,Fixed,Active,Medium,Female,33,"8 Years, 3 Months",8,32263.28,2,0.29,0.45,0.57,3,1,1,0,1,37956.8,0
994,15782899,Ginn,Network Engineer,22/09/1958,31/03/2013,,White Collar,Fixed Term,Full Time,Flex and Fixed,Active,High,Female,64,"9 Years, 8 Months",9,66227.4,3,0.79,0.84,0.88,1,1,0,0,0,71986.3,0
995,15623521,Sozonov,Perishable Warehouse Specialist - Air Logistics,12/04/1991,26/11/2021,,Blue Collar,Fixed Term,Full Time,Fixed,Active,High,Male,31,"1  Years, 0 Months",1,31143,4,0.29,0.38,0.45,1,0,0,1,0,32782.1,0
996,15810218,Sun,Perishable Customer Care Team Leader - Air Logistics,30/08/1980,22/11/2020,,White Collar,Fixed Term,Full Time,Fixed,Active,Medium,Male,42,"2 Years, 0 Months",2,39284.2,1,0.4,0.38,0.46,1,0,1,0,1,43169.45,0
997,15645621,Hunter,Warehouse Shift Team Leader- Air Logistics,31/07/1984,02/09/1987,,White Collar,Fixed Term,Full Time,Fixed,Active,Low,Male,38,"35 Years, 3 Months",35,38194.11,1,0.5,0.38,0.54,1,0,1,0,1,41971.55,0
998,15608114,Manfrin,National Perishable Air Logistics Development Manager Seafood,22/08/2000,11/12/2015,,White Collar,Fixed Term,Full Time,Flex and Fixed,Active,Low,Male,22,"7 Years, 0 Months",7,30378.29,3,0.54,0.86,0.94,1,1,1,0,1,33753.65,0
999,15659557,Artamonova,Revenue Care Specialist- Air Logistics,16/07/1987,09/11/2014,,White Collar,Fixed Term,Full Time,Fixed,Active,Medium,Female,35,"8 Years, 1 Months",8,37865.22,2,0.73,0.37,0.46,1,1,1,1,1,41157.85,0
1000,15787772,Hansen,Operations Specialist,29/01/1984,05/10/2014,,Blue Collar,Fixed Term,Full Time,Fixed,Active,High,Female,39,"8 Years, 2 Months",8,30446.11,3,0.28,0.37,0.5,3,0,0,0,0,34597.85,0
1001,15691111,Pai,Gateway & Procurement Team Leader- Air Logistics,17/11/1995,30/10/2018,,White Collar,Fixed Term,Full Time,Fixed,Active,High,Female,27,"4 Years, 1 Months",4,40650.43,3,0.74,0.87,1,3,0,0,1,0,42344.2,0
1002,15592089,Larsen,Sales Specialist-Air Logitics ,15/03/2002,22/07/2012,,Blue Collar,Fixed Term,Full Time,Fixed,Active,Medium,Female,20,"10  Years, 4 Months",10,30575.34,3,0.28,0.11,0.85,1,0,1,1,1,33972.6,0
1003,15633897,Owen,Business Development Executive,02/05/1957,23/03/2009,,White Collar,Fixed Term,Full Time,Flex and Fixed,Active,Low,Male,65,"13  Years, 8 Months",13,36084.87,3,0.27,0.42,0.5,2,0,1,1,1,43475.75,0
1004,15701301,Murphy,Inventory Clerk,11/04/2003,06/04/2021,,Blue Collar,Fixed Term,Full Time,Fixed,Active,High,Female,19,"1  Years, 8 Months",1,27043.15,2,0.68,0.43,0.48,0,0,0,0,0,27043.15,0
1005,15723685,Ekechukwu,Sea Logiscitcs Customer Care Specialist ,05/08/1956,06/10/2004,,Blue Collar,Fixed Term,Full Time,Fixed,Active,High,Female,66,"18 Years, 2 Months",18,25505.35,2,0.93,0.09,0.8,2,0,0,1,0,32285.25,0
1006,15701602,Ayers,Accounting Coordinator,26/07/1958,28/03/2016,,White Collar,Fixed Term,Full Time,Fixed,Active,Medium,Male,64,"6  Years, 8 Months",6,35021.8,4,0.96,0.54,0.56,1,1,0,0,0,37657.85,0
1007,15739189,Johnson,Java Software Engineer ,04/06/1958,11/08/2001,,White Collar,Fixed Term,Full Time,Flex and Fixed,Active,Low,Female,64,"21 Years, 4 Months",21,48551.47,4,0.3,0.4,0.47,1,1,0,1,0,67432.6,0
1008,15573086,Millar,National Service Excellence Specialist- Air Logistics,20/01/1988,16/07/2015,,White Collar,Fixed Term,Full Time,Flex and Fixed,Active,Medium,Male,35,"7 Years, 5 Months",7,28182.39,3,0.43,0.36,0.52,1,0,1,1,1,33155.75,0
1009,15569050,Farrell,Air Imports Operations Manager,09/04/1984,07/03/2016,,White Collar,Fixed Term,Full Time,Fixed,Active,Medium,Male,38,"6 Years, 9 Months",6,64817.84,4,0.65,0.87,0.9,1,1,0,1,0,71228.4,0
1010,15750765,Sanders,Accounting Coordinator,05/04/1979,17/10/2012,,White Collar,Fixed Term,Full Time,Fixed,Active,Medium,Male,43,"10  Years, 2 Months",10,26527.91,1,0.6,0.75,0.88,1,1,1,1,1,32750.5,0
1011,15799811,Herrera,Aerospace International Logistics Specialist,29/03/1996,08/08/2015,29/04/2020,Blue Collar,Fixed Term,Full Time,Fixed,Voluntarily Terminated,High,Male,26,"4 Years, 8 Months",4,29839.39,2,0.65,0.43,0.53,6,0,0,1,0,33908.4,1
1012,15698442,Eberechukwu,Business Analyst,19/04/1980,19/11/2015,,White Collar,Fixed Term,Full Time,Flex and Fixed,Active,High,Male,42,"7 Years, 0 Months",7,41811.12,2,0.46,0.43,0.47,2,1,1,1,1,46456.8,0
1013,15655274,Bardin,Data Engineer,17/04/1989,16/08/2021,,White Collar,Fixed Term,Full Time,Flex and Fixed,Active,High,Female,33,"1  Years, 4 Months",1,71011.55,4,0.45,0.1,0.87,0,1,1,0,0,71011.55,0
1014,15603594,Nwankwo,Regional Air logistics Trainer Specialist,28/05/1985,14/03/2020,,White Collar,Fixed Term,Full Time,Fixed,Active,Medium,Male,37,"2 Years, 9 Months",2,32230.24,3,0.3,0.11,0.78,1,0,1,1,1,35417.85,0
1015,15585961,Talbot,Customer Brokerage Specialist,22/06/1981,24/03/2020,,Blue Collar,Fixed Term,Full Time,Fixed,Active,Low,Female,41,"2 Years, 8 Months",2,32317.97,4,0.3,0.44,0.53,1,1,1,0,0,34750.5,0
1016,15686936,McGregor,Perishable Operational Care Specialist - Air Logistics,06/08/1984,05/05/2011,,Blue Collar,Fixed Term,Full Time,Fixed,Active,Low,Female,38,"11 Years, 7 Months",11,31830.37,3,0.59,0.39,0.48,2,0,1,1,1,33862.1,0
1017,15770424,Onyeorulu,Customer Servce Administrative Officer,29/10/1957,22/01/1993,,Blue Collar,Fixed Term,Full Time,Fixed,Active,High,Male,65,"29 Years, 10 Months",29,22845.78,4,0.52,0.4,0.55,5,0,0,1,0,35147.35,0
1018,15587451,Goold,National Air Logistics Pharma Compliance Specialist,31/03/1985,29/11/2019,,Blue Collar,Fixed Term,Full Time,Fixed,Active,Medium,Male,37,"3 Years, 0 Months",3,32864.62,3,0.27,0.92,0.87,1,0,0,1,0,33881.05,0
1019,15602010,Zikoranaudodimma,Road Logistics Sales Representative,21/10/2002,23/02/2022,13/07/2022,White Collar,Fixed Term,Full Time,Fixed,Voluntarily Terminated,High,Female,20,"0 Years, 4 Months",0,27740.37,2,0.22,0.36,0.47,4,0,0,1,0,31523.15,1
1020,15600583,Garner,Accounting Coordinator,09/11/1991,25/07/2015,,White Collar,Fixed Term,Full Time,Fixed,Active,High,Male,31,"7 Years, 4 Months",7,31723.53,2,0.52,0.86,0.95,2,1,0,1,0,34482.1,0
1021,15654673,Onyinyechukwuka,Perishable Operational Care Specialist - Air Logistics,20/08/1997,29/07/2014,13/09/2016,Blue Collar,Fixed Term,Full Time,Fixed,Voluntarily Terminated,High,Male,25,"2 Years, 1 Months",2,27482.11,2,0.97,0.44,0.87,5,0,0,1,0,32716.8,1
1022,15717164,Genovese,IT System Engineer,05/03/1992,11/05/2014,,White Collar,Fixed Term,Full Time,Flex and Fixed,Active,High,Male,31,"8 Years, 7 Months",8,58282.65,1,0.28,0.8,0.95,1,1,1,1,1,66991.55,0
1023,15765014,Mai,Java Software Engineer ,30/07/1969,20/01/1983,,White Collar,Fixed Term,Full Time,Flex and Fixed,Active,High,Female,53,"39 Years, 10 Months",39,62485.21,4,0.88,0.36,0.48,2,1,1,0,1,67188.4,0
1024,15682639,Marshall,Regional Air logistics Trainer Specialist,13/03/1994,19/11/2020,,White Collar,Fixed Term,Full Time,Fixed,Active,Low,Male,28,"2 Years, 0 Months",2,34973.65,4,0.52,0.42,0.57,0,0,1,1,1,34973.65,0
1025,15729279,Naylor,Perishable Customer Care Team Leader - Air Logistics,12/09/1987,23/04/2014,,White Collar,Fixed Term,Full Time,Fixed,Active,Medium,Female,35,"8 Years, 7 Months",8,38600.86,2,0.87,0.42,0.47,2,0,0,1,0,41506.3,0
1026,15759805,Pinto,National Service Excellence Specialist- Air Logistics,21/10/1980,24/03/2016,,White Collar,Fixed Term,Full Time,Flex and Fixed,Active,Medium,Female,42,"6 Years, 8 Months",6,32405.23,2,0.29,0.4,0.45,3,0,0,1,0,34473.65,0
1027,15767864,Fulton,Technical Support Engineer,02/01/1962,27/06/2005,,White Collar,Fixed Term,Full Time,Flex and Fixed,Active,Medium,Male,61,"17 Years, 5 Months",17,59160.24,3,0.8,0.46,0.53,2,1,0,0,0,61625.25,0
1028,15769948,Palerma,Operations Specialist,15/04/1996,01/11/2018,,Blue Collar,Fixed Term,Full Time,Fixed,Active,Medium,Male,26,"4 Years, 1 Months",4,29989.06,2,0.97,0.09,0.9,2,0,1,0,1,32596.8,0
1029,15686345,McCaffrey,Inventory Clerk,02/08/2004,18/12/2021,,Blue Collar,Fixed Term,Full Time,Fixed,Active,Medium,Male,18,"1 Years, 0 Months",1,26812.6,3,0.79,0.88,0.89,0,0,1,1,1,26812.6,0
1030,15688071,Collins,Internal Trainer,08/11/1991,26/09/2020,,White Collar,Fixed Term,Full Time,Fixed,Active,High,Male,31,"2 Years, 2 Months",2,29863.74,4,0.67,0.1,0.82,2,0,1,1,1,32111.55,0
1031,15681174,Zuev,Pricing Analyst,19/01/1981,10/07/2017,,White Collar,Fixed Term,Full Time,Flex and Fixed,Active,High,Male,42,"5 Years, 5 Months",5,47274.99,3,0.72,0.1,0.97,1,1,0,0,0,49763.15,0
1032,15667521,Crawford,Accounts Payable,28/02/1956,19/11/2004,,White Collar,Fixed Term,Full Time,Fixed,Active,Low,Female,67,"18 Years, 0 Months",18,28551.28,4,0.53,0.11,0.93,2,1,0,0,0,36604.2,0
1033,15750243,Genovese,Project Coordinator,08/12/1986,21/02/2012,,White Collar,Fixed Term,Full Time,Fixed,Active,Medium,Male,36,"10  Years, 9 Months",10,30003.35,1,0.52,0.84,0.88,3,0,1,0,1,36589.45,0
1034,15695475,Maclean,Apprentice,08/11/2004,27/10/2022,,Blue Collar,Apprentice,Full Time,Fixed,Active,Medium,Male,18,"0 Years, 1 Months",0,21890.5,3,0.83,0.42,0.56,0,0,1,1,1,21890.5,0
1035,15689176,Fabro,Revenue Care Specialist- Air Logistics,09/11/1985,03/10/2015,,White Collar,Fixed Term,Full Time,Fixed,Active,High,Male,37,"7 Years, 2 Months",7,35284.26,2,0.53,0.1,0.86,3,1,1,0,1,40095.75,0
1036,15652955,Price,Forklift Operator,03/02/2004,02/08/2020,,Blue Collar,Fixed Term,Full Time,Fixed,Active,Medium,Male,19,"2 Years, 4 Months",2,23292.19,4,0.37,0.1,0.95,2,0,0,1,0,26468.4,0
1037,15668958,Chatfield,Trucking Specialist - Air Logistics,23/01/1955,21/05/2005,,Blue Collar,Fixed Term,Full Time,Fixed,Active,Low,Male,68,"17 Years, 6 Months",17,27025.75,3,0.26,0.46,0.54,2,0,0,1,0,34648.4,0
1038,15631054,Volkova,IT System Engineer,30/09/1982,25/02/2013,,White Collar,Fixed Term,Full Time,Flex and Fixed,Active,High,Female,40,"9 Years, 9 Months",9,53609.84,4,0.98,0.09,0.97,2,1,1,1,1,65377.85,0
1039,15581479,Archer,Customer Care Specialist-Key Accounts,11/08/1985,29/09/2008,,White Collar,Fixed Term,Full Time,Fixed,Active,Low,Male,37,"14 Years, 2 Months",14,29725.56,3,0.72,0.89,1,2,0,1,1,1,33028.4,0
1040,15577478,Ch'iu,National Perishable Air Logistics Development Manager Seafood,09/10/1997,03/06/2021,,White Collar,Fixed Term,Full Time,Flex and Fixed,Active,Low,Female,25,"1  Years, 6 Months",1,35828.4,2,0.6,0.82,1,0,1,1,1,1,35828.4,0
1041,15780870,McKay,BI Developer,06/05/1983,17/10/1986,,White Collar,Fixed Term,Full Time,Flex and Fixed,Active,Low,Male,39,"36 Years, 2 Months",36,57781.87,3,0.43,0.11,0.89,3,1,1,1,1,60189.45,0
1042,15692317,Craig,Stock Investigator & Analyst,13/12/1985,04/04/2012,,White Collar,Fixed Term,Full Time,Flex and Fixed,Active,Medium,Male,37,"10  Years, 8 Months",10,43263.45,2,0.3,0.81,0.84,2,1,0,1,0,48070.5,0
1043,15593969,Abramovich,National Perishable Air Logistics Development Manager Seafood,06/10/1960,09/10/2020,,White Collar,Fixed Term,Full Time,Flex and Fixed,Active,High,Female,62,"2 Years, 2 Months",2,32106.96,4,0.28,0.81,0.94,1,1,0,1,0,33796.8,0
1044,15570417,Chien,Warehouse Specialist - Air Logistics,19/01/1958,09/07/2015,,Blue Collar,Fixed Term,Full Time,Fixed,Active,Low,Male,65,"7 Years, 5 Months",7,26255.34,1,0.4,0.77,1,1,0,0,1,0,28231.55,0
1045,15779059,Timms,Accountant,10/09/1979,16/10/2021,,White Collar,Fixed Term,Full Time,Fixed,Active,High,Female,43,"1  Years, 2 Months",1,35674.7,3,0.59,0.63,0.94,0,1,1,1,0,35674.7,0
1046,15785980,Williford,Apprentice,13/04/2002,13/09/2022,,Blue Collar,Apprentice,Full Time,Fixed,Active,Low,Male,20,"0 Years, 3 Months",0,21949.45,4,0.3,0.4,0.57,0,0,0,1,0,21949.45,0
1047,15644200,Hamilton,Revenue Care Specialist- Air Logistics,28/12/1959,22/04/2014,18/01/2017,White Collar,Fixed Term,Full Time,Fixed,Voluntarily Terminated,Medium,Female,63,"2 Years, 8 Months",2,38733.99,2,0.85,0.44,1,6,1,0,1,1,41649.45,1
1048,15793949,Cheng,Customer Servce Administrative Officer,10/11/1971,29/12/2015,09/08/2020,Blue Collar,Fixed Term,Full Time,Fixed,Voluntarily Terminated,High,Female,51,"4 Years, 7 Months",4,29177.36,2,0.29,0.37,0.49,4,0,0,1,1,34326.3,1
1049,15645103,Su,Senior DevOps Engineer,23/09/1980,06/08/2014,,White Collar,Fixed Term,Full Time,Flex and Fixed,Active,High,Male,42,"8 Years, 4 Months",8,59627.03,2,0.51,0.44,0.5,2,1,0,1,0,70149.45,0
1050,15705860,McKenzie,Pricing Analyst,24/08/1987,29/11/2016,10/04/2018,White Collar,Fixed Term,Full Time,Flex and Fixed,Voluntarily Terminated,High,Male,35,"1 Years, 4 Months",1,47487.46,2,0.67,0.27,0.89,6,1,0,1,0,51616.8,1
1051,15623828,Akobundu,Gateway & Procurement Specialist - Air Logistics,25/06/1958,23/09/2014,,Blue Collar,Fixed Term,Full Time,Fixed,Active,High,Male,64,"8 Years, 2 Months",8,30944.89,4,0.3,0.79,1,2,0,1,0,1,33635.75,0
1052,15715003,Ko,National Air Logistics Pharma Compliance Specialist,21/02/1970,19/08/2001,,Blue Collar,Fixed Term,Full Time,Fixed,Active,Medium,Female,53,"21 Years, 3 Months",21,27769.03,2,0.28,0.09,0.92,2,0,1,1,1,32669.45,0
1053,15623471,Marcelo,National Service Excellence Specialist- Air Logistics,20/01/1999,09/03/2014,,White Collar,Fixed Term,Full Time,Flex and Fixed,Active,Medium,Male,24,"8 Years, 9 Months",8,31645.25,3,0.65,0.37,0.48,3,0,0,1,0,36796.8,0
1054,15798348,Chukwuebuka,Gateway & Procurement Specialist - Air Logistics,06/04/1991,04/10/2019,,Blue Collar,Fixed Term,Full Time,Fixed,Active,Medium,Female,31,"3 Years, 2 Months",3,31974.41,3,0.43,0.09,0.78,1,0,1,1,1,35926.3,0
1055,15743016,MacDonald,Apprentice,01/07/2004,06/02/2022,,Blue Collar,Apprentice,Full Time,Fixed,Active,Low,Female,18,"0 Years, 10 Months",0,21665.25,4,0.89,0.09,0.84,0,0,0,1,0,21665.25,0
1056,15769499,Lampungmeiua,Finance Analyst,17/05/1958,05/08/2019,,White Collar,Fixed Term,Full Time,Flex and Fixed,Active,Low,Female,64,"3 Years, 4 Months",3,48675.02,4,0.76,0.1,0.8,1,1,1,1,1,50703.15,0
1057,15798521,Tai,Warehouse Quality Control Specialist - Air Logistics,25/07/1997,07/10/2014,,Blue Collar,Fixed Term,Full Time,Fixed,Active,Medium,Male,25,"8 Years, 2 Months",8,24606.84,4,0.37,0.45,0.56,3,0,0,1,0,28612.6,0
1058,15706534,Enyinnaya,Warehouse Quality Control Specialist - Air Logistics,04/09/1984,30/05/2008,22/01/2015,Blue Collar,Fixed Term,Full Time,Fixed,Voluntarily Terminated,High,Female,38,"6 Years, 7 Months",6,25743.47,2,0.23,0.4,0.51,6,0,0,0,0,28925.25,1
1059,15706186,McKenzie,Pricing Analyst,03/03/1988,04/05/2019,,White Collar,Fixed Term,Full Time,Flex and Fixed,Active,Low,Male,35,"3 Years, 7 Months",3,48353.97,1,0.59,0.31,0.95,7,1,0,0,0,49849.45,0
1060,15812197,Kline,IT System Engineer,16/04/1984,04/04/2018,,White Collar,Fixed Term,Full Time,Flex and Fixed,Active,Medium,Male,38,"4 Years, 8 Months",4,59396.26,2,0.52,0.7,0.93,3,1,0,0,0,67495.75,0
1061,15650933,Ma,Material Handler ,11/03/2002,20/08/2021,,Blue Collar,Fixed Term,Full Time,Fixed,Active,High,Female,20,"1 Years, 3 Months",1,27266.3,4,0.71,0.36,0.48,0,0,0,1,0,27266.3,0
1062,15692991,Wood,Gateway & Procurement Team Leader- Air Logistics,07/12/1983,11/01/2015,,White Collar,Fixed Term,Full Time,Fixed,Active,Medium,Female,39,"7 Years, 11 Months",7,36873.99,3,0.77,0.34,0.97,2,0,1,1,0,39649.45,0
1063,15631189,Riggs,National Perishable Air Logistics Development Manager Seafood,08/09/1986,30/08/1991,09/08/2021,White Collar,Fixed Term,Full Time,Flex and Fixed,Voluntarily Terminated,High,Male,36,"31  Years, 3 Months",31,27491.34,2,0.27,0.45,0.83,3,1,0,1,0,33122.1,1
1064,15762198,Capon,Java Software Engineer ,15/04/1978,03/09/2021,,White Collar,Fixed Term,Full Time,Flex and Fixed,Active,Low,Male,44,"1  Years, 3 Months",1,71085.25,2,0.27,0.11,0.91,0,1,1,1,1,71085.25,0
1065,15699598,Smith,Gateway & Procurement Specialist - Air Logistics,21/08/1981,24/04/2016,,Blue Collar,Fixed Term,Full Time,Fixed,Active,Low,Female,41,"6 Years, 7 Months",6,29635.33,4,0.8,0.47,0.81,2,0,1,1,1,32566.3,0
1066,15692744,Davison,Network Engineer,07/02/1987,23/06/2014,19/12/2016,White Collar,Fixed Term,Full Time,Flex and Fixed,Voluntarily Terminated,High,Male,36,"2 Years, 5 Months",2,64106.57,2,0.26,0.43,0.52,7,1,0,0,0,69681.05,1
1067,15688963,Ingram,Perishable Customer Care Team Leader - Air Logistics,06/07/1996,19/05/2013,13/09/2016,White Collar,Fixed Term,Full Time,Fixed,Voluntarily Terminated,Medium,Female,26,"9  Years, 6 Months",9,37147.92,2,0.74,0.43,0.47,5,0,1,1,1,38695.75,1
1068,15599131,Dilke,National Perishable Air Logistics Development Manager Seafood,16/05/1959,18/09/2011,,White Collar,Fixed Term,Full Time,Flex and Fixed,Active,Low,Male,63,"11 Years, 3 Months",11,28745.6,2,0.75,0.45,0.57,1,1,0,1,0,35488.4,0
1069,15680303,Gibson,Data Analyst,11/09/1980,01/09/2014,26/02/2016,White Collar,Fixed Term,Full Time,Flex and Fixed,Voluntarily Terminated,High,Male,42,"1 Years, 5 Months",1,41371.3,2,0.26,0.46,1,7,1,0,1,0,49251.55,1
1070,15628674,Iadanza,Warehouse Shift Manager - Air Logistics,18/09/1979,27/01/2013,06/05/2018,White Collar,Fixed Term,Full Time,Fixed,Voluntarily Terminated,High,Male,43,"5 Years, 3 Months",5,53263.72,2,0.3,0.1,0.89,4,1,0,1,0,64955.75,1
1071,15648075,Hebert,Customer Servce Administrative Officer,26/01/1999,29/10/2016,07/01/2019,Blue Collar,Fixed Term,Full Time,Fixed,Voluntarily Terminated,High,Female,24,"2 Years, 2 Months",2,34481.17,2,0.69,0.47,0.87,5,0,0,1,0,36682.1,1
1072,15586970,Pinto,Customer Servce Administrative Officer,17/08/1981,02/09/2013,,Blue Collar,Fixed Term,Full Time,Fixed,Active,Low,Male,41,"9 Years, 3 Months",9,29677.62,3,0.57,0.9,0.95,2,0,1,1,0,35330.5,0
1073,15625698,Dumetochukwu,Network Engineer,14/05/1986,11/05/2015,,White Collar,Fixed Term,Full Time,Flex and Fixed,Active,High,Female,36,"7 Years, 7 Months",7,61409.49,1,0.85,0.53,0.95,1,1,1,0,1,66749.45,0
1074,15790497,Ross,Air Imports Operations Manager,17/12/1981,22/05/2019,,White Collar,Fixed Term,Full Time,Fixed,Active,High,Male,41,"3 Years, 6 Months",3,64171.24,3,0.82,0.45,0.54,1,1,0,0,0,70517.85,0
1075,15682618,Jamieson,National Service Excellence Specialist- Air Logistics,29/11/1984,23/08/1983,,White Collar,Fixed Term,Full Time,Flex and Fixed,Active,Medium,Female,38,"39 Years, 3 Months",39,31393.61,3,0.29,0.86,0.83,1,0,1,1,1,36504.2,0
1076,15762937,Chiganu,Regional Air logistics Trainer Specialist,04/12/1999,12/01/2019,,White Collar,Fixed Term,Full Time,Fixed,Active,Low,Female,23,"3 Years, 11 Months",3,31840.4,3,0.38,0.74,0.89,2,0,1,1,1,34989.45,0
1077,15750929,Burgess,Accountant,05/10/1984,07/12/2011,,White Collar,Fixed Term,Full Time,Fixed,Active,Medium,Male,38,"11 Years, 0 Months",11,31352.07,3,0.45,0.09,0.79,2,1,0,1,0,35627.35,0
1078,15729832,Cheng,Human Resoruces Coordinator,14/05/1985,29/10/2018,,White Collar,Fixed Term,Full Time,Fixed,Active,High,Male,37,"4  Years, 1 Months",4,28235.47,3,0.27,0.8,0.95,2,0,0,1,0,33613.65,0
1079,15633650,Woods,Operations Specialist,19/07/1957,09/08/1990,,Blue Collar,Fixed Term,Full Time,Fixed,Active,High,Female,65,"32 Years, 4 Months",32,24017.07,4,0.59,0.46,0.53,1,0,1,1,1,34807.35,0
1080,15748856,Liang,Operations Specialist,28/07/1986,30/01/2012,,Blue Collar,Fixed Term,Full Time,Fixed,Active,High,Male,36,"10  Years, 10 Months",10,26181.75,4,0.78,0.86,0.95,3,0,1,1,1,32323.15,0
1081,15589195,Bluett,Regional Air logistics Trainer Specialist,06/05/1978,17/12/2013,,White Collar,Fixed Term,Full Time,Fixed,Active,Medium,Female,44,"9 Years, 0 Months",9,28732.88,2,0.72,0.86,0.95,2,0,1,0,1,33026.3,0
1082,15699911,Chapman,Aerospace International Logistics Specialist,01/03/1980,30/06/2017,,Blue Collar,Fixed Term,Full Time,Fixed,Active,High,Female,43,"5 Years, 5 Months",5,29692.12,4,0.3,0.9,0.91,2,0,0,1,0,33741.05,0
1083,15663438,Andrejew,Human Resoruces Coordinator,24/05/1979,24/03/2019,10/10/2020,White Collar,Fixed Term,Full Time,Fixed,Voluntarily Terminated,High,Male,43,"1 Years, 6 Months",1,30723.15,2,0.26,0.49,0.88,4,0,0,1,0,32684.2,1
1084,15692583,Udobata,Java Software Engineer ,12/09/1984,09/11/2016,,White Collar,Fixed Term,Full Time,Flex and Fixed,Active,High,Female,38,"6 Years, 1 Months",6,55457.68,3,0.52,0.83,0.94,1,1,0,1,0,66021.05,0
1085,15591257,Ejimofor,Account Manager ,10/02/1980,10/07/2013,,White Collar,Fixed Term,Full Time,Fixed,Active,Low,Male,43,"9 Years, 5 Months",9,30827.28,1,1,0.77,0.83,1,1,0,1,0,35433.65,0
1086,15646513,Spyer,Accountant,01/11/1994,22/09/2019,,White Collar,Fixed Term,Full Time,Fixed,Active,High,Male,28,"3 Years, 2 Months",3,30818.33,4,0.57,0.77,1,2,1,0,1,0,33866.3,0
1087,15708063,Walker,Customer Care Specialist-Key Accounts,12/05/1988,29/05/2000,23/01/2017,White Collar,Fixed Term,Full Time,Fixed,Voluntarily Terminated,Low,Male,34,"22  Years, 6 Months",22,25663.39,2,0.75,0.41,0.86,4,0,0,0,0,34217.85,1
1088,15696098,Palermo,Recruiter Apprentice,02/01/2002,28/04/2022,,Blue Collar,Apprentice,Full Time,Fixed,Active,Medium,Female,21,"0 Years, 7 Months",0,22019.95,1,0.75,0.73,0.92,0,0,0,1,0,22019.95,0
1089,15645517,Philip,Trucking Specialist - Air Logistics,07/08/1997,16/06/2013,,Blue Collar,Fixed Term,Full Time,Fixed,Active,Low,Male,25,"9 Years, 6 Months",9,28768.59,4,0.4,0.91,0.9,1,0,1,1,1,33067.35,0
1090,15649744,Fallaci,Java Software Engineer ,07/12/1981,28/04/2020,,White Collar,Fixed Term,Full Time,Flex and Fixed,Active,Medium,Female,41,"2 Years, 7 Months",2,64365.71,4,0.89,0.36,0.53,1,1,1,1,1,70731.55,0
1091,15604304,Perry,Perishable Operational Care Specialist - Air Logistics,15/09/1986,14/01/2018,,Blue Collar,Fixed Term,Full Time,Fixed,Active,Low,Female,36,"4 Years, 11 Months",4,32678.89,3,0.3,0.38,0.54,1,0,1,1,1,36717.85,0
1092,15784092,Henderson,Material Handler ,25/02/2004,01/01/2021,,Blue Collar,Fixed Term,Full Time,Fixed,Active,Medium,Male,19,"1  Years, 11 Months",1,26690.03,4,0.92,0.44,0.46,1,0,1,1,1,28393.65,0
1093,15585198,Bergamaschi,Perishable Customer Care Team Leader - Air Logistics,29/05/1982,03/08/2017,19/11/2017,White Collar,Fixed Term,Full Time,Fixed,Voluntarily Terminated,Low,Male,40,"0 Years, 3 Months",0,38008.56,1,0.26,0.28,1,4,0,1,0,1,43191.55,1
1094,15624347,Fokine,Business Development Executive,30/08/1979,05/09/1999,,White Collar,Fixed Term,Full Time,Flex and Fixed,Active,Low,Male,43,"23 Years, 3 Months",23,30619.73,4,0.47,0.89,0.91,4,0,1,1,1,40826.3,0
1095,15621687,Mackay,Regional Air logistics Trainer Specialist,18/02/1976,19/05/2013,,White Collar,Fixed Term,Full Time,Fixed,Active,Medium,Male,47,"9 Years, 6 Months",9,30080.05,4,0.27,0.11,0.77,1,0,0,1,0,34976.8,0
1096,15689081,Wu,Sea Logistics Pricing Coordinator,22/06/1982,03/06/1999,17/05/2018,White Collar,Temporary,Full Time,Fixed,Voluntarily Terminated,High,Male,40,"18 Years, 11 Months",18,31257.84,2,0.91,0.1,0.77,3,0,0,1,0,31895.75,1
1097,15813168,Maslova,Software Engineer,14/02/1976,05/05/2013,06/09/2019,White Collar,Temporary,Full Time,Flex and Fixed,Voluntarily Terminated,High,Female,47,"6 Years, 4 Months",6,58680.59,1,0.83,0.37,0.46,4,1,1,1,1,69857.85,1
1098,15604295,Wei,Project Coordinator,28/12/1984,16/08/1999,,White Collar,Temporary,Full Time,Fixed,Active,Medium,Male,38,"23 Years, 4 Months",23,30641.39,3,0.54,0.38,0.48,4,0,0,1,0,36477.85,0
1099,15724127,McLean,Perishable Customer Care Team Leader - Air Logistics,24/03/1961,12/03/1994,,White Collar,Temporary,Full Time,Fixed,Active,High,Female,61,"28 Years, 9 Months",28,38686,3,0.49,0.42,0.48,3,0,0,0,0,41597.85,0
1100,15673055,Sung,National Service Excellence Specialist- Air Logistics,05/06/1995,24/04/2021,,White Collar,Temporary,Full Time,Flex and Fixed,Active,High,Male,27,"1  Years, 7 Months",1,36709.45,4,0.77,0.44,0.46,0,0,1,1,1,36709.45,0
1101,15768201,Paterson,Inside Sales Executive/ Account Manager,02/01/2000,30/09/2021,,White Collar,Temporary,Full Time,Flex and Fixed,Active,Medium,Female,23,"1  Years, 2 Months",1,32985.25,4,0.46,0.11,0.83,0,1,1,1,1,32985.25,0
1102,15782219,Fanucci,Recruiter,09/07/1961,11/12/1998,,White Collar,Temporary,Full Time,Fixed,Active,High,Male,61,"24 Years, 0 Months",24,32746.73,2,0.29,0.09,0.97,4,0,0,1,0,38984.2,0
1103,15746410,Thompson,Cloud Service Analyst,28/11/1969,22/02/2004,,White Collar,Temporary,Full Time,Flex and Fixed,Active,Medium,Male,53,"18 Years, 9 Months",18,58727.74,4,0.9,0.43,0.47,3,1,0,1,0,63012.6,0
1104,15780144,Tisdall,Perishable Warehouse Specialist - Air Logistics,11/02/2001,20/10/2012,,Blue Collar,Temporary,Full Time,Fixed,Active,High,Female,22,"10 Years, 1 Months",10,28602.65,1,0.3,0.38,0.52,3,0,0,1,0,33258.9,0
1105,15590476,Onochie,Transport Controller,08/07/1985,07/09/2020,,Blue Collar,Temporary,Full Time,Fixed,Active,Medium,Male,37,"2 Years, 3 Months",2,26541.18,3,0.48,0.11,0.89,2,0,0,1,0,28538.9,0
1106,15624293,Mironova,Recruiter Apprentice,22/01/2004,13/04/2022,,Blue Collar,Apprentice,Full Time,Fixed,Active,Medium,Female,19,"0 Years, 8 Months",0,21778.9,4,0.26,0.37,0.49,0,0,0,1,0,21778.9,0
1107,15618182,Ndubueze,Recruiter Apprentice,29/12/2001,30/09/2022,,Blue Collar,Apprentice,Full Time,Fixed,Active,Medium,Female,21,"0 Years, 2 Months",0,23811.55,1,0.28,0.44,0.57,0,0,0,1,0,23811.55,0
1108,15660316,Stephenson,Sea Logiscitcs Customer Care Specialist ,24/12/1994,12/12/2013,,Blue Collar,Temporary,Full Time,Fixed,Active,Medium,Female,28,"9 Years, 0 Months",9,29706.91,4,0.85,0.72,0.82,3,0,0,0,0,33757.85,0
1109,15678886,Golubev,IT System Engineer,14/06/1978,10/07/2012,,White Collar,Temporary,Full Time,Flex and Fixed,Active,Medium,Male,44,"10  Years, 5 Months",10,58598.06,1,0.29,0.1,0.91,5,1,0,1,0,71461.05,0
1110,15616330,Liao,National Service Excellence Specialist- Air Logistics,23/09/1979,15/10/2014,,White Collar,Temporary,Full Time,Flex and Fixed,Active,Low,Male,43,"8 Years, 2 Months",8,31722.57,3,0.86,0.73,0.86,1,0,0,1,0,34481.05,0
1111,15592229,Mullan,Sea Logiscitcs Customer Care Specialist ,07/07/1984,23/01/2012,28/12/2019,Blue Collar,Temporary,Full Time,Fixed,Voluntarily Terminated,Medium,Female,38,"7 Years, 11 Months",7,28255.39,4,0.76,0.09,0.82,5,0,1,1,1,32108.4,1
1112,15798424,Glover,Customer Brokerage Specialist,05/05/1961,15/05/2007,09/03/2016,Blue Collar,Temporary,Full Time,Fixed,Voluntarily Terminated,High,Male,61,"8 Years, 9 Months",8,32777.28,2,0.3,0.44,0.46,4,1,1,1,1,36828.4,1
1113,15714750,Northey,Stock Investigator & Analyst,11/03/1983,24/04/2014,,White Collar,Temporary,Full Time,Flex and Fixed,Active,Low,Female,39,"8 Years, 7 Months",8,44150.04,4,0.44,0.09,0.82,1,1,0,0,0,50170.5,0
1114,15648800,Paterson,Data Engineer,10/05/1989,16/07/2019,,White Collar,Temporary,Full Time,Flex and Fixed,Active,High,Female,33,"3 Years, 5 Months",3,68660.67,4,0.79,0.1,0.87,2,1,0,1,0,70784.2,0
1115,15626147,Maclean,Accountant,16/08/1980,20/03/2009,31/03/2017,White Collar,Temporary,Full Time,Fixed,Voluntarily Terminated,Medium,Female,42,"13  Years, 8 Months",13,32109.82,2,0.92,0.11,0.86,5,1,0,0,0,34452.6,1
1116,15626608,Howarde,Software Engineer,17/04/1986,05/01/2017,,White Collar,Temporary,Full Time,Flex and Fixed,Active,High,Male,36,"5 Years, 11 Months",5,61971.97,4,0.29,0.42,0.46,3,1,1,0,0,65233.65,0
1117,15723250,Teng,BI Developer,21/09/1969,12/07/1997,,White Collar,Temporary,Full Time,Flex and Fixed,Active,High,Male,53,"25  Years, 5 Months",25,51779.36,3,0.87,0.09,0.85,1,1,1,1,1,61642.1,0
1118,15592583,Colman,Human Resoruces Coordinator,09/12/1994,28/02/2020,,White Collar,Temporary,Full Time,Fixed,Active,High,Female,28,"2 Years, 9 Months",2,31565.75,1,0.74,0.72,0.88,1,0,0,0,0,33580.59,0
1119,15759381,Johnson,Perishable Apprentice- Air Logistics,07/02/2002,30/05/2022,,Blue Collar,Apprentice,Full Time,Fixed,Active,High,Male,21,"0 Years, 6 Months",0,22166.3,2,0.28,0.75,0.97,0,0,1,1,1,22166.3,0
1120,15585241,Butcher,Inside Sales Executive/ Account Manager,26/11/1981,13/07/2016,,White Collar,Temporary,Full Time,Flex and Fixed,Active,Low,Male,41,"6 Years, 5 Months",6,33366.99,3,0.28,0.44,0.5,2,1,0,1,0,35496.8,0
1121,15589358,Stanley,Internal Trainer,22/10/1955,17/02/1993,,White Collar,Temporary,Full Time,Fixed,Active,High,Male,67,"29 Years, 10 Months",29,22382.56,3,0.29,0.11,0.91,2,0,0,1,0,34434.7,0
1122,15672704,Jackson,Apprentice,15/11/2002,17/04/2022,,Blue Collar,Apprentice,Full Time,Fixed,Active,Low,Female,20,"0 Years, 8 Months",0,21928.4,1,0.46,0.38,0.47,0,0,0,1,0,21928.4,0
1123,15789955,Hu,National Air Logistics Gateway Trade Lane Specialist,20/05/1958,27/05/2015,17/01/2021,White Collar,Temporary,Full Time,Fixed,Voluntarily Terminated,Medium,Male,64,"5 Years, 7 Months",5,34601,1,0.97,0.39,0.57,3,0,0,0,1,36422.1,1
1124,15596800,Hill,National Air Logistics Gateway Trade Lane Specialist,27/03/1990,05/02/2014,27/04/2021,White Collar,Temporary,Full Time,Fixed,Voluntarily Terminated,High,Male,32,"7 Years, 2 Months",7,29313.31,2,0.16,0.1,0.9,4,0,1,1,1,34896.8,1
1125,15627305,Pan,National Perishable Air Logistics Development Manager Seafood,17/03/1981,08/06/2006,05/04/2015,White Collar,Temporary,Full Time,Flex and Fixed,Voluntarily Terminated,Medium,Male,41,"8 Years, 9 Months",8,31001.9,1,0.25,0.43,0.52,4,1,0,1,0,32293.65,1
1126,15645316,Han,Perishable Customer Care Team Leader - Air Logistics,05/04/1981,01/07/2018,,White Collar,Temporary,Full Time,Fixed,Active,Low,Female,41,"4 Years, 5 Months",4,36547.76,4,0.28,0.39,0.57,2,0,1,1,1,41531.55,0
1127,15593973,Wilkie,Air Imports Operations Manager,07/10/1986,03/04/2014,,White Collar,Temporary,Full Time,Fixed,Active,Medium,Female,36,"8 Years, 8 Months",8,65442.96,3,0.3,0.88,0.87,1,1,0,1,0,71133.65,0
1128,15647301,Bray,Aerospace International Logistics Specialist,24/03/1968,27/01/2017,,Blue Collar,Temporary,Full Time,Fixed,Active,Medium,Female,54,"5 Years, 10 Months",5,33001.21,1,1,0.1,0.85,1,0,1,1,1,33674.7,0
1129,15750258,Ann,Business Analyst,09/09/1957,15/07/2011,,White Collar,Temporary,Full Time,Flex and Fixed,Active,Medium,Female,65,"11  Years, 5 Months",11,46082.29,1,0.69,0.1,0.89,2,1,0,1,0,51777.85,0
1130,15685309,Souter,Gateway & Procurement Specialist - Air Logistics,16/01/1984,22/03/2007,,Blue Collar,Temporary,Full Time,Fixed,Active,Low,Female,39,"15  Years, 8 Months",15,27941.71,2,0.53,0.11,0.93,5,0,1,1,1,32872.6,0
1131,15628205,Greco,Sales Account Manager,07/07/1997,21/04/2020,,White Collar,Temporary,Full Time,Fixed,Active,High,Female,25,"2 Years, 7 Months",2,33972.04,4,0.58,0.37,0.47,1,1,1,0,1,36140.47,0
1132,15733974,Mao,Sea Logiscitcs Customer Care Specialist ,28/01/1959,26/09/1995,,Blue Collar,Fixed Term,Full Time,Fixed,Active,High,Male,64,"27 Years, 2 Months",27,22932.32,3,0.92,0.37,0.48,2,0,0,1,0,34227.35,0
1133,15762110,Anderson,BI Developer,09/06/1981,15/10/2015,,White Collar,Temporary,Full Time,Flex and Fixed,Active,High,Male,41,"7 Years, 2 Months",7,54083.67,1,0.43,0.77,0.87,3,1,1,1,1,59432.6,0
1134,15706899,Ma,National Perishable Air Logistics Development Manager Seafood,19/01/1983,12/10/1987,,White Collar,Temporary,Full Time,Flex and Fixed,Active,Medium,Male,40,"35 Years, 2 Months",35,20638.89,2,0.39,0.91,0.94,4,1,1,1,1,37525.25,0
1135,15732660,Black,Revenue Care Specialist- Air Logistics,07/02/1959,11/12/2010,,White Collar,Temporary,Full Time,Fixed,Active,High,Female,64,"12 Years, 0 Months",12,36515.22,3,0.53,0.46,0.51,3,1,1,1,1,43470.5,0
1136,15656121,Medvedeva,Business Analyst,13/05/1985,14/08/2015,,White Collar,Temporary,Full Time,Flex and Fixed,Active,Medium,Male,37,"7 Years, 4 Months",7,44882.16,1,0.44,0.11,0.87,1,1,0,0,0,49321.05,0
1137,15614220,Benson,IT-Support,03/07/1958,12/10/1995,,White Collar,Temporary,Full Time,Fixed,Active,Medium,Male,64,"27 Years, 2 Months",27,26788.78,3,0.29,0.86,0.91,2,0,1,0,1,35248.4,0
1138,15645269,Duncan,Human resources Manager,07/05/1984,10/07/2013,,White Collar,Temporary,Full Time,Flex and Fixed,Active,Medium,Female,38,"9 Years, 5 Months",9,63627.15,1,0.68,0.87,0.88,1,1,0,1,0,69919.95,0
1139,15698510,Onwudiwe,Customer Brokerage Specialist,18/10/1958,04/05/1999,,Blue Collar,Temporary,Full Time,Fixed,Active,Medium,Male,64,"23 Years, 7 Months",23,27420.67,3,0.28,0.09,0.92,1,1,0,1,0,35154.7,0
1140,15569247,Mitchell,Data Engineer,21/04/1980,21/09/2012,,White Collar,Temporary,Full Time,Flex and Fixed,Active,Medium,Female,42,"10  Years, 2 Months",10,56648.79,3,0.28,0.42,0.46,3,1,1,0,1,68251.55,0
1141,15566251,Ferrari,Data Engineer,27/08/1991,30/03/2019,21/05/2019,White Collar,Temporary,Full Time,Flex and Fixed,Voluntarily Terminated,Low,Female,31,"0 Years, 1 Months",0,59738.89,1,0.72,0.37,0.83,4,1,0,1,1,70281.05,1
1142,15716134,Russo,Human Resoruces Coordinator,13/02/1964,27/08/2013,,White Collar,Temporary,Full Time,Fixed,Active,Medium,Male,59,"9  Years, 3 Months",9,28761.12,3,0.3,0.46,0.48,3,0,1,1,1,31956.8,0
1143,15763625,Hazon,Pricing Analyst,03/11/1982,04/06/2014,,White Collar,Temporary,Full Time,Flex and Fixed,Active,High,Male,40,"8 Years, 6 Months",8,43577.56,1,0.95,0.88,1,1,1,0,1,0,49519.95,0
1144,15605965,Henderson,IT-Support,13/02/1988,05/04/2016,,White Collar,Temporary,Full Time,Fixed,Active,Low,Male,35,"6 Years, 8 Months",6,33694.54,1,0.73,0.1,0.91,1,0,1,1,1,35845.25,0
1145,15694821,Hardy,Technical Support Engineer,29/04/1958,13/06/1985,07/06/2021,White Collar,Temporary,Full Time,Flex and Fixed,Voluntarily Terminated,Low,Male,64,"35 Years, 11 Months",35,35512.47,2,0.27,0.43,0.45,3,1,1,0,1,61228.4,1
1146,15601688,Piccio,Inside Sales Executive/ Account Manager,06/10/1981,16/08/2020,,White Collar,Temporary,Full Time,Flex and Fixed,Active,Medium,Male,41,"2 Years, 4 Months",2,34073.03,2,0.72,0.37,0.49,1,1,0,1,0,34768.4,0
1147,15575581,Dickson,Network Engineer,16/05/1981,05/03/2021,,White Collar,Temporary,Full Time,Flex and Fixed,Active,Medium,Female,41,"1  Years, 9 Months",1,67127.88,3,0.87,0.8,0.95,1,1,0,1,0,70660.93,0
1148,15671209,Holden,IT System Engineer,25/09/1957,15/11/2020,,White Collar,Temporary,Full Time,Flex and Fixed,Active,Low,Female,65,"2 Years, 1 Months",2,66317.85,2,0.29,0.83,0.95,0,1,0,1,0,66317.85,0
1149,15616529,Hsieh,Technical Support Engineer,12/04/1989,29/10/2019,,White Collar,Temporary,Full Time,Flex and Fixed,Active,Medium,Male,33,"3 Years, 1 Months",3,54189.04,2,0.82,0.39,0.57,2,1,1,1,1,59548.4,0
1150,15773906,Doherty,Perishable Warehouse Specialist - Air Logistics,23/08/1982,13/02/2015,,Blue Collar,Temporary,Full Time,Fixed,Active,High,Male,40,"7 Years, 10 Months",7,33124.73,4,0.47,0.77,0.92,2,0,0,0,0,36805.25,0
1151,15722993,Page,Stock Investigator & Analyst,10/10/1982,10/12/2017,,White Collar,Temporary,Full Time,Flex and Fixed,Active,Low,Female,40,"5 Years, 0 Months",5,44365.86,4,1,0.43,0.46,3,1,0,0,0,50415.75,0
1152,15752463,Samuel,Recruiter Apprentice,15/01/2003,08/12/2021,,Blue Collar,Apprentice,Full Time,Fixed,Active,Medium,Female,20,"1  Years, 0 Months",1,23364.2,2,0.55,0.79,0.96,0,0,1,1,0,23364.2,0
1153,15589754,Malloy,Gateway & Procurement Team Leader- Air Logistics,30/07/1977,15/08/2019,,White Collar,Temporary,Full Time,Fixed,Active,Low,Male,45,"3 Years, 4 Months",3,40010.29,3,0.38,0.39,0.55,1,0,1,0,1,43489.45,0
1154,15669899,Fitts,Sales Specialist-Air Logitics ,23/08/2002,02/03/2020,26/06/2022,Blue Collar,Temporary,Full Time,Fixed,Voluntarily Terminated,Medium,Female,20,"2 Years, 3 Months",2,30349.89,2,0.87,0.1,0.88,5,0,0,0,1,33722.1,1
1155,15766887,Iadanza,Perishable Warehouse Shift Team Leader - Air Logistics,05/04/1985,30/03/2018,,White Collar,Temporary,Full Time,Fixed,Active,Medium,Male,37,"4 Years, 8 Months",4,39801.02,4,0.37,0.39,0.53,1,0,1,1,1,42796.8,0
1156,15768006,Wu,Project Coordinator,10/09/1990,13/03/2015,,White Collar,Temporary,Full Time,Fixed,Active,Medium,Male,32,"7 Years, 9 Months",7,31565.49,4,0.82,0.11,0.89,1,0,0,1,0,34687.35,0
1157,15741295,Yefimova,Aerospace International Logistics Specialist,13/10/1997,12/06/2021,,Blue Collar,Temporary,Full Time,Fixed,Active,Medium,Male,25,"1  Years, 6 Months",1,31499.96,2,0.95,0.4,0.51,1,0,1,1,1,33157.85,0
1158,15811327,Pan,Recruiter,02/05/1983,22/05/2016,,White Collar,Temporary,Full Time,Fixed,Active,Medium,Male,39,"6 Years, 6 Months",6,35032.73,3,0.3,0.42,0.52,2,0,1,0,1,38925.25,0
1159,15690007,Ts'ui,Analyst Programmer ,12/05/1957,23/02/2005,02/12/2020,White Collar,Temporary,Full Time,Flex and Fixed,Voluntarily Terminated,Low,Female,65,"15 Years, 9 Months",15,51892.93,2,0.85,0.57,0.85,5,1,0,1,1,61050.5,1
1160,15690664,Liang,Sea Logistics Pricing Coordinator,05/10/1958,14/07/1997,,White Collar,Temporary,Full Time,Fixed,Active,Medium,Male,64,"25 Years, 5 Months",25,20797.42,2,0.96,0.11,0.95,5,0,0,1,0,31040.92,0
1161,15719348,Tsao,National Service Excellence Specialist- Air Logistics,01/06/1982,08/09/2013,22/05/2016,White Collar,Temporary,Full Time,Flex and Fixed,Voluntarily Terminated,High,Male,40,"2 Years, 8 Months",2,27869.42,4,0.96,0.36,0.73,5,0,0,1,0,32406.3,1
1162,15781802,Abramov,Stock Investigator & Analyst,09/03/1987,11/08/2015,26/11/2020,White Collar,Temporary,Full Time,Flex and Fixed,Voluntarily Terminated,Low,Male,36,"5 Years, 3 Months",5,47141.19,2,0.65,0.11,0.94,2,1,0,1,0,50689.45,1
1163,15752731,Millar,Data Engineer,17/01/1984,21/04/1989,,White Collar,Temporary,Full Time,Flex and Fixed,Active,Medium,Female,39,"33 Years, 7 Months",33,61425.45,2,0.86,0.35,0.8,1,1,0,1,0,68250.5,0
1164,15600997,Demuth,Network Engineer,18/10/1979,06/08/2014,,White Collar,Temporary,Full Time,Flex and Fixed,Active,Low,Female,43,"8 Years, 4 Months",8,61098.71,3,0.93,0.78,0.99,1,1,1,0,0,70228.4,0
1165,15750776,Genovese,Human Resoruces Coordinator,06/01/1980,02/03/2019,,White Collar,Temporary,Full Time,Fixed,Active,Low,Female,43,"3 Years, 9 Months",3,30456.83,2,0.66,0.11,0.93,1,0,1,1,1,33105.25,0
1166,15723907,Lawless,National Service Excellence Specialist- Air Logistics,06/02/1981,03/11/2018,,White Collar,Temporary,Full Time,Flex and Fixed,Active,Medium,Female,42,"4 Years, 1 Months",4,35321.9,4,0.28,0.1,0.96,3,0,0,0,0,36793.65,0
1167,15633419,Brooks,IT-Support,31/01/1983,24/09/2004,,White Collar,Temporary,Full Time,Fixed,Active,Low,Female,40,"18  Years, 2 Months",18,36779.03,1,0.55,0.42,0.54,5,0,0,1,0,43269.45,0
1168,15702430,Ignatyeva,Warehouse Specialist - Air Logistics,09/04/1981,17/09/2018,,Blue Collar,Temporary,Full Time,Fixed,Active,High,Female,41,"4 Years, 3 Months",4,24020.43,3,0.59,0.43,0.5,2,0,1,1,1,25553.65,0
1169,15710456,Balmain,National Air Logistics Gateway Trade Lane Specialist,07/03/1980,24/10/2013,,White Collar,Fixed Term,Full Time,Fixed,Active,Low,Female,43,"9 Years, 1 Months",9,29615.17,1,0.29,0.79,0.84,1,0,0,1,0,34040.42,0
1170,15650351,Millar,Regional Air logistics Trainer Specialist,26/12/1983,29/01/2014,,White Collar,Temporary,Full Time,Fixed,Active,High,Female,39,"8 Years, 10 Months",8,29215.36,4,0.27,0.45,0.45,3,0,1,1,1,34780.19,0
1171,15590820,Ecuyer,Trucking Specialist - Air Logistics,01/09/1995,12/04/2018,,Blue Collar,Temporary,Full Time,Fixed,Active,High,Male,27,"4 Years, 8 Months",4,30626.51,1,0.46,0.09,0.91,1,0,0,0,0,34029.45,0
1172,15640454,Parkhill,Accounting Coordinator,03/07/1984,15/12/2015,,White Collar,Temporary,Full Time,Fixed,Active,Medium,Male,38,"7 Years, 0 Months",7,33399.34,1,0.91,0.11,0.91,1,1,0,0,0,37527.35,0
1173,15697789,Li Fonti,Sales Specialist-Air Logitics ,24/01/2003,25/08/2020,,Blue Collar,Temporary,Full Time,Fixed,Active,High,Female,20,"2 Years, 3 Months",2,31900.52,4,0.28,0.45,0.49,1,0,1,1,1,32551.55,0
1174,15808182,Beneventi,National Perishable Air Logistics Development Manager Seafood,09/03/1980,11/04/2019,,White Collar,Temporary,Full Time,Flex and Fixed,Active,High,Female,43,"3 Years, 8 Months",3,31362.42,4,0.89,0.11,0.91,1,1,0,1,0,34464.2,0
1175,15588670,Despeissis,Warehouse Specialist - Air Logistics,09/09/1956,22/03/2017,19/11/2021,Blue Collar,Temporary,Full Time,Fixed,Voluntarily Terminated,Low,Female,66,"4 Years, 7 Months",4,24198.61,1,0.79,0.09,0.8,1,0,0,1,0,27189.45,1
1176,15721292,Atkins,Gateway & Procurement Specialist - Air Logistics,07/01/1984,03/02/1998,,Blue Collar,Temporary,Full Time,Fixed,Active,Medium,Male,39,"24 Years, 10 Months",24,30282.49,3,0.3,0.78,0.71,2,0,0,1,0,32915.75,0
1177,15604217,Williams,Regional Air logistics Trainer Specialist,10/02/1981,11/07/2021,,White Collar,Temporary,Full Time,Fixed,Active,High,Male,42,"1  Years, 5 Months",1,34269.94,2,0.41,0.38,0.5,1,0,0,0,0,35697.85,0
1178,15651369,Wright,Trucking Team Leader- Air Logistics,26/05/1984,13/06/1998,,White Collar,Temporary,Full Time,Fixed,Active,High,Male,38,"24 Years, 6 Months",24,37451.57,1,0.28,0.82,0.82,1,0,0,1,0,39842.1,0
1179,15782454,Hancock,Stock Investigator & Analyst,27/08/1991,18/02/2013,06/04/2018,White Collar,Temporary,Full Time,Flex and Fixed,Voluntarily Terminated,High,Male,31,"5 Years, 1 Months",5,42259.08,2,0.75,0.37,0.89,3,1,1,1,1,48573.65,1
1180,15814032,Hsieh,Sales Specialist-Air Logitics ,23/03/2002,29/08/2013,,Blue Collar,Temporary,Full Time,Fixed,Active,Low,Female,20,"9 Years, 3 Months",9,28551.82,1,0.45,0.45,0.46,2,0,0,0,0,32445.25,0
1181,15570326,Wilkins,Perishable Operational Care Specialist - Air Logistics,29/03/1968,25/03/2002,,Blue Collar,Temporary,Full Time,Fixed,Active,Low,Male,54,"20 Years, 8 Months",20,33400.67,3,0.49,0.77,0.89,3,0,1,1,1,35914.7,0
1182,15624428,Longo,Cloud Service Analyst,01/01/1962,25/01/1991,,White Collar,Temporary,Full Time,Flex and Fixed,Active,High,Female,61,"31 Years, 10 Months",31,60973.73,2,0.97,0.39,0.5,2,1,1,1,1,65563.15,0
1183,15755638,Mancini,Business Development Executive,12/03/1987,20/12/2018,13/07/2020,White Collar,Temporary,Full Time,Flex and Fixed,Voluntarily Terminated,Low,Female,35,"1 Years, 6 Months",1,34802.57,2,0.9,0.39,0.9,4,0,1,1,1,40944.2,1
1184,15600992,Madukaego,Sales Account Manager,25/03/1979,06/07/2014,,White Collar,Temporary,Full Time,Fixed,Active,Low,Male,43,"8 Years, 5 Months",8,28298.91,1,0.27,0.11,0.77,1,1,1,1,1,32157.85,0
1185,15755649,Winter-Irving,Account Manager ,26/12/1981,18/07/2016,,White Collar,Temporary,Full Time,Fixed,Active,Medium,Male,41,"6 Years, 5 Months",6,31432.62,2,0.8,0.46,0.45,1,1,0,1,0,36129.45,0
1186,15795228,Stewart,IT System Engineer,10/01/1980,19/09/2016,,White Collar,Temporary,Full Time,Flex and Fixed,Active,Low,Male,43,"6 Years, 2 Months",6,62873.12,3,0.67,0.43,0.49,2,1,1,1,1,66886.3,0
1187,15589257,Grant,Stock Investigator & Analyst,01/01/1969,06/08/2002,,White Collar,Temporary,Full Time,Flex and Fixed,Active,Low,Female,54,"20 Years, 4 Months",20,41291.72,2,0.46,0.11,0.96,3,1,1,1,1,50355.75,0
1188,15719302,Brennan,Recruiter,04/12/1982,12/04/2021,01/12/2022,White Collar,Temporary,Full Time,Fixed,Voluntarily Terminated,Medium,Female,40,"1  Years, 8 Months",1,37745.97,2,0.11,0.1,0.93,3,0,1,1,1,39732.6,1
1189,15639882,She,Finance Analyst,11/10/1979,07/11/2019,,White Collar,Temporary,Full Time,Flex and Fixed,Active,Medium,Male,43,"3 Years, 1 Months",3,47803.64,1,0.29,0.09,0.8,1,1,0,1,0,49282.1,0
1190,15791279,Murray,Air Imports Operations Manager,16/05/1977,02/08/2016,,White Collar,Temporary,Full Time,Fixed,Active,Medium,Male,45,"6 Years, 4 Months",6,59214.03,1,0.79,0.36,0.51,1,1,1,1,1,68062.1,0
1191,15636935,Rischbieth,Software Engineer,13/06/1959,02/05/2008,,White Collar,Temporary,Full Time,Flex and Fixed,Active,Medium,Female,63,"14 Years, 7 Months",14,52981.04,2,0.7,0.11,0.89,2,1,1,1,0,66226.3,0
1192,15686909,Lung,Gateway & Procurement Specialist - Air Logistics,16/09/1956,26/04/2009,,Blue Collar,Temporary,Full Time,Fixed,Active,High,Male,66,"13 Years, 7 Months",13,30605.68,4,0.27,0.09,0.77,3,0,1,0,1,34388.4,0
1193,15589572,Otutodilichukwu,Inventory Clerk,17/02/2003,06/05/2009,16/09/2019,Blue Collar,Temporary,Full Time,Fixed,Voluntarily Terminated,High,Female,20,"10 Years, 4 Months",10,22832,1,0.26,0.44,0.51,3,0,0,1,0,24497.85,1
1194,15779947,Thomas,Senior DevOps Engineer,29/10/1988,09/01/1994,02/10/2020,White Collar,Temporary,Full Time,Flex and Fixed,Voluntarily Terminated,High,Female,34,"28  Years, 11 Months",28,61244.51,1,0.99,0.49,0.97,4,1,0,1,0,68049.45,1
1195,15573769,Fiorentini,Operations Specialist,01/05/1981,03/06/2018,,Blue Collar,Temporary,Full Time,Fixed,Active,High,Female,41,"4 Years, 6 Months",4,33233.42,4,0.4,0.21,0.58,1,0,0,1,0,35354.7,0
1196,15578866,Hughes,Accounts Payable,18/11/1995,30/10/2018,,White Collar,Temporary,Full Time,Fixed,Active,Low,Female,27,"4 Years, 1 Months",4,33447.19,2,0.3,0.8,0.85,2,1,1,1,1,34840.82,0
1197,15739131,Whitworth,Customer Care Specialist-Key Accounts,03/09/2000,08/01/2018,,White Collar,Temporary,Full Time,Fixed,Active,Low,Male,22,"4 Years, 11 Months",4,32621.09,2,0.82,0.37,0.55,1,0,0,1,0,35847.35,0
1198,15813444,McIntosh,Gateway & Procurement Specialist - Air Logistics,14/06/1956,21/04/2006,,Blue Collar,Temporary,Full Time,Fixed,Active,High,Female,66,"16 Years, 7 Months",16,27697.88,4,0.57,0.79,0.96,5,0,0,1,0,36930.5,0
1199,15678058,Ayers,Project Manager,03/01/1961,17/07/1992,,White Collar,Temporary,Full Time,Flex and Fixed,Active,Low,Male,62,"30 Years, 5 Months",30,28081.03,4,0.36,0.09,0.8,1,1,0,1,0,40115.75,0
1200,15769169,Trentino,Perishable Customer Care Team Leader - Air Logistics,17/02/1985,11/05/2019,,White Collar,Temporary,Full Time,Fixed,Active,High,Male,38,"3 Years, 7 Months",3,39505.38,3,0.83,0.75,0.74,2,0,1,0,1,42478.9,0
1201,15804602,Boyd,National Perishable Air Logistics Development Manager Seafood,01/07/1955,19/10/2007,,White Collar,Temporary,Full Time,Flex and Fixed,Active,Low,Male,67,"15 Years, 1 Months",15,28804.06,4,0.84,0.83,1,4,1,0,0,0,36460.83,0
1202,15651052,McMasters,Accountant,13/06/1996,10/01/2015,17/07/2020,White Collar,Temporary,Full Time,Fixed,Voluntarily Terminated,High,Male,26,"5 Years, 6 Months",5,31797.14,2,0.93,0.1,0.77,4,1,0,1,0,37408.4,1
1203,15724334,Alekseyeva,Sea Logistics Pricing Coordinator,11/02/1980,29/08/2016,,White Collar,Temporary,Full Time,Fixed,Active,Low,Male,43,"6 Years, 3 Months",6,32880.17,2,0.83,0.44,0.55,2,0,0,1,0,34978.9,0
1204,15569451,Miller,Aerospace International Logistics Specialist,05/07/1987,09/09/2017,,Blue Collar,Temporary,Full Time,Fixed,Active,Low,Male,35,"5 Years, 3 Months",5,32910.79,1,0.59,0.42,0.97,2,0,1,1,1,35772.6,0
1205,15650098,Baranova,Regional Air logistics Trainer Specialist,24/02/1969,05/06/2019,,White Collar,Fixed Term,Full Time,Fixed,Active,Medium,Female,54,"3 Years, 6 Months",3,32459.94,4,0.57,0.43,0.56,1,0,1,1,1,36886.3,0
1206,15724307,Mitchell,Software Engineer,27/08/1979,03/06/2018,,White Collar,Temporary,Full Time,Flex and Fixed,Active,Low,Male,43,"4 Years, 6 Months",4,61812.36,4,0.3,0.09,0.84,1,1,1,0,1,67187.35,0
1207,15599268,Yobachi,Transport Controller,08/07/1987,09/02/2019,,Blue Collar,Temporary,Full Time,Fixed,Active,High,Male,35,"3 Years, 10 Months",3,22594.74,1,0.26,0.44,0.53,2,0,0,1,0,25387.35,0
1208,15594864,Huang,Perishable Warehouse Specialist - Air Logistics,10/02/1957,01/09/1995,,Blue Collar,Temporary,Full Time,Fixed,Active,Medium,Male,66,"27 Years, 3 Months",27,21164.57,4,0.92,0.81,0.98,2,0,1,1,1,32560.88,0
1209,15616451,Genovese,Perishable Apprentice- Air Logistics,25/07/2002,10/01/2022,,Blue Collar,Apprentice,Full Time,Fixed,Active,Low,Female,20,"0 Years, 11 Months",0,22623.15,3,0.84,0.1,0.79,0,0,1,1,1,22623.15,0
1210,15715667,Sorokina,Perishable Operational Care Specialist - Air Logistics,02/06/1969,10/02/1990,,Blue Collar,Temporary,Full Time,Fixed,Active,Medium,Female,53,"32  Years, 10 Months",32,33699.02,1,0.73,0.1,0.93,1,0,0,0,0,35103.15,0
1211,15658969,Gray,Inside Sales Executive/ Account Manager,01/04/1981,13/10/2015,,White Collar,Temporary,Full Time,Flex and Fixed,Active,Low,Male,41,"7 Years, 2 Months",7,32216.18,2,0.83,0.11,0.83,2,1,0,1,0,34641.05,0
1212,15738174,Ervin,National Air Logistics Pharma Compliance Specialist,28/02/1997,05/02/2015,,Blue Collar,Temporary,Full Time,Fixed,Active,High,Female,26,"7 Years, 10 Months",7,29058.61,3,0.5,0.09,0.77,2,0,1,0,0,33400.7,0
1213,15813590,Vance,Sea Logiscitcs Customer Care Specialist ,24/02/1982,24/07/2020,30/03/2022,Blue Collar,Temporary,Full Time,Fixed,Voluntarily Terminated,High,Male,41,"1 Years, 8 Months",1,32179.55,2,0.89,0.48,0.83,3,0,0,1,1,36156.8,1
1214,15624229,Noble,Inside Sales Executive/ Account Manager,17/03/1989,02/10/2019,,White Collar,Temporary,Full Time,Flex and Fixed,Active,High,Female,33,"3 Years, 2 Months",3,32310.17,4,0.29,0.38,0.55,3,1,1,1,1,33309.45,0
1215,15674148,Milanesi,Stock Investigator & Analyst,04/10/1988,06/01/2016,11/01/2021,White Collar,Temporary,Full Time,Flex and Fixed,Voluntarily Terminated,High,Male,34,"5 Years, 0 Months",5,47832.14,1,0.26,0.09,0.87,4,1,0,1,0,50885.25,1
1216,15625080,Parkin,Perishable Warehouse Specialist - Air Logistics,26/06/1985,30/08/2012,07/07/2015,Blue Collar,Temporary,Full Time,Fixed,Voluntarily Terminated,Medium,Female,37,"2 Years, 10 Months",2,32355.44,2,0.28,0.29,0.97,4,0,0,1,0,33015.75,1
1217,15682528,Cremonesi,Business Development Manager,31/08/1984,14/02/2015,,White Collar,Temporary,Full Time,Flex and Fixed,Active,Medium,Male,38,"7 Years, 10 Months",7,42436.76,4,0.27,0.44,0.56,3,1,1,0,0,50519.95,0
1218,15696900,Burns,Analyst Programmer ,04/04/1977,05/04/2015,,White Collar,Temporary,Full Time,Flex and Fixed,Active,Low,Male,45,"7 Years, 8 Months",7,51990.95,4,0.72,0.76,0.95,2,1,1,1,1,58416.8,0
1219,15730038,Docherty,Customer Servce Administrative Officer,13/06/1997,19/03/2011,10/01/2013,Blue Collar,Temporary,Full Time,Fixed,Voluntarily Terminated,Low,Female,25,"11  Years, 8 Months",11,32686.68,2,0.26,0.42,0.56,3,0,0,0,0,35071.55,1
1220,15812272,Ugonna,Gateway & Procurement Specialist - Air Logistics,28/09/1981,16/12/2018,20/09/2020,Blue Collar,Temporary,Full Time,Fixed,Terminated for Cause,Low,Male,41,"1 Years, 9 Months",1,29892.25,2,0.19,0.35,1,4,0,1,1,1,35167.35,1
1221,15654654,L?,Trucking Specialist - Air Logistics,07/07/2000,18/04/2019,,Blue Collar,Temporary,Full Time,Fixed,Active,High,Female,22,"3 Years, 8 Months",3,30313.5,1,0.71,0.36,0.52,2,0,1,1,1,32248.4,0
1222,15697625,Bevan,Customer Servce Administrative Officer,15/05/1981,23/12/2019,,Blue Collar,Temporary,Full Time,Fixed,Active,High,Male,41,"2 Years, 11 Months",2,34524.86,2,0.67,0.75,0.93,2,0,0,1,0,35229.45,0
1223,15616280,Hsia,Finance Analyst,31/05/1968,25/11/2012,,White Collar,Temporary,Full Time,Flex and Fixed,Active,Low,Male,54,"10 Years, 0 Months",10,49188.34,2,0.4,0.4,0.46,3,1,0,1,0,51237.85,0
1224,15654229,O'Neill,Customer Servce Administrative Officer,18/12/1996,13/05/2012,,Blue Collar,Temporary,Full Time,Fixed,Active,High,Male,26,"10  Years, 7 Months",10,31720.73,2,0.84,0.75,0.89,2,0,1,0,1,35245.25,0
1225,15628298,Johnstone,Regional Air logistics Trainer Specialist,16/01/1980,09/10/2017,,White Collar,Temporary,Full Time,Fixed,Active,Medium,Female,43,"5 Years, 2 Months",5,33172.96,4,1,0.09,0.84,8,0,0,1,0,34918.9,0
1226,15733387,Pham,Inventory Clerk,27/03/2002,18/04/2020,,Blue Collar,Temporary,Full Time,Fixed,Active,High,Female,20,"2 Years, 8 Months",2,25477.56,3,0.94,0.39,0.46,2,0,1,1,1,28308.4,0
1227,15775572,Bergamaschi,Aerospace International Logistics Specialist,26/12/1980,08/03/2018,,Blue Collar,Temporary,Full Time,Fixed,Active,Low,Female,42,"4 Years, 9 Months",4,30169.09,3,0.26,0.4,0.48,1,0,0,1,0,33897.85,0
1228,15613844,Murphy,Sales Specialist-Air Logitics ,12/03/2002,27/02/2019,,Blue Collar,Temporary,Full Time,Fixed,Active,Low,Female,20,"3 Years, 9 Months",3,32399.02,3,0.76,0.39,0.54,3,0,0,1,0,33401.05,0
1229,15578515,Osinachi,Gateway & Procurement Team Leader- Air Logistics,09/06/1956,04/03/1994,,White Collar,Temporary,Full Time,Fixed,Active,High,Female,66,"28 Years, 9 Months",28,27851.34,2,0.28,0.1,0.85,4,0,0,1,0,40957.85,0
1230,15607598,Muravyov,Transport Controller,10/05/1981,27/04/2013,,Blue Collar,Temporary,Full Time,Fixed,Active,Medium,Female,41,"9 Years, 7 Months",9,26200.31,3,0.76,0.42,0.55,2,0,1,1,1,28791.55,0
1231,15742480,Igwebuike,Gateway & Procurement Team Leader- Air Logistics,05/08/1994,29/02/2012,,White Collar,Temporary,Full Time,Fixed,Active,Medium,Male,28,"10  Years, 9 Months",10,32319.68,2,0.28,0.37,0.52,7,0,1,0,1,38023.15,0
1232,15749482,Zack,Recruiter,05/03/1981,02/03/2017,,White Collar,Temporary,Full Time,Fixed,Active,High,Male,42,"5 Years, 9 Months",5,34703.53,3,0.57,0.11,0.98,2,0,0,1,0,38135.75,0
1233,15607537,Crawford,National Service Excellence Specialist- Air Logistics,14/12/1979,18/12/2016,30/11/2019,White Collar,Temporary,Full Time,Flex and Fixed,Voluntarily Terminated,High,Male,43,"2 Years, 11 Months",2,30400.21,2,0.75,0.09,0.88,4,0,0,1,0,32688.4,1
1234,15575410,Chidiegwu,Gateway & Procurement Specialist - Air Logistics,02/09/1980,18/03/2014,,Blue Collar,Temporary,Full Time,Fixed,Active,Low,Female,42,"8 Years, 9 Months",8,28576.76,3,0.45,0.41,0.54,1,0,0,1,0,34019.95,0
1235,15684865,Lucchesi,Stock Investigator & Analyst,15/09/1980,12/05/2021,,White Collar,Temporary,Full Time,Flex and Fixed,Active,Low,Female,42,"1  Years, 7 Months",1,48803.15,4,0.46,0.42,0.49,0,1,1,1,1,48803.15,0
1236,15600700,Pan,IT-Support,23/01/1985,14/01/2016,,White Collar,Temporary,Full Time,Fixed,Active,High,Male,38,"6 Years, 11 Months",6,36254.3,3,0.29,0.4,0.49,3,0,1,1,1,38568.4,0
1237,15774155,Trevisani,National Service Excellence Specialist- Air Logistics,15/12/1995,23/08/2019,,White Collar,Temporary,Full Time,Flex and Fixed,Active,Low,Male,27,"3 Years, 3 Months",3,33807.02,3,0.55,0.36,0.47,3,0,1,1,1,34852.6,0
1238,15634267,Yudin,Trucking Specialist - Air Logistics,19/08/1980,16/11/2021,,Blue Collar,Temporary,Full Time,Fixed,Active,High,Male,42,"1  Years, 1 Months",1,30262.03,3,0.27,0.74,0.9,1,0,0,1,0,32193.65,0
1239,15619626,Wade,Pricing Analyst,03/04/1989,13/11/2018,,White Collar,Temporary,Full Time,Flex and Fixed,Active,Medium,Male,33,"4 Years, 1 Months",4,49031.71,3,0.28,0.66,1,3,1,1,0,1,51074.7,0
1240,15660422,Chung,Internal Trainer,31/08/1989,26/08/2016,,White Collar,Temporary,Full Time,Fixed,Active,Medium,Male,33,"6 Years, 3 Months",6,29591.86,4,0.73,0.38,0.47,2,0,0,1,0,35228.4,0
1241,15617934,Septimus,Cloud Service Analyst,09/07/1981,14/07/2014,,White Collar,Temporary,Full Time,Flex and Fixed,Active,High,Male,41,"8 Years, 5 Months",8,50133.25,3,0.27,0.43,0.51,2,1,1,1,1,58980.29,0
1242,15760774,Hargraves,Recruiter,16/10/1985,07/03/2021,,White Collar,Temporary,Full Time,Fixed,Active,Low,Female,37,"1  Years, 9 Months",1,38630.99,3,0.87,0.43,0.53,1,0,1,1,1,40664.2,0
1243,15813132,Chukwukadibia,Human Resoruces Coordinator,18/05/1983,26/07/2004,,White Collar,Temporary,Full Time,Fixed,Active,High,Male,39,"18 Years, 4 Months",18,29220.55,1,0.53,0.1,0.85,3,0,1,1,1,31419.95,0
1244,15593331,Sidorov,National Air Logistics Pharma Compliance Specialist,20/06/1984,10/03/2011,,Blue Collar,Temporary,Full Time,Fixed,Active,High,Male,38,"11 Years, 9 Months",11,29638.2,3,0.83,0.82,0.85,1,0,1,0,1,32569.45,0
1245,15616709,Bunton,Operations Specialist,17/02/1997,07/06/2018,,Blue Collar,Temporary,Full Time,Fixed,Active,High,Female,26,"4 Years, 6 Months",4,30995.01,3,0.26,0.1,0.77,1,0,0,0,0,34438.9,0
1246,15658052,Cameron,National Air Logistics Pharma Compliance Specialist,15/06/1981,17/12/2008,25/04/2015,Blue Collar,Temporary,Full Time,Fixed,Voluntarily Terminated,High,Female,41,"6 Years, 4 Months",6,34266.51,4,0.3,0.1,0.93,3,0,0,1,0,35326.3,1
1247,15721189,Kung,Accountant,25/12/1969,15/10/2010,,White Collar,Temporary,Full Time,Fixed,Active,High,Female,53,"12 Years, 2 Months",12,30724.82,2,0.79,0.43,0.49,1,1,1,1,1,37017.85,0
1248,15711288,Hay,Account Manager ,13/05/1983,09/08/2017,,White Collar,Temporary,Full Time,Fixed,Active,High,Male,39,"5 Years, 4 Months",5,31230.2,1,0.5,0.09,0.94,2,1,0,1,0,34318.9,0
1249,15770030,Conti,Sales Account Manager,24/01/2001,06/02/2020,,White Collar,Temporary,Full Time,Fixed,Active,Medium,Female,22,"2 Years, 10 Months",2,33318.54,3,0.3,0.41,0.54,1,1,1,1,1,35445.25,0
1250,15803681,Sims,Regional Air logistics Trainer Specialist,25/10/1989,19/06/2015,,White Collar,Temporary,Full Time,Fixed,Active,Medium,Female,33,"7 Years, 5 Months",7,33770.72,4,0.51,0.1,0.82,2,0,1,1,1,35926.3,0
1251,15702789,Carter,Perishable Warehouse Specialist - Air Logistics,10/03/1981,21/05/2019,,Blue Collar,Temporary,Full Time,Fixed,Active,High,Male,42,"3 Years, 6 Months",3,31693.84,1,0.35,0.88,0.92,2,0,1,1,0,34828.4,0
1252,15814930,McGregor,Human Resoruces Coordinator,01/11/1985,12/05/2012,04/07/2019,White Collar,Temporary,Full Time,Fixed,Voluntarily Terminated,Medium,Female,37,"10  Years, 7 Months",10,29168.51,2,0.84,0.43,0.57,3,0,0,1,0,32409.45,1
1253,15658306,Lo,National Service Excellence Specialist- Air Logistics,27/08/1979,18/08/2012,,White Collar,Temporary,Full Time,Flex and Fixed,Active,High,Male,43,"10  Years, 4 Months",10,29520.9,4,0.28,0.42,0.5,1,0,1,1,1,35567.35,0
1254,15699523,Chu,Analyst Programmer ,28/02/1992,17/08/2016,,White Collar,Temporary,Full Time,Flex and Fixed,Active,Medium,Female,31,"6 Years, 4 Months",6,49766.14,3,0.3,0.85,1,2,1,0,1,0,58548.4,0
1255,15610383,Dumetolisa,National Air Logistics Service Excellence Manager,04/09/1988,14/03/2013,12/05/2018,White Collar,Temporary,Full Time,Fixed,Voluntarily Terminated,High,Female,34,"5 Years, 1 Months",5,35874.48,2,0.21,0.38,0.49,4,1,0,1,0,40308.4,1
1256,15615032,Peng,Sales Account Manager,29/01/1991,24/02/2019,,White Collar,Temporary,Full Time,Fixed,Active,Low,Male,32,"3 Years, 9 Months",3,28980.69,1,0.83,0.39,0.47,1,1,1,1,1,32932.6,0
1257,15781989,Drake-Brockman,Transport Controller,19/11/1956,28/08/1983,,Blue Collar,Temporary,Full Time,Fixed,Active,Low,Male,66,"39 Years, 3 Months",39,14784.5745,4,0.48,0.41,0.48,3,0,0,1,0,25937.85,0
1258,15647402,Wan,Project Coordinator,11/02/1984,02/06/2011,,White Collar,Temporary,Full Time,Fixed,Active,High,Female,39,"11 Years, 6 Months",11,33874.98,1,0.72,0.88,0.92,1,0,1,1,1,37225.25,0
1259,15740494,Cameron,Sales Account Manager,13/05/1996,20/09/2013,,White Collar,Temporary,Full Time,Fixed,Active,High,Female,26,"9 Years, 2 Months",9,27731.47,4,0.8,0.78,0.96,2,1,0,1,0,33013.65,0
1260,15701265,Tretiakov,Pricing Analyst,01/11/1986,23/10/2020,,White Collar,Temporary,Full Time,Flex and Fixed,Active,Low,Female,36,"2 Years, 1 Months",2,45387.91,2,0.98,0.45,0.48,1,1,1,0,1,48804.2,0
1261,15743532,Ball,Revenue Care Specialist- Air Logistics,18/01/1980,04/02/2015,23/10/2020,White Collar,Temporary,Full Time,Fixed,Voluntarily Terminated,Medium,Male,43,"5 Years, 8 Months",5,36895.86,4,0.26,0.09,0.95,5,1,0,1,0,40104.2,1
1262,15794870,Sal,National Perishable Air Logistics Development Manager Seafood,06/09/1996,02/02/2020,,White Collar,Temporary,Full Time,Flex and Fixed,Active,Medium,Male,26,"2 Years, 10 Months",2,32259.49,4,0.95,0.44,0.56,2,1,0,1,0,32917.85,0
1263,15747591,Chung,Inventory Clerk,24/10/2002,04/08/2021,,Blue Collar,Temporary,Full Time,Fixed,Active,High,Female,20,"1 Years, 4 Months",1,26140.47,1,0.99,0.11,0.84,0,0,1,0,1,26140.47,0
1264,15726557,Lai,Perishable Customer Care Team Leader - Air Logistics,28/08/1971,16/11/2020,,White Collar,Temporary,Full Time,Fixed,Active,Low,Female,51,"2 Years, 1 Months",2,41124.92,4,0.29,0.36,0.51,2,0,0,0,0,41964.2,0
1265,15732199,Gether,Trucking Specialist - Air Logistics,31/12/1980,27/04/2020,,Blue Collar,Temporary,Full Time,Fixed,Active,High,Male,42,"2 Years, 7 Months",2,35662.69,4,0.99,0.86,0.98,2,0,1,0,1,36390.5,0
1266,15662291,Davidson,Aerospace International Logistics Specialist,24/01/1980,22/10/2015,19/06/2020,Blue Collar,Temporary,Full Time,Fixed,Voluntarily Terminated,Medium,Female,43,"4 Years, 7 Months",4,33898.97,2,0.28,0.1,0.92,3,0,0,1,0,36450.5,1
1267,15749050,Justice,Aerospace International Logistics Specialist,17/12/1968,13/06/2011,,Blue Collar,Temporary,Full Time,Fixed,Active,Low,Female,54,"11 Years, 6 Months",11,30724.47,1,0.96,0.45,0.53,1,0,0,1,0,33763.15,0
1268,15781586,Osonduagwuike,Trucking Team Leader- Air Logistics,04/01/1980,26/03/2018,,White Collar,Temporary,Full Time,Fixed,Active,Low,Male,43,"4 Years, 8 Months",4,34703.01,2,0.6,0.42,0.53,1,0,1,1,1,38558.9,0
1269,15617078,Ewing,Regional Air logistics Trainer Specialist,21/02/1986,28/06/2012,,White Collar,Temporary,Full Time,Fixed,Active,Low,Female,37,"10  Years, 5 Months",10,27234.52,3,0.46,0.36,0.55,5,0,0,1,0,34043.15,0
1270,15723339,Chin,Transport Controller,30/10/1994,10/12/2020,,Blue Collar,Temporary,Full Time,Fixed,Active,Low,Female,28,"2 Years, 0 Months",2,27222.29,1,0.71,0.45,0.55,2,0,1,1,1,27777.85,0
1271,15671322,Chiang,Revenue Care Specialist- Air Logistics,29/07/1961,06/11/2011,,White Collar,Temporary,Full Time,Fixed,Active,High,Male,61,"11  Years, 1 Months",11,41022.29,4,0.28,0.38,0.57,1,1,0,1,0,42731.55,0
1272,15793854,Ahmed,Sea Logiscitcs Customer Care Specialist ,05/04/1959,12/05/2008,,Blue Collar,Temporary,Full Time,Fixed,Active,Medium,Male,63,"14 Years, 7 Months",14,26917.35,3,0.8,0.11,0.97,3,0,1,1,1,34072.6,0
1273,15756539,Marshall,Gateway & Procurement Specialist - Air Logistics,16/06/1955,23/09/1991,,Blue Collar,Temporary,Full Time,Fixed,Active,High,Female,67,"31 Years, 2 Months",31,23368.51,4,0.88,0.45,0.46,2,0,0,0,0,35951.55,0
1274,15612064,Tsou,Road Logistics Sales Representative,31/03/2003,20/05/2020,10/03/2021,White Collar,Temporary,Full Time,Fixed,Voluntarily Terminated,Medium,Male,19,"0 Years, 9 Months",0,31301.46,2,0.83,0.44,0.95,4,0,0,1,0,36825.25,1
1275,15625916,Chien,Account Manager ,15/01/1981,15/02/2019,,White Collar,Temporary,Full Time,Fixed,Active,Medium,Male,42,"3 Years, 10 Months",3,31997.49,3,0.6,0.45,0.53,1,1,0,1,0,36360.78,0
1276,15683195,Ubanwa,Trucking Team Leader- Air Logistics,11/01/1960,15/05/1993,,White Collar,Temporary,Full Time,Fixed,Active,High,Male,63,"29 Years, 7 Months",29,36493.12,4,0.83,0.1,0.83,2,0,1,1,1,41469.45,0
1277,15690182,Kapustin,Data Analyst,19/10/1979,23/04/2017,31/12/2019,White Collar,Temporary,Full Time,Flex and Fixed,Voluntarily Terminated,Medium,Male,43,"2 Years, 8 Months",2,40107.78,2,0.3,0.44,0.54,4,1,0,1,0,44564.2,1
1278,15721719,Calabresi,Recruiter,25/03/1977,23/03/2017,,White Collar,Temporary,Full Time,Fixed,Active,Low,Male,45,"5 Years, 8 Months",5,37149.99,1,0.5,0.78,1,2,0,1,1,0,39105.25,0
1279,15641690,Hsiao,Trucking Specialist - Air Logistics,12/03/1995,14/09/2016,,Blue Collar,Temporary,Full Time,Fixed,Active,Low,Male,27,"6 Years, 3 Months",6,30725.42,2,0.45,0.38,0.56,1,0,1,0,1,33764.2,0
1280,15634896,Grant,Accountant,27/03/2000,17/10/2000,,White Collar,Temporary,Full Time,Fixed,Active,Low,Female,22,"22  Years, 2 Months",22,27307.09,4,0.43,0.85,0.84,5,1,1,0,1,36409.45,0
1281,15671590,H?,Inside Sales Executive/ Account Manager,28/01/1980,16/04/2017,,White Collar,Temporary,Full Time,Flex and Fixed,Active,Medium,Male,43,"5 Years, 8 Months",5,32884.75,4,0.7,0.36,0.48,1,1,1,1,1,35359.95,0
1282,15779182,Chia,National Air Logistics Gateway Trade Lane Specialist,12/07/1984,03/09/2014,23/07/2017,White Collar,Temporary,Full Time,Fixed,Voluntarily Terminated,Low,Male,38,"2 Years, 10 Months",2,30457.71,1,0.96,0.3,0.88,4,0,0,0,1,35832.6,1
1283,15778287,Ugoji,Accounts Payable,07/02/1992,13/12/2012,,White Collar,Temporary,Full Time,Fixed,Active,Medium,Male,31,"10 Years, 0 Months",10,29781.5,2,0.35,0.81,0.81,4,1,1,1,1,36318.9,0
1284,15609510,Gregory,Perishable Operational Care Specialist - Air Logistics,12/07/1958,13/07/1994,,Blue Collar,Temporary,Full Time,Fixed,Active,High,Male,64,"28 Years, 5 Months",28,24212.93,4,0.82,0.4,0.55,2,0,1,0,1,33168.4,0
1285,15742229,Mackay,Project Coordinator,11/10/1958,14/04/1994,,White Collar,Temporary,Full Time,Fixed,Active,Medium,Male,64,"28 Years, 8 Months",28,22123.24,3,0.26,0.83,0.83,4,0,1,0,1,34035.75,0
1286,15658532,Nnamutaezinwa,Aerospace International Logistics Specialist,16/04/1988,26/04/2021,,Blue Collar,Temporary,Full Time,Fixed,Active,Medium,Female,34,"1  Years, 7 Months",1,34858.08,3,0.4,0.41,0.52,1,0,1,1,1,36310.5,0
1287,15590993,Findlay,Accountant,27/12/1956,22/01/2012,,White Collar,Temporary,Full Time,Fixed,Active,Low,Male,66,"10 Years, 10 Months",10,30033.76,3,0.5,0.42,0.57,3,1,0,0,0,36185.25,0
1288,15565701,Ferri,Warehouse Quality Control Specialist - Air Logistics,18/09/1969,28/10/1999,,Blue Collar,Temporary,Full Time,Fixed,Active,Medium,Female,53,"23 Years, 1 Months",23,23942.47,4,0.27,0.09,0.83,1,0,0,0,0,27207.35,0
1289,15597239,Ku,Aerospace International Logistics Specialist,08/03/1959,27/05/1992,,Blue Collar,Temporary,Full Time,Fixed,Active,Medium,Male,64,"30 Years, 6 Months",30,24470.3,3,0.82,0.87,0.81,1,0,0,1,0,35464.2,0
1290,15688880,Amechi,Trucking Specialist - Air Logistics,02/01/1994,12/11/2016,22/07/2018,Blue Collar,Temporary,Full Time,Fixed,Voluntarily Terminated,High,Male,29,"6  Years, 1 Months",6,33880.9,2,0.92,0.43,0.56,3,0,0,1,0,35292.6,1
1291,15813917,Kirk,Transport Controller,17/02/1997,22/05/2021,,Blue Collar,Temporary,Full Time,Fixed,Active,Medium,Male,26,"1  Years, 6 Months",1,26918.8,4,0.26,0.39,0.51,1,0,0,1,0,28040.42,0
1292,15679611,Andrews,Aerospace International Logistics Specialist,21/12/1958,01/04/1990,,Blue Collar,Temporary,Full Time,Fixed,Active,Medium,Female,64,"32  Years, 8 Months",32,20600.92,1,0.28,0.1,0.9,1,0,0,0,0,36787.35,0
1293,15636589,Murray,Apprentice,12/09/2001,29/03/2022,,Blue Collar,Apprentice,Full Time,Fixed,Active,High,Female,21,"0 Years, 8 Months",0,23346.3,2,0.52,0.41,0.52,0,0,1,1,0,23346.3,0
1294,15687752,Griffin,Accounting Coordinator,11/04/1980,26/07/2018,,White Collar,Temporary,Full Time,Fixed,Active,Low,Male,42,"4 Years, 4 Months",4,32727.89,3,0.3,0.72,1,3,1,1,0,1,34091.55,0
1295,15584363,Longstaff,IT-Support,29/09/1984,25/11/2007,,White Collar,Temporary,Full Time,Fixed,Active,Low,Male,38,"15 Years, 0 Months",15,37454.49,1,0.26,0.44,0.55,1,0,1,1,1,40273.65,0
1296,15737748,McWilliam,Trucking Specialist - Air Logistics,13/06/1992,13/07/2013,,Blue Collar,Temporary,Full Time,Fixed,Active,Low,Female,30,"9 Years, 5 Months",9,29471.97,4,0.3,0.38,0.5,2,0,0,0,0,35508.4,0
1297,15803365,Coffee,Customer Brokerage Specialist,27/11/1978,13/03/2015,,Blue Collar,Temporary,Full Time,Fixed,Active,Low,Male,44,"7 Years, 9 Months",7,31527.89,3,0.26,0.46,0.52,1,1,1,0,1,34269.45,0
1298,15793247,Hancock,Account Manager ,09/01/1980,31/08/2021,,White Collar,Temporary,Full Time,Fixed,Active,High,Male,43,"1  Years, 3 Months",1,32709.7,4,0.69,0.4,0.49,1,1,1,1,1,34072.6,0
1299,15572360,Clark,Sea Logistics Pricing Coordinator,19/06/1959,06/05/2006,,White Collar,Temporary,Full Time,Fixed,Active,High,Male,63,"16 Years, 7 Months",16,25052.95,1,0.71,0.45,0.45,2,0,0,0,0,31712.6,0
1300,15795166,Creswell,Pricing Analyst,17/12/1990,11/09/2012,,White Collar,Temporary,Full Time,Flex and Fixed,Active,Low,Male,32,"10 Years, 3 Months",10,41257.1,1,0.98,0.89,0.89,1,1,1,1,1,49707.35,0
1301,15724620,Dodds,National Air Logistics Transport Apprentice,02/04/2001,12/12/2021,,Blue Collar,Apprentice,Full Time,Fixed,Active,Medium,Male,21,"1 Years, 0 Months",1,23949.45,2,0.68,0.1,0.97,0,0,0,1,0,23949.45,0
1302,15800856,Ewen,Warehouse Quality Control Specialist - Air Logistics,28/12/1987,10/02/2019,,Blue Collar,Temporary,Full Time,Fixed,Active,High,Male,35,"3 Years, 10 Months",3,27084.83,3,0.58,0.46,0.48,1,0,1,1,0,28813.65,0
1303,15671097,Carter,National Perishable Air Logistics Development Manager Seafood,02/06/1996,16/04/2013,,White Collar,Temporary,Full Time,Flex and Fixed,Active,High,Female,26,"9 Years, 8 Months",9,31141.16,3,0.75,0.09,0.78,2,1,0,1,0,34221.05,0
1304,15683930,Ch'iu,Sales Specialist-Air Logitics ,09/07/2002,30/06/2022,,Blue Collar,Temporary,Full Time,Fixed,Active,Medium,Female,20,"0 Years, 5 Months",0,32174.7,2,0.82,0.45,0.57,0,0,0,1,0,32174.7,0
1305,15749004,Tsao,Account Manager ,13/04/1983,15/11/2017,,White Collar,Temporary,Full Time,Fixed,Active,High,Female,39,"5 Years, 1 Months",5,30990,2,0.41,0.89,0.98,1,1,0,1,0,32621.05,0
1306,15800434,Burgess,Project Coordinator,18/04/1961,25/02/1986,,White Collar,Temporary,Full Time,Fixed,Active,Low,Male,61,"36  Years, 9 Months",36,31660.98,1,0.27,0.62,0.77,2,0,0,0,0,33327.35,0
1307,15709117,Fanucci,Account Manager ,14/03/1977,08/04/2006,13/04/2019,White Collar,Temporary,Full Time,Fixed,Voluntarily Terminated,Medium,Female,45,"13 Years, 0 Months",13,29282.87,1,0.9,0.11,0.93,4,1,1,1,1,32902.1,1
1308,15638806,Blackburn,Operations Specialist,05/02/1957,27/06/1995,,Blue Collar,Temporary,Full Time,Fixed,Active,High,Male,66,"27 Years, 5 Months",27,23448.56,2,0.27,0.44,0.5,3,0,0,0,0,36074.7,0
1309,15662294,Bennett,Customer Care Specialist-Key Accounts,21/11/1984,16/06/2003,,White Collar,Temporary,Full Time,Fixed,Active,Medium,Male,38,"19 Years, 6 Months",19,33020.7,3,0.28,0.09,0.94,1,0,1,1,1,35128.4,0
1310,15690079,Boniwell,Internal Trainer,06/05/1982,03/10/2020,,White Collar,Temporary,Full Time,Fixed,Active,Low,Male,40,"2 Years, 2 Months",2,31649.42,4,0.93,0.56,0.75,1,0,0,0,0,35965.25,0
1311,15759317,Vasilieva,Perishable Apprentice- Air Logistics,28/09/2004,05/08/2022,,Blue Collar,Apprentice,Full Time,Fixed,Active,High,Female,18,"0 Years, 4 Months",0,23314.7,2,0.3,0.77,0.89,0,0,1,1,1,23314.7,0
1312,15750497,Longo,Operations Specialist,23/04/2000,20/06/2019,,Blue Collar,Temporary,Full Time,Fixed,Active,Medium,Female,22,"3 Years, 5 Months",3,33929.53,4,0.3,0.39,0.49,1,0,1,1,1,34978.9,0
1313,15596181,Kwemto,Gateway & Procurement Team Leader- Air Logistics,07/08/1996,13/03/2015,03/10/2020,White Collar,Temporary,Full Time,Fixed,Voluntarily Terminated,High,Male,26,"5 Years, 6 Months",5,37351.13,1,0.26,0.1,0.92,3,0,1,1,1,43431.55,1
1314,15576602,Lawrence,National Perishable Air Logistics Development Manager Seafood,15/12/1985,21/02/2016,,White Collar,Temporary,Full Time,Flex and Fixed,Active,High,Male,37,"6 Years, 9 Months",6,34528.06,4,0.38,0.72,0.85,1,1,1,1,1,37530.5,0
1315,15644833,Duncan,Sales Operations Manager ,10/09/1981,31/03/2015,31/07/2021,White Collar,Temporary,Full Time,Flex and Fixed,Voluntarily Terminated,High,Male,41,"6 Years, 4 Months",6,55607.16,1,0.88,0.4,0.52,3,1,0,1,0,62479.95,1
1316,15734634,Bocharova,Trucking Team Leader- Air Logistics,20/12/1981,12/07/2017,,White Collar,Temporary,Full Time,Fixed,Active,High,Female,41,"5 Years, 5 Months",5,36486.98,1,0.28,0.11,0.81,3,0,0,0,0,38407.35,0
1317,15808689,Morres,National Air Logistics Transport Apprentice,06/11/1980,05/11/2022,,Blue Collar,Apprentice,Full Time,Fixed,Active,Medium,Female,42,"0 Years, 1 Months",0,22981.05,2,0.3,0.88,1,0,0,1,1,1,22981.05,0
1318,15720702,Shih,National Air Logistics Transport Apprentice,02/07/2000,30/06/2009,09/12/2020,Blue Collar,Apprentice,Full Time,Fixed,Voluntarily Terminated,Medium,Male,22,"11 Years, 5 Months",11,19872.2,2,0.98,0.37,0.51,5,0,0,1,0,21322.1,1
1319,15665077,Vogel,Software Engineer,17/11/1982,02/01/2017,,White Collar,Temporary,Full Time,Flex and Fixed,Active,Low,Female,40,"5 Years, 11 Months",5,63358.02,3,0.9,0.11,0.96,2,1,1,1,1,69624.2,0
1320,15763612,T'an,Network Engineer,21/05/1979,20/08/2020,,White Collar,Temporary,Full Time,Flex and Fixed,Active,Medium,Male,43,"2 Years, 3 Months",2,59573.75,2,0.39,0.4,0.52,1,1,1,0,1,66936.8,0
1321,15596493,Wisdom,National Air Logistics Transport Apprentice,22/09/2000,28/04/2022,,Blue Collar,Apprentice,Full Time,Fixed,Active,Medium,Female,22,"0 Years, 7 Months",0,21045.25,4,0.75,0.1,0.86,0,0,1,1,1,21045.25,0
1322,15704483,Lorenzo,Project Manager,28/02/1991,28/01/2012,,White Collar,Temporary,Full Time,Flex and Fixed,Active,Medium,Male,32,"10  Years, 10 Months",10,32447.12,2,0.27,0.62,0.89,5,1,0,0,0,40558.9,0
1323,15598846,Shahan,Human Resoruces Coordinator,22/07/1980,14/01/2017,,White Collar,Temporary,Full Time,Fixed,Active,High,Female,42,"5 Years, 11 Months",5,29566.4,3,0.26,0.78,0.86,1,0,0,1,0,32851.55,0
1324,15629244,Bryant,Sales Account Manager,16/03/1980,07/02/2011,17/01/2016,White Collar,Temporary,Full Time,Fixed,Voluntarily Terminated,High,Male,42,"11  Years, 10 Months",11,35500.98,1,0.69,0.37,0.52,4,1,0,0,0,37369.45,1
1325,15765537,Liang,Account Manager ,21/12/1981,16/09/2019,,White Collar,Temporary,Full Time,Fixed,Active,High,Male,41,"3 Years, 3 Months",3,31683.79,1,0.53,0.76,0.82,1,1,1,1,0,34438.9,0
1326,15729975,Chidozie,Data Analyst,29/05/1959,16/03/1994,,White Collar,Temporary,Full Time,Flex and Fixed,Active,Medium,Female,63,"28 Years, 9 Months",28,33523.82,1,0.72,0.42,0.53,4,1,1,0,1,48585.25,0
1327,15682773,Hayward,Gateway & Procurement Specialist - Air Logistics,24/03/1960,01/07/2018,,Blue Collar,Temporary,Full Time,Fixed,Active,High,Female,62,"4 Years, 5 Months",4,29886.65,2,0.56,0.1,0.77,2,0,0,1,0,33962.1,0
1328,15688007,Liu,Customer Servce Administrative Officer,11/05/1984,21/02/1983,,Blue Collar,Temporary,Full Time,Fixed,Active,High,Male,38,"39 Years, 9 Months",39,31182.65,3,0.85,0.42,0.47,3,0,1,1,1,36258.9,0
1329,15574331,Alexeeva,Regional Air logistics Trainer Specialist,22/06/1980,09/09/2014,21/07/2018,White Collar,Temporary,Full Time,Fixed,Voluntarily Terminated,Medium,Female,42,"3 Years, 10 Months",3,30375.79,1,0.68,0.1,0.96,3,0,1,0,1,34914.7,1
1330,15645572,Calabresi,Customer Care Specialist-Key Accounts,07/05/1980,20/08/2021,12/06/2022,White Collar,Temporary,Full Time,Fixed,Terminated for Cause,Low,Female,42,"1  Years, 3 Months",1,32547.02,2,0.28,0.1,0.81,3,0,0,1,0,36985.25,1
1331,15742854,Lettiere,Warehouse Quality Control Specialist - Air Logistics,04/09/1961,08/06/2007,,Blue Collar,Temporary,Full Time,Fixed,Active,High,Female,61,"15 Years, 6 Months",15,22944.75,3,0.43,0.42,0.47,1,0,0,1,0,24939.95,0
1332,15575417,Chou,National Air Logistics Transport & QSHE Manager,30/10/1979,28/12/2013,,White Collar,Temporary,Full Time,Flex and Fixed,Active,Medium,Male,43,"8 Years, 11 Months",8,61720.71,3,0.84,0.09,0.86,2,1,1,1,1,72612.6,0
1333,15796721,Nnamutaezinwa,National Air Logistics Pharma Compliance Specialist,15/06/1959,23/01/2011,,Blue Collar,Temporary,Full Time,Fixed,Active,Low,Male,63,"11 Years, 10 Months",11,29096.18,1,0.71,0.1,0.8,1,0,1,1,1,35483.15,0
1334,15734942,Nnamutaezinwa,Finance Analyst,29/12/1983,29/06/2012,,White Collar,Temporary,Full Time,Flex and Fixed,Active,Medium,Female,39,"10  Years, 5 Months",10,39598.21,4,0.83,0.11,0.89,5,1,0,1,0,48290.5,0
1335,15664772,Greece,Recruiter Apprentice,09/08/2003,19/02/2022,,Blue Collar,Apprentice,Full Time,Fixed,Active,Medium,Male,19,"0 Years, 9 Months",0,21098.9,3,0.59,0.44,0.53,0,0,1,1,0,21098.9,0
1336,15576683,Yin,Network Engineer,23/06/1961,28/09/1995,11/10/2022,White Collar,Temporary,Full Time,Flex and Fixed,Voluntarily Terminated,Medium,Female,61,"27 Years, 0 Months",27,58184.57,1,0.81,0.39,0.9,4,1,0,1,0,69267.35,1
1337,15682563,Larionova,Senior DevOps Engineer,06/07/1978,12/03/2014,,White Collar,Temporary,Full Time,Flex and Fixed,Active,Medium,Male,44,"8 Years, 9 Months",8,64240.2,4,0.28,0.44,0.46,1,1,0,1,0,69826.3,0
1338,15650889,Golubev,Project Coordinator,29/04/1956,12/02/2012,,White Collar,Temporary,Full Time,Fixed,Active,High,Female,66,"10 Years, 10 Months",10,27848.61,2,0.42,0.41,0.56,4,0,0,1,0,32382.1,0
1339,15612108,Norman,Accounts Payable,04/03/1990,05/06/2020,,White Collar,Temporary,Full Time,Fixed,Active,High,Male,33,"2 Years, 6 Months",2,30753.61,1,0.35,0.51,0.79,2,1,1,1,1,33068.4,0
1340,15761132,Capon,Trucking Specialist - Air Logistics,07/11/1979,02/05/2018,,Blue Collar,Temporary,Full Time,Fixed,Active,High,Male,43,"4 Years, 7 Months",4,30938.18,1,0.43,0.89,0.96,1,0,1,1,1,34375.75,0
1341,15645511,Chukwudi,Internal Trainer,22/07/1983,06/04/2015,22/03/2021,White Collar,Temporary,Full Time,Fixed,Voluntarily Terminated,Medium,Male,39,"5 Years, 11 Months",5,29518.9,1,0.19,0.1,0.96,5,0,1,1,1,33544.2,1
1342,15609824,Fedorov,Perishable Warehouse Specialist - Air Logistics,24/06/1990,26/04/2013,21/09/2022,Blue Collar,Temporary,Full Time,Fixed,Voluntarily Terminated,High,Female,32,"9 Years, 4 Months",9,32334.67,4,0.19,0.46,0.94,4,0,0,1,0,35532.6,1
1343,15640268,Avdeeva,National Air Logistics Pharma Compliance Specialist,20/04/1985,07/05/2014,,Blue Collar,Temporary,Full Time,Fixed,Active,Medium,Male,37,"8 Years, 7 Months",8,31303.05,4,0.26,0.36,0.55,1,0,1,1,1,36398.9,0
1344,15645778,Reid,Project Manager,16/11/1981,28/07/2021,,White Collar,Temporary,Full Time,Flex and Fixed,Active,Low,Male,41,"1 Years, 4 Months",1,40026.58,2,0.83,0.44,0.54,1,1,0,1,0,43985.25,0
1345,15691104,Kennedy,Business Development Manager,17/04/1980,05/05/2015,01/01/2022,White Collar,Temporary,Full Time,Flex and Fixed,Voluntarily Terminated,Low,Female,42,"6 Years, 7 Months",6,47914.58,2,1,0.39,0.57,3,1,0,1,0,51521.05,1
1346,15714567,Chan,Business Analyst,21/09/1984,29/10/2017,,White Collar,Temporary,Full Time,Flex and Fixed,Active,Medium,Female,38,"5 Years, 1 Months",5,41745.69,1,0.44,0.38,1,2,1,0,0,0,45375.75,0
1347,15777826,Wofford,Account Manager ,18/09/1980,03/08/2014,,White Collar,Temporary,Full Time,Fixed,Active,High,Male,42,"8 Years, 4 Months",8,35613.15,3,0.79,0.73,0.95,1,1,1,1,1,36339.95,0
1348,15668445,Mai,Inside Sales Executive/ Account Manager,14/05/1988,27/09/2018,,White Collar,Temporary,Full Time,Flex and Fixed,Active,Medium,Male,34,"4 Years, 2 Months",4,32112.13,4,0.69,0.1,0.96,2,1,1,1,1,36081.05,0
1349,15576162,King,Business Development Manager,22/02/1981,15/03/2015,,White Collar,Temporary,Full Time,Flex and Fixed,Active,Low,Male,42,"7 Years, 9 Months",7,43885.33,4,0.65,0.89,0.83,3,1,1,1,1,51029.45,0
1350,15778135,T'ao,Perishable Customer Care Team Leader - Air Logistics,30/09/1997,08/07/2018,,White Collar,Temporary,Full Time,Fixed,Active,Medium,Male,25,"4 Years, 5 Months",4,39587.87,3,0.27,0.87,0.85,2,0,0,1,0,43503.15,0
1351,15613141,Hsu,Customer Brokerage Specialist,17/09/1982,14/01/2017,,Blue Collar,Temporary,Full Time,Fixed,Active,Low,Female,40,"5 Years, 11 Months",5,33678.69,2,0.26,0.84,0.89,2,1,1,1,1,36213.65,0
1352,15635435,White,Gateway & Procurement Team Leader- Air Logistics,18/09/1994,19/10/2015,04/11/2022,White Collar,Temporary,Full Time,Fixed,Voluntarily Terminated,Medium,Female,28,"7 Years, 0 Months",7,39898.93,2,0.3,0.11,0.77,3,0,0,0,0,43368.4,1
1353,15596552,Stephens,Warehouse Apprentice- Air Logistics,23/01/2002,12/05/2009,01/03/2016,Blue Collar,Apprentice,Full Time,Fixed,Voluntarily Terminated,High,Male,21,"6 Years, 9 Months",6,22037.37,1,0.89,0.31,1,4,0,1,1,1,23645.25,1
1354,15623644,Frolov,National Air Logistics Gateway Trade Lane Specialist,14/06/1981,12/07/2016,,White Collar,Temporary,Full Time,Fixed,Active,Low,Male,41,"6 Years, 5 Months",6,32037.99,3,0.86,0.79,0.97,1,0,0,1,0,33724.2,0
1355,15683403,Lombardi,Technical Support Engineer,20/11/1986,17/09/2018,04/12/2018,White Collar,Temporary,Full Time,Flex and Fixed,Voluntarily Terminated,High,Male,36,"0 Years, 2 Months",0,51766.22,2,0.91,0.1,0.92,3,1,1,0,1,58825.25,1
1356,15615029,Munro,Accounts Payable,02/06/1984,19/12/1988,,White Collar,Temporary,Full Time,Fixed,Active,Low,Male,38,"33 Years, 11 Months",33,29344.27,4,0.41,0.83,0.95,3,1,1,1,1,34933.65,0
1357,15769005,Hayward,Cloud Service Analyst,22/01/1964,29/06/1983,,White Collar,Temporary,Full Time,Flex and Fixed,Active,Medium,Male,59,"39 Years, 5 Months",39,51623.93,4,0.73,0.1,0.79,4,1,1,1,1,59337.85,0
1358,15746326,Fields,Material Handler ,16/03/2002,01/10/2013,,Blue Collar,Temporary,Full Time,Fixed,Active,Low,Male,20,"9 Years, 2 Months",9,23826.82,3,0.94,0.45,0.5,2,0,1,0,1,28031.55,0
1359,15722364,Onwumelu,Perishable Warehouse Specialist - Air Logistics,31/01/1994,15/12/2019,,Blue Collar,Temporary,Full Time,Fixed,Active,High,Male,29,"3 Years, 0 Months",3,31822.12,3,0.3,0.29,0.48,2,0,1,1,1,32471.55,0
1360,15704954,Suffolk,Warehouse Quality Control Specialist - Air Logistics,23/11/1981,26/05/2017,,Blue Collar,Temporary,Full Time,Fixed,Active,High,Male,41,"5 Years, 6 Months",5,25799.96,4,0.51,0.46,0.46,3,0,1,1,1,27157.85,0
1361,15694409,Tsao,Regional Air logistics Trainer Specialist,15/05/1982,29/05/2016,,White Collar,Temporary,Full Time,Fixed,Active,Low,Female,40,"6 Years, 6 Months",6,27717.14,4,0.28,0.11,0.83,2,0,1,0,1,32608.4,0
1362,15754068,Judd,Perishable Operational Care Specialist - Air Logistics,14/06/1980,07/09/2015,,Blue Collar,Temporary,Full Time,Fixed,Active,Medium,Male,42,"7 Years, 3 Months",7,30438.43,4,0.29,0.75,0.89,1,0,1,1,1,33085.25,0
1363,15683841,Hamilton,IT-Support,17/04/1989,25/06/2016,,White Collar,Temporary,Full Time,Fixed,Active,Medium,Male,33,"6 Years, 5 Months",6,33637.13,1,0.28,0.4,0.5,1,0,1,1,1,36562.1,0
1364,15789095,T'ang,National Perishable Air Logistics Development Manager Retail,07/11/1999,14/10/2015,,White Collar,Temporary,Full Time,Flex and Fixed,Active,Low,Male,23,"7 Years, 2 Months",7,31324.35,3,0.74,0.37,0.46,3,1,1,0,1,33682.1,0
1365,15719958,Degtyarev,Java Software Engineer ,07/07/1987,15/06/2009,,White Collar,Temporary,Full Time,Flex and Fixed,Active,Low,Male,35,"13 Years, 6 Months",13,63604.57,2,0.59,0.41,0.52,3,1,1,1,1,68245.25,0
1366,15689514,Kang,Warehouse Shift Manager - Air Logistics,13/09/1980,20/12/2017,14/06/2019,White Collar,Temporary,Full Time,Fixed,Voluntarily Terminated,Low,Male,42,"1 Years, 5 Months",1,56541.364,2,0.25,0.1,0.83,3,1,0,1,0,64251.55,1
1367,15621353,Hudson,Data Analyst,15/04/1981,04/02/2011,,White Collar,Temporary,Full Time,Flex and Fixed,Active,Low,Female,41,"11 Years, 10 Months",11,42439.29,3,0.46,0.39,0.52,1,1,0,1,0,45633.65,0
1368,15627232,Jibunoh,Sea Logiscitcs Customer Care Specialist ,25/08/1997,02/12/2010,18/03/2016,Blue Collar,Temporary,Full Time,Fixed,Voluntarily Terminated,Medium,Male,25,"5 Years, 3 Months",5,30813.32,1,0.28,0.4,0.45,3,0,1,1,1,33132.6,1
1369,15745843,Kinlaw,Java Software Engineer ,28/12/1968,10/07/1988,,White Collar,Temporary,Full Time,Flex and Fixed,Active,Low,Female,54,"34 Years, 5 Months",34,64847.56,4,0.67,0.41,0.52,2,1,1,1,0,71261.05,0
1370,15722902,Chizuoke,Recruiter Apprentice,21/11/2002,09/10/2009,06/10/2017,Blue Collar,Apprentice,Full Time,Fixed,Voluntarily Terminated,Low,Male,20,"7 Years, 11 Months",7,21376.12,2,0.98,0.11,0.89,4,0,1,1,1,22935.75,1
1371,15791767,Lucciano,Recruiter,25/06/1981,05/04/2015,,White Collar,Temporary,Full Time,Fixed,Active,Medium,Female,41,"7 Years, 8 Months",7,36910.35,3,0.3,0.74,0.99,2,0,0,1,0,40119.95,0
1372,15792722,Omeokachie,Account Manager ,20/07/1982,24/03/2012,,White Collar,Temporary,Full Time,Fixed,Active,Medium,Female,40,"10  Years, 8 Months",10,26275.38,3,0.28,0.42,0.46,8,1,0,1,0,32043.15,0
1373,15723006,Gorbunova,Inside Sales Executive/ Account Manager,13/01/1995,02/06/2021,,White Collar,Temporary,Full Time,Flex and Fixed,Active,Medium,Male,28,"1  Years, 6 Months",1,34313.42,4,0.46,0.88,0.88,1,1,1,0,1,35743.15,0
1374,15771942,Tikhonov,Senior DevOps Engineer,21/05/1987,29/12/2014,22/11/2017,White Collar,Temporary,Full Time,Flex and Fixed,Voluntarily Terminated,Medium,Female,35,"2 Years, 10 Months",2,60468.65,2,0.82,0.37,0.53,4,1,0,1,0,69504.2,1
1375,15774738,Campa,Inventory Clerk,12/03/2002,14/09/2013,,Blue Collar,Temporary,Full Time,Fixed,Active,High,Male,20,"9 Years, 3 Months",9,25684.98,2,0.65,0.78,0.81,2,0,0,1,0,28225.25,0
1376,15574004,Mancini,National Air Logistics Gateway Trade Lane Specialist,22/09/1980,08/10/2015,,White Collar,Temporary,Full Time,Fixed,Active,Medium,Female,42,"7 Years, 2 Months",7,30444.73,4,0.27,0.46,0.5,3,0,1,1,1,33455.75,0
1377,15587233,Donoghue,Accounts Payable,26/10/1960,27/06/2001,22/09/2013,White Collar,Temporary,Full Time,Fixed,Voluntarily Terminated,High,Male,62,"12 Years, 2 Months",12,30187.7,2,0.26,0.35,1,4,1,1,1,1,34304.2,1
1378,15808228,Tuan,Technical Support Engineer,10/09/1984,15/01/2015,,White Collar,Temporary,Full Time,Flex and Fixed,Active,Low,Female,38,"7 Years, 11 Months",7,51262.32,1,0.67,0.11,0.86,1,1,1,1,1,59607.35,0
1379,15682834,Johnstone,Accountant,27/06/1959,16/11/2002,,White Collar,Temporary,Full Time,Fixed,Active,Medium,Female,63,"20 Years, 1 Months",20,30504.56,4,0.85,0.8,0.87,1,1,1,1,1,37659.95,0
1380,15571752,Romani,Account Manager ,13/09/1986,29/04/2018,,White Collar,Temporary,Full Time,Fixed,Active,Low,Female,36,"4 Years, 7 Months",4,31859.7,4,0.9,0.37,0.48,2,1,1,1,1,36204.2,0
1381,15743067,Fuller,Human Resoruces Coordinator,18/12/1979,06/07/2005,,White Collar,Temporary,Full Time,Fixed,Active,Low,Male,43,"17  Years, 5 Months",17,25724.67,3,0.27,0.87,0.92,1,0,0,1,0,31371.55,0
1382,15714466,Baxter,Inside Sales Executive/ Account Manager,02/11/1988,27/01/2014,,White Collar,Temporary,Full Time,Flex and Fixed,Active,Low,Female,34,"8 Years, 10 Months",8,29431.01,2,0.3,0.9,0.84,3,1,0,1,0,34222.1,0
1383,15617982,Pirozzi,IT System Engineer,19/10/1981,03/12/2004,,White Collar,Temporary,Full Time,Flex and Fixed,Active,Low,Female,41,"18 Years, 0 Months",18,62519.87,3,0.36,0.1,0.88,2,1,0,1,0,66510.5,0
1384,15696637,Sung,Accounts Payable,23/06/1987,12/08/2018,,White Collar,Temporary,Full Time,Fixed,Active,Medium,Female,35,"4 Years, 4 Months",4,32514.01,3,0.83,0.43,0.46,1,1,1,0,1,36532.6,0
1385,15690647,Rogers,Senior DevOps Engineer,10/02/1956,26/11/1984,08/07/2022,White Collar,Temporary,Full Time,Flex and Fixed,Voluntarily Terminated,High,Female,67,"37 Years, 7 Months",37,42274.92,2,0.09,0.11,0.91,3,1,0,1,0,69303.15,1
1386,15672756,Mills,Gateway & Procurement Specialist - Air Logistics,17/11/1961,09/09/2003,,Blue Collar,Temporary,Full Time,Fixed,Active,Low,Female,61,"19 Years, 3 Months",19,29826.39,4,0.42,0.4,0.46,1,0,1,0,1,36373.65,0
1387,15704586,Osonduagwuike,National Service Excellence Specialist- Air Logistics,21/06/1956,11/04/1999,,White Collar,Temporary,Full Time,Flex and Fixed,Active,Low,Female,66,"23 Years, 8 Months",23,27684.09,2,0.26,0.09,0.93,2,0,1,0,1,35043.15,0
1388,15674526,Byrne,Trucking Team Leader- Air Logistics,22/10/1971,04/04/2013,,White Collar,Temporary,Full Time,Fixed,Active,Medium,Male,51,"9 Years, 8 Months",9,31678.03,3,0.82,0.4,0.5,3,0,1,1,1,38166.3,0
1389,15775295,McIntyre,Sales Specialist-Air Logitics ,01/08/2001,07/08/2016,,Blue Collar,Temporary,Full Time,Fixed,Active,Medium,Female,21,"6 Years, 4 Months",6,33370.71,1,0.97,0.14,0.7,1,0,1,0,1,35500.75,0
1390,15684196,Aitken,BI Developer,29/03/1986,28/04/2011,31/01/2015,White Collar,Temporary,Full Time,Flex and Fixed,Voluntarily Terminated,Low,Female,36,"3 Years, 9 Months",3,58737.15,2,0.92,0.4,0.49,3,1,0,1,0,65996.8,1
1391,15727281,Macintyre,Customer Servce Administrative Officer,30/05/1981,11/02/2018,,Blue Collar,Temporary,Full Time,Fixed,Active,Low,Female,41,"4 Years, 10 Months",4,30945.78,3,0.29,0.11,0.79,1,0,0,1,0,34384.2,0
1392,15787835,Simpson,National Air Logistics Transport Apprentice,27/08/1980,09/12/2011,06/01/2016,Blue Collar,Apprentice,Full Time,Fixed,Voluntarily Terminated,Low,Female,42,"4 Years, 0 Months",4,19358.108,2,0.66,0.42,1,3,0,1,1,1,21997.85,1
1393,15730540,Simpson,Technical Support Engineer,01/04/1981,26/06/2005,,White Collar,Temporary,Full Time,Flex and Fixed,Active,High,Male,41,"17 Years, 5 Months",17,57709.6,3,0.29,0.39,0.57,2,1,0,1,0,58887.35,0
1394,15646276,Metcalfe,IT System Engineer,27/08/1980,29/04/2021,,White Collar,Temporary,Full Time,Flex and Fixed,Active,Low,Female,42,"1  Years, 7 Months",1,63040.96,4,0.59,0.82,0.93,1,1,0,1,0,66358.9,0
1395,15582180,Lees,Business Development Manager,10/10/1978,31/10/2020,,White Collar,Temporary,Full Time,Flex and Fixed,Active,Medium,Male,44,"2 Years, 1 Months",2,44566.48,1,0.49,0.41,0.52,1,1,1,1,0,50074.7,0
1396,15697095,Zetticci,Account Manager ,19/07/1977,22/07/2017,,White Collar,Temporary,Full Time,Fixed,Active,Low,Male,45,"5 Years, 4 Months",5,33214,1,0.29,0.45,0.51,1,1,0,1,0,36498.9,0
1397,15748797,Dale,Perishable Apprentice- Air Logistics,30/12/2002,28/01/2022,,Blue Collar,Apprentice,Full Time,Fixed,Active,Medium,Female,20,"0 Years, 10 Months",0,21055.75,3,0.77,0.2,0.7,0,0,0,1,0,21055.75,0
1398,15754796,Byrne,BI Developer,23/07/1986,04/02/2015,,White Collar,Temporary,Full Time,Flex and Fixed,Active,Medium,Female,36,"7 Years, 10 Months",7,55193.04,2,0.26,0.43,0.53,2,1,1,1,1,59347.35,0
1399,15628947,Praed,Accounting Coordinator,30/06/1991,05/04/2014,19/11/2016,White Collar,Temporary,Full Time,Fixed,Voluntarily Terminated,Low,Female,31,"2 Years, 7 Months",2,31753.99,2,0.28,0.39,0.55,4,1,0,0,0,33425.25,1
1400,15775546,Laurens,Business Development Executive,05/09/1961,19/07/1987,,White Collar,Temporary,Full Time,Flex and Fixed,Active,Medium,Female,61,"35 Years, 4 Months",35,37051.51,3,0.95,0.11,0.86,4,0,0,1,0,43083.15,0
1401,15670481,Woods,National Perishable Air Logistics Development Manager Seafood,29/05/1957,27/03/2018,,White Collar,Temporary,Full Time,Flex and Fixed,Active,Medium,Female,65,"4 Years, 8 Months",4,33274.74,4,0.6,0.45,0.47,1,1,1,0,1,37387.35,0
1402,15619029,Bykov,Network Engineer,22/11/1983,30/12/2015,,White Collar,Temporary,Full Time,Flex and Fixed,Active,Medium,Female,39,"6 Years, 11 Months",6,61084.57,4,0.59,0.11,0.87,2,1,0,1,0,71864.2,0
1403,15613282,Vorobyova,Aerospace International Logistics Specialist,28/04/1997,02/11/2016,,Blue Collar,Temporary,Full Time,Fixed,Active,High,Male,25,"6 Years, 1 Months",6,34125.95,3,0.93,0.84,0.86,1,0,0,1,0,36304.2,0
1404,15721487,Pirogova,Perishable Operational Care Specialist - Air Logistics,29/09/1979,05/07/2020,,Blue Collar,Temporary,Full Time,Fixed,Active,Medium,Female,43,"2 Years, 5 Months",2,33653.71,4,0.28,0.86,0.96,1,0,1,1,1,36982.1,0
1405,15797276,Sturt,Gateway & Procurement Specialist - Air Logistics,28/04/1981,20/10/2005,05/06/2022,Blue Collar,Temporary,Full Time,Fixed,Voluntarily Terminated,High,Female,41,"17  Years, 1 Months",17,31963.99,1,0.92,0.32,0.93,4,0,0,1,0,33646.3,1
1406,15612494,Panicucci,Account Manager ,24/05/1985,14/05/2012,02/05/2013,White Collar,Temporary,Full Time,Fixed,Voluntarily Terminated,High,Female,37,"0 Years, 11 Months",0,33125.972,2,0.29,0.39,0.57,3,1,0,1,0,37643.15,1
1407,15629617,Cook,National Service Excellence Specialist- Air Logistics,30/09/1980,06/10/2020,,White Collar,Temporary,Full Time,Flex and Fixed,Active,High,Male,42,"2 Years, 2 Months",2,31046,3,0.9,0.15,0.62,1,0,1,0,1,34883.15,0
1408,15600821,Hardy,Warehouse Specialist - Air Logistics,14/06/1961,06/12/1995,,Blue Collar,Temporary,Full Time,Fixed,Active,Low,Male,61,"27 Years, 0 Months",27,24499.09,1,0.28,0.81,1,2,0,1,1,0,26629.45,0
1409,15579062,Chu,Technical Support Engineer,03/12/1985,08/11/1987,,White Collar,Temporary,Full Time,Flex and Fixed,Active,Medium,Male,37,"35 Years, 1 Months",35,48595.17,4,0.27,0.39,0.53,4,1,0,0,0,58548.4,0
1410,15814268,Franklin,Project Coordinator,06/09/1980,14/07/1998,,White Collar,Temporary,Full Time,Fixed,Active,Low,Female,42,"24 Years, 5 Months",24,30605.43,4,0.27,0.92,0.94,3,0,0,1,0,34778.9,0
1411,15710164,P'eng,Trucking Specialist - Air Logistics,05/08/1982,14/08/2008,26/10/2017,Blue Collar,Temporary,Full Time,Fixed,Voluntarily Terminated,Low,Female,40,"9 Years, 2 Months",9,32471.55,2,0.28,0.42,0.98,3,0,0,0,0,34544.2,1
1412,15693904,Chiang,Business Development Manager,02/12/1981,22/11/2016,,White Collar,Temporary,Full Time,Flex and Fixed,Active,High,Female,41,"6 Years, 0 Months",6,47030.64,4,0.3,0.32,0.6,2,1,1,0,1,50032.6,0
1413,15588986,Grant,Inside Sales Executive/ Account Manager,10/07/1984,21/03/2009,,White Collar,Temporary,Full Time,Flex and Fixed,Active,High,Female,38,"13  Years, 8 Months",13,31480.96,1,0.76,0.46,0.46,1,1,1,1,1,33137.85,0
1414,15797733,Udobata,Warehouse Specialist - Air Logistics,07/06/1981,01/12/1985,,Blue Collar,Temporary,Full Time,Fixed,Active,High,Male,41,"37 Years, 0 Months",37,21736.25,3,0.71,0.83,0.98,4,0,0,0,0,24984.2,0
1415,15620507,Siciliani,Transport Controller,21/10/1988,04/02/2018,,Blue Collar,Temporary,Full Time,Fixed,Active,High,Female,34,"4 Years, 10 Months",4,22766.96,4,0.91,0.39,0.47,1,0,1,1,1,25871.55,0
1416,15685150,Evans,Trucking Specialist - Air Logistics,01/10/1981,22/11/2012,,Blue Collar,Temporary,Full Time,Fixed,Active,High,Male,41,"10  Years, 0 Months",10,29462.66,4,0.56,0.2,0.9,1,0,1,1,0,36373.65,0
1417,15667651,Young,Aerospace International Logistics Specialist,22/05/1962,06/10/2011,,Blue Collar,Temporary,Full Time,Fixed,Active,Medium,Female,60,"11  Years, 2 Months",11,30695.14,4,0.53,0.11,0.85,3,0,0,1,0,32934.7,0
1418,15774166,Mitchell,Revenue Care Specialist- Air Logistics,23/12/1988,11/04/2021,,White Collar,Temporary,Full Time,Fixed,Active,High,Female,34,"1  Years, 8 Months",1,40420.41,1,0.52,0.11,0.96,0,1,1,0,1,40420.41,0
1419,15649280,Lucchese,Perishable Apprentice- Air Logistics,16/05/2004,29/05/2022,,Blue Collar,Apprentice,Full Time,Fixed,Active,Low,Female,18,"0 Years, 6 Months",0,21312.6,4,0.5,0.1,0.95,0,0,0,1,0,21312.6,0
1420,15705657,Hewitt,Account Manager ,12/11/1962,10/02/1988,,White Collar,Temporary,Full Time,Fixed,Active,Low,Female,60,"34 Years, 10 Months",34,33687.2,4,0.92,0.75,0.87,1,1,1,1,1,37018.9,0
1421,15753969,K'ung,Human Resoruces Coordinator,13/04/1981,12/09/2017,,White Collar,Temporary,Full Time,Fixed,Active,Medium,Male,41,"5 Years, 3 Months",5,32297.96,2,0.86,0.44,0.57,1,0,1,0,1,33997.85,0
1422,15742378,Swaim,National Air Logistics Gateway Trade Lane Specialist,24/03/1956,04/08/2007,,White Collar,Temporary,Full Time,Fixed,Active,Low,Male,66,"15 Years, 4 Months",15,28303.78,2,0.29,0.86,0.93,4,0,0,1,0,34516.8,0
1423,15794874,Quinones,Customer Servce Administrative Officer,05/03/1971,07/11/2020,,Blue Collar,Temporary,Full Time,Fixed,Active,Medium,Male,52,"2 Years, 1 Months",2,30637.89,3,0.28,0.1,0.82,2,0,1,0,1,31263.15,0
1424,15589221,Kennedy,Stock Investigator & Analyst,29/05/1978,16/12/2021,,White Collar,Temporary,Full Time,Flex and Fixed,Active,Medium,Male,44,"1 Years, 0 Months",1,51586.3,3,0.74,0.39,0.49,0,1,1,1,1,51586.3,0
1425,15596671,Endrizzi,Recruiter,18/10/1981,21/09/2020,23/11/2021,White Collar,Temporary,Full Time,Fixed,Voluntarily Terminated,High,Female,41,"1 Years, 2 Months",1,39100.01,2,0.28,0.45,0.48,3,0,0,0,1,41595.75,1
1426,15583668,Ludowici,National Air Logistics Pharma Compliance Specialist,29/09/1997,01/08/2019,,Blue Collar,Temporary,Full Time,Fixed,Active,Low,Female,25,"3 Years, 4 Months",3,29633.66,4,0.37,0.1,0.94,2,0,1,0,1,32210.5,0
1427,15710206,Larson,Stock Investigator & Analyst,18/10/1981,14/06/2021,,White Collar,Temporary,Full Time,Flex and Fixed,Active,Medium,Female,41,"1  Years, 6 Months",1,51072.6,1,0.55,0.36,0.55,0,1,0,1,0,51072.6,0
1428,15799966,Chigolum,Accounting Coordinator,21/05/1996,22/09/2020,,White Collar,Temporary,Full Time,Fixed,Active,High,Female,26,"2 Years, 2 Months",2,36730.93,1,0.3,0.57,0.61,2,1,0,0,0,37480.54,0
1429,15794560,Maclean,Accounting Coordinator,05/12/1995,30/07/2014,,White Collar,Temporary,Full Time,Fixed,Active,Medium,Male,27,"8 Years, 4 Months",8,29749.64,2,0.48,0.09,0.87,2,1,1,1,1,34592.6,0
1430,15626485,Lu,Software Engineer,28/08/1956,05/07/2016,,White Collar,Temporary,Full Time,Flex and Fixed,Active,High,Female,66,"6  Years, 5 Months",6,65256.97,4,0.29,0.87,0.91,1,1,1,1,1,68691.55,0
1431,15703143,Tuan,Cloud Service Analyst,17/06/1960,02/05/1993,,White Collar,Temporary,Full Time,Flex and Fixed,Active,High,Female,62,"29  Years, 7 Months",29,61144.99,4,0.26,0.43,0.52,1,1,1,0,1,64363.15,0
1432,15809772,Glover,Perishable Operational Care Specialist - Air Logistics,22/06/1996,01/12/2016,,Blue Collar,Temporary,Full Time,Fixed,Active,Medium,Male,26,"6 Years, 0 Months",6,28219.1,4,0.37,0.36,0.5,1,0,0,1,0,32435.75,0
1433,15687959,Landman,Accountant,14/05/1956,25/09/2010,,White Collar,Temporary,Full Time,Fixed,Active,Medium,Female,66,"12 Years, 2 Months",12,30776.16,3,0.89,0.91,0.99,2,1,1,1,1,34579.95,0
1434,15585282,Trevisano,Account Manager ,14/02/1992,14/11/2014,,White Collar,Temporary,Full Time,Fixed,Active,High,Male,31,"8 Years, 1 Months",8,34603.59,4,0.29,0.41,0.48,1,1,1,0,1,37612.6,0
1435,15714993,Longo,Sea Logistics Pricing Coordinator,30/11/1971,27/08/2013,,White Collar,Temporary,Full Time,Fixed,Active,Medium,Female,51,"9 Years, 3 Months",9,30355.64,3,0.78,0.37,0.52,1,0,0,1,0,33357.85,0
1436,15596021,K?,Internal Trainer,29/12/1981,28/08/2017,,White Collar,Temporary,Full Time,Fixed,Active,Low,Male,41,"5 Years, 3 Months",5,30451.97,1,0.28,0.43,0.45,2,0,0,1,0,32054.7,0
1437,15646615,Muir,Aerospace International Logistics Specialist,29/06/1983,10/11/2015,,Blue Collar,Temporary,Full Time,Fixed,Active,High,Male,39,"7 Years, 1 Months",7,30868.39,4,0.26,0.43,0.57,1,0,1,0,0,33552.6,0
1438,15742632,Alexeyeva,National Air Logistics Security Compliance Manager,15/12/1981,24/02/2018,,White Collar,Temporary,Full Time,Flex and Fixed,Active,Low,Female,41,"4 Years, 9 Months",4,65371.92,2,0.27,0.4,0.53,3,1,1,0,1,68095.75,0
1439,15574068,Norman,Business Development Executive,15/12/1988,10/06/2019,17/08/2019,White Collar,Temporary,Full Time,Flex and Fixed,Voluntarily Terminated,High,Male,34,"0 Years, 2 Months",0,35253.5,2,0.3,0.1,0.89,3,0,0,0,1,41474.7,1
1440,15806967,Simmons,Sales Specialist-Air Logitics ,19/05/2002,13/07/2013,,Blue Collar,Temporary,Full Time,Fixed,Active,Medium,Female,20,"9 Years, 5 Months",9,27967.47,4,0.3,0.76,0.99,1,0,1,1,1,33695.75,0
1441,15796334,Chukwualuka,Technical Support Engineer,27/01/1991,24/02/2007,18/10/2014,White Collar,Temporary,Full Time,Flex and Fixed,Voluntarily Terminated,Low,Male,32,"7 Years, 7 Months",7,52506.51,2,0.22,0.35,0.93,3,1,0,1,1,58340.57,1
1442,15688713,McCall,Perishable Warehouse Specialist - Air Logistics,17/02/1992,27/04/2014,,Blue Collar,Temporary,Full Time,Fixed,Active,Low,Male,31,"8 Years, 7 Months",8,32053.54,4,0.78,0.11,0.83,1,0,1,1,1,36843.15,0
1443,15796179,Moore,National Perishable Air Logistics Development Manager Retail,20/12/1999,06/08/2016,,White Collar,Temporary,Full Time,Flex and Fixed,Active,Low,Male,23,"6 Years, 4 Months",6,30493.02,3,0.39,0.43,0.52,1,1,0,1,0,35049.45,0
1444,15598751,Ingram,Regional Air logistics Trainer Specialist,07/09/1962,05/10/2005,09/05/2017,White Collar,Temporary,Full Time,Fixed,Voluntarily Terminated,High,Female,60,"11 Years, 7 Months",11,29877.46,2,0.87,0.11,0.88,3,0,0,0,1,35568.4,1
1445,15703019,Okeke,Business Analyst,02/10/1960,04/01/2008,,White Collar,Temporary,Full Time,Flex and Fixed,Active,Low,Female,62,"14 Years, 11 Months",14,43189.23,3,0.3,0.41,0.48,2,1,1,0,1,51415.75,0
1446,15646302,Shao,Cloud Service Analyst,16/07/1981,15/10/2014,,White Collar,Temporary,Full Time,Flex and Fixed,Active,Medium,Female,41,"8 Years, 2 Months",8,54199.45,3,0.29,0.73,0.87,1,1,0,1,0,64523.15,0
1447,15680855,Iloabuchi,Gateway & Procurement Team Leader- Air Logistics,02/02/1981,27/06/2017,,White Collar,Temporary,Full Time,Fixed,Active,Low,Male,42,"5 Years, 5 Months",5,41614.99,3,0.3,0.37,0.57,2,0,1,0,1,43805.25,0
1448,15697311,Nebechukwu,Finance Analyst,09/12/1989,04/11/1987,28/08/2020,White Collar,Temporary,Full Time,Flex and Fixed,Voluntarily Terminated,Low,Male,33,"32 Years, 9 Months",32,44415.89,2,0.17,0.11,0.89,3,1,1,1,1,50472.6,1
1449,15585367,Diribe,Customer Brokerage Specialist,25/05/1981,29/10/2016,26/11/2017,Blue Collar,Temporary,Full Time,Fixed,Voluntarily Terminated,High,Female,41,"1 Years, 0 Months",1,29286.67,2,0.75,0.46,0.52,5,1,0,1,1,32183.15,1
1450,15726556,Macgroarty,National Service Excellence Specialist- Air Logistics,15/02/1982,28/03/2016,,White Collar,Temporary,Full Time,Flex and Fixed,Active,Low,Female,41,"6 Years, 8 Months",6,33576.86,1,0.5,0.41,0.5,3,0,0,0,0,35720.06,0
1451,15676242,Artemova,Sea Logistics Pricing Coordinator,31/07/1955,05/04/2006,12/04/2022,White Collar,Temporary,Full Time,Fixed,Voluntarily Terminated,High,Male,67,"16 Years, 0 Months",16,26790.79,2,0.91,0.48,0.78,5,0,0,1,0,35721.05,1
1452,15684198,McDonald,Revenue Care Specialist- Air Logistics,04/06/1968,09/04/1999,,White Collar,Temporary,Full Time,Fixed,Active,Medium,Female,54,"23 Years, 8 Months",23,31101.02,2,0.28,0.78,0.86,4,1,1,1,1,42028.4,0
1453,15774882,Mazzanti,Finance Analyst,05/10/1989,20/11/1996,18/02/2021,White Collar,Temporary,Full Time,Flex and Fixed,Voluntarily Terminated,Medium,Female,33,"24 Years, 2 Months",24,34541.83,2,0.83,0.49,0.86,4,1,1,1,1,50060.63,1
1454,15714227,Kelly,Customer Care Specialist-Key Accounts,04/04/1962,17/11/2014,,White Collar,Temporary,Full Time,Fixed,Active,High,Female,60,"8 Years, 1 Months",8,32715.45,3,0.26,0.63,0.83,2,0,1,1,1,36350.5,0
1455,15608653,Davison,Operations Specialist,02/07/1981,28/10/2014,22/11/2019,Blue Collar,Temporary,Full Time,Fixed,Voluntarily Terminated,Low,Female,41,"8  Years, 1 Months",8,29090.98,2,0.3,0.55,1,3,0,1,1,1,35476.8,1
1456,15784280,Reilly,Perishable Customer Care Team Leader - Air Logistics,09/06/1981,08/03/1996,,White Collar,Temporary,Full Time,Fixed,Active,High,Male,41,"26 Years, 9 Months",26,36393.79,3,0.66,0.45,0.55,1,0,1,0,1,38716.8,0
1457,15789546,Ojiofor,Operations Specialist,07/11/1981,17/02/2012,,Blue Collar,Temporary,Full Time,Fixed,Active,Low,Male,41,"10  Years, 10 Months",10,28357.04,4,0.45,0.39,0.51,1,0,0,1,0,35446.3,0
1458,15590320,Shelton,Perishable Customer Care Team Leader - Air Logistics,01/02/1980,11/05/2012,,White Collar,Temporary,Full Time,Fixed,Active,Low,Male,43,"10  Years, 7 Months",10,35514.65,3,0.29,0.1,0.81,1,0,1,0,1,43845.25,0
1459,15678385,Lange,National Air Logistics Gateway Trade Lane Specialist,20/10/1980,28/05/2008,,White Collar,Temporary,Full Time,Fixed,Active,High,Male,42,"14 Years, 6 Months",14,30274.02,4,0.87,0.4,0.5,2,0,1,1,1,34015.75,0
1460,15571778,Trentini,Technical Support Engineer,10/02/1986,20/10/2021,08/10/2022,White Collar,Temporary,Full Time,Flex and Fixed,Voluntarily Terminated,Low,Female,37,"1  Years, 1 Months",1,52259.944,4,0.65,0.39,0.54,3,1,0,1,0,59386.3,1
1461,15657085,Gardiner,Trucking Specialist - Air Logistics,19/11/1982,06/03/2017,,Blue Collar,Temporary,Full Time,Fixed,Active,Medium,Male,40,"5 Years, 9 Months",5,32824.75,2,0.76,0.78,0.45,2,0,1,1,0,33839.95,0
1462,15640627,Wan,Data Analyst,26/12/1983,13/03/2020,,White Collar,Temporary,Full Time,Flex and Fixed,Active,Low,Male,39,"2 Years, 9 Months",2,45542.84,4,0.6,0.42,0.53,1,1,0,1,0,50603.15,0
1463,15566211,Hsu,Aerospace International Logistics Specialist,12/02/1969,22/01/2020,11/01/2021,Blue Collar,Temporary,Full Time,Fixed,Voluntarily Terminated,Low,Female,54,"2  Years, 10 Months",2,27164.43,1,1,0.39,0.54,3,0,0,1,0,33127.35,1
1464,15669293,Hovell,National Air Logistics Gateway Trade Lane Specialist,25/03/1988,20/05/2019,,White Collar,Temporary,Full Time,Fixed,Active,Medium,Male,34,"3 Years, 6 Months",3,32924.36,4,0.88,0.46,0.57,2,0,1,0,1,35787.35,0
1465,15595067,Zhirov,Analyst Programmer ,05/05/1984,02/03/2002,,White Collar,Temporary,Full Time,Flex and Fixed,Active,Medium,Female,38,"20 Years, 9 Months",20,52904.22,4,0.29,0.1,0.92,3,1,1,1,1,60809.45,0
1466,15753566,Espinosa,Area Sales Manager,29/06/1985,19/12/2014,,White Collar,Temporary,Full Time,Flex and Fixed,Active,Low,Female,37,"7 Years, 11 Months",7,55928.14,3,0.28,0.45,0.47,2,1,0,1,0,63554.7,0
1467,15650391,Wallace,Technical Support Engineer,16/06/1980,28/09/2020,,White Collar,Temporary,Full Time,Flex and Fixed,Active,Medium,Female,42,"2 Years, 2 Months",2,55479.85,4,0.26,0.1,0.83,2,1,0,1,0,59655.75,0
1468,15681843,Barbour,Human Resoruces Coordinator,19/03/1980,16/09/2017,,White Collar,Temporary,Full Time,Fixed,Active,Medium,Female,42,"5 Years, 3 Months",5,29784.14,3,0.67,0.1,0.89,2,0,0,1,0,31685.25,0
1469,15814846,Ozerova,National Air Logistics Transport Apprentice,13/11/2000,21/04/2022,02/07/2022,Blue Collar,Apprentice,Full Time,Fixed,Voluntarily Terminated,Medium,Male,22,"0 Years, 2 Months",0,19167.0072,1,0.88,0.78,0.86,3,0,0,1,1,21780.69,1
1470,15670374,Wright,Pricing Analyst,28/06/1982,07/10/2016,31/10/2017,White Collar,Temporary,Full Time,Flex and Fixed,Voluntarily Terminated,High,Female,40,"1 Years, 0 Months",1,43354.344,1,0.86,0.4,0.65,3,1,0,0,1,49266.3,1
1471,15762332,Ulyanova,Sales Account Manager,26/04/1984,28/06/2003,,White Collar,Temporary,Full Time,Fixed,Active,High,Female,38,"19 Years, 5 Months",19,29731.99,2,0.47,0.45,0.51,2,1,1,1,1,34174.7,0
1472,15700223,Steiner,Gateway & Procurement Specialist - Air Logistics,25/12/1956,27/07/2008,,Blue Collar,Temporary,Full Time,Fixed,Active,Low,Male,66,"14 Years, 4 Months",14,31010.45,2,0.45,0.39,0.56,1,0,1,1,1,35644.2,0
1473,15729956,Akabueze,Stock Investigator & Analyst,29/05/1960,24/01/2019,,White Collar,Temporary,Full Time,Flex and Fixed,Active,Low,Female,62,"3 Years, 10 Months",3,46530.67,3,0.68,0.43,0.48,2,1,1,1,1,51132.6,0
1474,15594862,Aleksandrova,National Air Logistics Service Excellence Manager,06/08/1969,25/06/1992,,White Collar,Temporary,Full Time,Fixed,Active,High,Male,53,"30 Years, 5 Months",30,36935.56,3,0.45,0.09,0.96,1,1,0,0,0,40147.35,0
1475,15598782,Pinto,Trucking Team Leader- Air Logistics,02/04/1985,24/10/1992,,White Collar,Temporary,Full Time,Fixed,Active,Medium,Female,37,"30 Years, 1 Months",30,39618.1,4,0.69,0.79,0.86,2,0,1,0,1,43063.15,0
1476,15745080,Griffiths,Trucking Specialist - Air Logistics,25/07/1982,11/04/2022,,Blue Collar,Temporary,Full Time,Fixed,Active,Medium,Male,40,"0 Years, 8 Months",0,34958.9,1,0.27,0.44,0.47,0,0,0,1,0,34958.9,0
1477,15703399,McNeil,Sales Account Manager,04/11/1981,23/03/2022,,White Collar,Temporary,Full Time,Fixed,Active,High,Female,41,"0 Years, 8 Months",0,32467.35,3,0.3,0.79,0.95,0,1,1,0,1,32467.35,0
1478,15732175,Bruno,National Air Logistics Gateway Trade Lane Specialist,08/06/1957,16/02/2000,,White Collar,Temporary,Full Time,Fixed,Active,Medium,Male,65,"22 Years, 10 Months",22,21454.1,4,0.27,0.38,0.46,5,0,1,0,0,32021.05,0
1479,15630725,Johnson,National Air Logistics Transport Apprentice,18/06/2000,22/05/2009,27/11/2013,Blue Collar,Apprentice,Full Time,Fixed,Voluntarily Terminated,High,Female,22,"4 Years, 6 Months",4,19450.772,1,0.17,0.36,0.56,3,0,0,1,0,22103.15,1
1480,15640260,Okorie,Sea Logistics Pricing Coordinator,02/12/1981,06/05/2014,,White Collar,Temporary,Full Time,Fixed,Active,High,Male,41,"8 Years, 7 Months",8,30101.6,4,0.46,0.39,0.57,2,0,1,1,1,35413.65,0
1481,15716822,Moen,Project Coordinator,03/10/1984,21/04/1998,,White Collar,Temporary,Full Time,Fixed,Active,Medium,Male,38,"24 Years, 7 Months",24,29794.01,1,0.67,0.09,0.93,3,0,1,1,1,34644.2,0
1482,15583748,McGuigan,IT System Engineer,25/11/1991,05/09/2013,,White Collar,Temporary,Full Time,Flex and Fixed,Active,Medium,Male,31,"9 Years, 3 Months",9,56159.81,4,0.58,0.16,0.65,1,1,0,1,0,65302.1,0
1483,15605968,Fancher,Customer Care Specialist-Key Accounts,08/07/1994,16/05/2020,,White Collar,Temporary,Full Time,Fixed,Active,Medium,Male,28,"2 Years, 7 Months",2,29822.49,3,0.3,0.09,0.77,1,0,1,1,1,32415.75,0
1484,15790683,Matthews,Aerospace International Logistics Specialist,31/08/1980,06/05/2012,,Blue Collar,Temporary,Full Time,Fixed,Active,Low,Male,42,"10  Years, 7 Months",10,25995.86,1,0.72,0.11,0.87,5,0,1,0,1,32093.65,0
1485,15607713,Kaeppel,Customer Care Specialist-Key Accounts,06/05/2001,23/02/2015,,White Collar,Temporary,Full Time,Fixed,Active,Low,Female,21,"7 Years, 9 Months",7,28288.7,3,0.27,0.44,0.56,1,0,1,1,1,32515.75,0
1486,15700212,Shih,Software Engineer,01/01/1980,19/12/1989,23/07/2022,White Collar,Temporary,Full Time,Flex and Fixed,Voluntarily Terminated,High,Female,43,"32 Years, 7 Months",32,62165.97,1,0.7,0.11,0.88,4,1,0,0,0,70643.15,1
1487,15626710,Yudina,Transport Controller,01/05/1985,23/11/2016,,Blue Collar,Temporary,Full Time,Fixed,Active,High,Female,37,"6 Years, 0 Months",6,23095.28,2,0.35,0.11,0.97,1,0,1,1,1,24569.45,0
1488,15716491,Akabueze,Project Coordinator,20/07/1979,27/02/2014,22/10/2019,White Collar,Temporary,Full Time,Fixed,Voluntarily Terminated,Medium,Female,43,"5 Years, 7 Months",5,32423.7,2,0.11,0.45,0.52,3,0,1,0,1,35243.15,1
1489,15625824,Kornilova,Transport Controller,23/09/1978,25/10/2013,23/05/2020,Blue Collar,Temporary,Full Time,Fixed,Voluntarily Terminated,High,Male,44,"6 Years, 6 Months",6,26052.8,1,0.74,0.1,0.96,4,0,0,1,1,28629.45,1
1490,15617705,Ozioma,Perishable Operational Care Specialist - Air Logistics,25/03/1981,20/02/2021,,Blue Collar,Temporary,Full Time,Fixed,Active,Low,Female,41,"1  Years, 9 Months",1,35999.95,1,0.42,0.4,0.46,0,0,1,0,1,35999.95,0
1491,15761976,Su,Technical Support Engineer,18/06/1981,23/06/2014,,White Collar,Temporary,Full Time,Flex and Fixed,Active,High,Female,41,"8 Years, 5 Months",8,53919.73,3,0.28,0.38,0.55,1,1,0,1,0,58608.4,0
1492,15634891,Jamison,Cloud Service Analyst,30/03/1980,17/12/2017,17/11/2022,White Collar,Temporary,Full Time,Flex and Fixed,Voluntarily Terminated,Low,Female,42,"4 Years, 11 Months",4,55410.42,1,0.28,0.39,0.56,4,1,0,1,0,62258.9,1
1493,15744517,Esposito,Pricing Analyst,09/01/1989,10/03/2016,01/12/2016,White Collar,Temporary,Full Time,Flex and Fixed,Voluntarily Terminated,High,Male,34,"0 Years, 8 Months",0,43703.572,2,0.71,0.38,0.55,3,1,0,0,0,49663.15,1
1494,15686963,Hardiman,Customer Servce Administrative Officer,13/03/1977,22/01/2015,,Blue Collar,Temporary,Full Time,Fixed,Active,Low,Female,45,"7 Years, 10 Months",7,29056.63,4,0.53,0.38,0.45,3,0,0,1,0,33018.9,0
1495,15808189,Woodard,Customer Servce Administrative Officer,26/07/1980,14/09/2022,,Blue Collar,Temporary,Full Time,Fixed,Active,Medium,Male,42,"0 Years, 3 Months",0,31525.25,4,0.91,0.17,0.75,0,0,1,0,1,31525.25,0
1496,15580845,Chienezie,Warehouse Specialist - Air Logistics,12/10/1981,28/12/2020,,Blue Collar,Temporary,Full Time,Fixed,Active,Medium,Male,41,"1  Years, 11 Months",1,24238.14,3,0.27,0.79,0.84,1,0,1,0,1,25785.25,0
1497,15799156,Okwuadigbo,Trucking Team Leader- Air Logistics,06/08/1969,21/03/2009,,White Collar,Temporary,Full Time,Fixed,Active,Low,Male,53,"13 Years, 8 Months",13,36960.33,4,0.29,0.1,0.85,1,0,0,0,0,40615.75,0
1498,15694296,Chineze,Customer Servce Administrative Officer,11/02/1978,21/04/2022,,Blue Collar,Temporary,Full Time,Fixed,Active,Medium,Male,45,"0 Years, 7 Months",0,36213.65,3,0.35,0.37,0.48,0,0,0,1,0,36213.65,0
1499,15677049,O'Brien,Perishable Apprentice- Air Logistics,12/04/2003,06/06/2022,,Blue Collar,Apprentice,Full Time,Fixed,Active,Medium,Female,19,"0 Years, 6 Months",0,22445.25,2,0.72,0.42,0.49,0,0,1,1,1,22445.25,0
1500,15583595,Tao,Human Resoruces Coordinator,18/04/1962,30/11/1983,,White Collar,Temporary,Full Time,Fixed,Active,High,Female,60,"39 Years, 0 Months",39,32689.82,3,0.9,0.44,0.48,2,0,1,1,1,33700.85,0
1501,15590146,Mao,Business Development Executive,20/01/1981,28/10/2015,18/12/2020,White Collar,Temporary,Full Time,Flex and Fixed,Voluntarily Terminated,Medium,Male,42,"5 Years, 1 Months",5,39563.01,2,0.3,0.11,0.83,3,0,1,0,1,43958.9,1
1502,15801548,Buckland,Warehouse Specialist - Air Logistics,28/04/1958,28/04/1986,,Blue Collar,Temporary,Full Time,Fixed,Active,High,Female,64,"36 Years, 7 Months",36,15545.89,3,0.27,0.39,0.48,4,0,1,1,1,28265.25,0
1503,15660833,Flannery,Inside Sales Executive/ Account Manager,22/12/1980,11/04/1999,,White Collar,Temporary,Full Time,Flex and Fixed,Active,Low,Male,42,"23  Years, 8 Months",23,25565.23,4,0.76,0.1,0.83,2,1,0,0,0,32361.05,0
1504,15762277,Jamieson,Stock Investigator & Analyst,16/12/1991,17/10/1995,11/02/2013,White Collar,Temporary,Full Time,Flex and Fixed,Voluntarily Terminated,High,Male,31,"17 Years, 3 Months",17,44287.14,2,0.85,0.4,0.46,4,1,0,0,0,50326.3,1
1505,15791302,Swift,Trucking Specialist - Air Logistics,22/09/1984,05/03/2002,,Blue Collar,Temporary,Full Time,Fixed,Active,Medium,Male,38,"20 Years, 9 Months",20,29527.09,3,0.28,0.86,0.91,2,0,0,1,0,32447.35,0
1506,15798975,Doherty,Perishable Apprentice- Air Logistics,16/01/2004,28/10/2009,09/08/2022,Blue Collar,Apprentice,Full Time,Fixed,Voluntarily Terminated,Medium,Male,19,"12 Years, 9 Months",12,21543.88,2,0.1,0.37,0.46,3,0,0,1,0,23115.75,1
1507,15599956,Payne,Account Manager ,12/07/1962,06/12/1992,,White Collar,Temporary,Full Time,Fixed,Active,High,Male,60,"30  Years, 0 Months",30,31270.7,3,0.52,0.4,0.51,1,1,0,0,0,32573.65,0
1508,15577274,Genovese,Warehouse Specialist - Air Logistics,09/12/1979,19/07/2016,,Blue Collar,Temporary,Full Time,Fixed,Active,Low,Female,43,"6 Years, 4 Months",6,27053.38,3,0.89,0.43,0.48,2,0,0,1,0,28780.19,0
1509,15701200,Lucciano,Customer Care Specialist-Key Accounts,23/08/1960,23/07/1990,,White Collar,Temporary,Full Time,Fixed,Active,Medium,Male,62,"32 Years, 4 Months",32,33104.55,3,0.93,0.88,0.88,1,0,1,1,0,34128.4,0
1510,15638149,Rowley,Gateway & Procurement Team Leader- Air Logistics,28/06/1994,19/01/2020,,White Collar,Temporary,Full Time,Fixed,Active,Low,Male,28,"2 Years, 10 Months",2,38073.4,1,0.29,0.44,0.52,1,0,0,1,0,41838.9,0
1511,15786199,Hsing,Trucking Specialist - Air Logistics,27/06/1956,09/04/2015,,Blue Collar,Temporary,Full Time,Fixed,Active,High,Male,66,"7 Years, 8 Months",7,31278.99,2,0.66,0.87,1,3,0,1,1,1,32925.25,0
1512,15701765,Vincent,Accounts Payable,01/01/1955,10/04/2009,,White Collar,Temporary,Full Time,Fixed,Active,Medium,Female,68,"13 Years, 8 Months",13,27089.68,1,0.58,0.4,0.46,5,1,0,0,0,33862.1,0
1513,15586974,Pearce,Business Analyst,18/09/1958,02/07/2005,,White Collar,Temporary,Full Time,Flex and Fixed,Active,High,Male,64,"17 Years, 5 Months",17,33179.18,3,0.65,0.45,0.52,4,1,1,1,1,44238.9,0
1514,15729040,Lamb,Finance Analyst,17/01/1991,23/08/2015,,White Collar,Temporary,Full Time,Flex and Fixed,Active,Low,Male,32,"7 Years, 3 Months",7,43161.85,3,0.69,0.84,0.93,2,1,0,1,0,51383.15,0
1515,15788676,Riley,Warehouse Specialist - Air Logistics,05/05/2000,23/02/2012,,Blue Collar,Temporary,Full Time,Fixed,Active,High,Male,22,"10  Years, 9 Months",10,23033.56,1,0.93,0.1,0.68,2,0,1,1,1,27420.91,0
1516,15602497,Honore,Business Development Manager,16/09/1955,13/02/2013,,White Collar,Temporary,Full Time,Flex and Fixed,Active,Medium,Male,67,"9 Years, 10 Months",9,46899.62,4,0.7,0.72,0.99,3,1,1,0,1,50977.85,0
1517,15701333,Blackburn,National Perishable Air Logistics Development Manager Seafood,03/09/1957,12/05/1992,,White Collar,Temporary,Full Time,Flex and Fixed,Active,Low,Female,65,"30 Years, 7 Months",30,24034.4,4,0.67,0.4,0.5,1,1,0,0,0,36415.75,0
1518,15812071,Endrizzi,Finance Analyst,19/01/1989,25/08/2014,,White Collar,Temporary,Full Time,Flex and Fixed,Active,Low,Male,34,"8 Years, 3 Months",8,47046.82,1,0.3,0.45,0.5,3,1,1,0,1,51137.85,0
1519,15634375,Duncan,Gateway & Procurement Specialist - Air Logistics,09/08/2000,15/08/2018,,Blue Collar,Temporary,Full Time,Fixed,Active,Medium,Female,22,"4 Years, 4 Months",4,31230.29,4,0.26,0.89,0.98,3,0,0,0,0,32531.55,0
1520,15738267,Macarthur,Business Development Executive,25/05/1981,10/07/2015,,White Collar,Temporary,Full Time,Flex and Fixed,Active,High,Female,41,"7 Years, 5 Months",7,38325.77,1,0.75,0.4,0.55,2,0,1,1,1,41210.5,0
1521,15786800,Gould,BI Developer,11/10/1984,09/09/2011,01/04/2015,White Collar,Temporary,Full Time,Flex and Fixed,Voluntarily Terminated,Low,Male,38,"3 Years, 6 Months",3,60353.66,2,0.26,0.38,0.53,3,1,1,0,1,62868.4,1
1522,15591130,Medvedev,Pricing Analyst,12/10/1959,10/09/2012,,White Collar,Temporary,Full Time,Flex and Fixed,Active,Medium,Female,63,"10 Years, 3 Months",10,45229.45,3,0.45,0.38,0.47,3,1,1,0,1,48529.45,0
1523,15720662,Sholes,Sea Logiscitcs Customer Care Specialist ,27/01/1985,14/12/2015,,Blue Collar,Temporary,Full Time,Fixed,Active,High,Female,38,"7 Years, 0 Months",7,29991.78,4,0.43,0.1,0.82,1,0,1,1,1,33324.2,0
1524,15751531,Shaw,Pricing Analyst,21/01/1978,18/10/2022,,White Collar,Temporary,Full Time,Flex and Fixed,Active,Medium,Male,45,"0 Years, 2 Months",0,50914.7,3,0.27,0.42,0.48,0,1,1,1,1,50914.7,0
1525,15653595,Ts'ai,Sea Logistics Pricing Coordinator,24/10/1968,22/12/2018,,White Collar,Temporary,Full Time,Fixed,Active,High,Male,54,"3  Years, 11 Months",3,31796.51,4,0.68,0.74,0.86,1,0,1,0,0,35329.45,0
1526,15568360,Rolon,National Air Logistics Pharma Compliance Specialist,22/09/1995,01/03/2014,,Blue Collar,Temporary,Full Time,Fixed,Active,Medium,Female,27,"8 Years, 9 Months",8,31294.49,1,0.27,0.1,0.8,1,0,1,1,1,34015.75,0
1527,15781210,Reid,Material Handler ,03/10/2003,09/07/2021,,Blue Collar,Temporary,Full Time,Fixed,Active,High,Male,19,"1  Years, 5 Months",1,27362,2,0.74,0.82,0.9,1,0,0,0,0,28802.1,0
1528,15668058,Chinwendu,Perishable Operational Care Specialist - Air Logistics,15/12/1995,09/05/2012,,Blue Collar,Temporary,Full Time,Fixed,Active,Low,Male,27,"10  Years, 7 Months",10,25936.37,3,0.29,0.38,0.55,5,0,0,1,0,32020.21,0
1529,15597131,Fu,Business Development Manager,06/06/1961,11/06/2000,,White Collar,Temporary,Full Time,Flex and Fixed,Active,Medium,Male,61,"22 Years, 6 Months",22,47929.1,4,0.93,0.41,0.56,8,1,1,1,0,50988.4,0
1530,15697283,Mackenzie,Forklift Operator,19/03/2002,12/11/2014,,Blue Collar,Temporary,Full Time,Fixed,Active,Medium,Male,20,"8 Years, 1 Months",8,24365.46,3,0.76,0.4,0.47,2,0,0,1,0,28665.25,0
1531,15640953,Bligh,Account Manager ,24/01/1979,07/02/2014,,White Collar,Temporary,Full Time,Fixed,Active,High,Female,44,"8 Years, 10 Months",8,31108.56,4,0.3,0.83,0.98,2,1,1,1,1,33813.65,0
1532,15715031,Davidson,Business Development Manager,04/09/1983,12/08/2019,,White Collar,Temporary,Full Time,Flex and Fixed,Active,Low,Female,39,"3 Years, 4 Months",3,47067.12,1,0.48,0.36,0.57,1,1,1,0,1,52296.8,0
1533,15589660,Lamble,Sea Logistics Pricing Coordinator,29/07/1989,17/02/2020,,White Collar,Temporary,Full Time,Fixed,Active,Low,Female,33,"2 Years, 10 Months",2,32829.98,4,0.35,0.75,0.98,2,0,1,0,1,35301.05,0
1534,15769818,Moore,Senior DevOps Engineer,24/02/1955,01/01/1990,,White Collar,Temporary,Full Time,Flex and Fixed,Active,Medium,Female,68,"32  Years, 11 Months",32,47786.47,1,0.3,0.44,0.53,2,1,1,0,1,69255.75,0
1535,15782736,Jose,BI Developer,12/03/1985,02/02/2017,24/12/2019,White Collar,Temporary,Full Time,Flex and Fixed,Voluntarily Terminated,High,Female,37,"2 Years, 10 Months",2,57122.3,2,0.28,0.1,0.94,4,1,1,0,1,60768.4,1
1536,15614818,Trevisani,Sales Specialist-Air Logitics ,03/04/2004,20/05/2021,,Blue Collar,Temporary,Full Time,Fixed,Active,Low,Female,18,"1  Years, 6 Months",1,33253.21,1,0.5,0.39,0.52,1,0,1,0,1,35375.75,0
1537,15794014,Schofield,Material Handler ,10/10/2004,05/07/2021,,Blue Collar,Temporary,Full Time,Fixed,Active,High,Female,18,"1  Years, 5 Months",1,28691.55,4,0.3,0.09,0.84,0,0,0,1,0,28691.55,0
1538,15732448,Stewart,Perishable Customer Care Team Leader - Air Logistics,30/05/1982,03/11/2018,,White Collar,Temporary,Full Time,Fixed,Active,High,Female,40,"4 Years, 1 Months",4,37260.68,1,0.7,0.4,0.57,1,0,1,1,1,40065.25,0
1539,15723411,Jamieson,Internal Trainer,12/03/1969,16/02/2014,,White Collar,Temporary,Full Time,Fixed,Active,Medium,Female,54,"8 Years, 10 Months",8,28804.9,4,0.9,0.41,0.54,2,0,1,1,1,34291.55,0
1540,15797686,Howard,Accounts Payable,11/02/1987,21/10/2013,,White Collar,Temporary,Full Time,Fixed,Active,Low,Male,36,"9 Years, 1 Months",9,31471.62,4,0.51,0.83,0.92,1,1,1,1,1,34584.2,0
1541,15605950,Onwuamaeze,Sea Logiscitcs Customer Care Specialist ,28/03/1980,24/02/2017,,Blue Collar,Temporary,Full Time,Fixed,Active,Low,Male,42,"5 Years, 9 Months",5,32014.51,4,0.28,0.42,0.47,2,0,1,1,1,34424.2,0
1542,15812497,D'Albertis,Account Manager ,02/07/1982,13/04/2017,,White Collar,Temporary,Full Time,Fixed,Active,High,Male,40,"5  Years, 8 Months",5,34806.3,3,0.54,0.61,0.46,0,1,0,1,0,34806.3,0
1543,15690678,Brooks,Accounts Payable,24/05/1980,28/06/2021,,White Collar,Temporary,Full Time,Fixed,Active,Low,Female,42,"1  Years, 5 Months",1,35470.5,3,0.68,0.44,0.52,0,1,1,1,0,35470.5,0
1544,15747677,Gordon,Perishable Customer Care Team Leader - Air Logistics,14/05/1957,17/08/1996,,White Collar,Temporary,Full Time,Fixed,Active,High,Male,65,"26 Years, 4 Months",26,28686.74,4,0.29,0.77,0.81,2,0,1,1,1,40981.05,0
1545,15618926,Nwachukwu,National Perishable Air Logistics Development Manager Retail,10/03/1984,30/12/2015,,White Collar,Temporary,Full Time,Flex and Fixed,Active,Medium,Male,38,"6 Years, 11 Months",6,30546.9,4,0.97,0.81,0.95,1,1,1,1,1,33203.15,0
1546,15673908,Chinweike,Perishable Operational Care Specialist - Air Logistics,06/07/1971,28/12/2012,,Blue Collar,Temporary,Full Time,Fixed,Active,Medium,Female,51,"9 Years, 11 Months",9,32477.4,4,0.81,0.1,0.78,2,0,1,1,1,35689.45,0
1547,15727944,Simpkinson,Inside Sales Executive/ Account Manager,04/10/1982,28/07/2013,,White Collar,Temporary,Full Time,Flex and Fixed,Active,Medium,Female,40,"9 Years, 4 Months",9,27456.18,2,0.54,0.73,0.84,1,1,1,1,1,33483.15,0
1548,15807294,Walker,Inside Sales Executive/ Account Manager,04/11/1980,14/05/2006,,White Collar,Temporary,Full Time,Flex and Fixed,Active,Low,Female,42,"16 Years, 7 Months",16,28442.52,2,0.58,0.09,0.83,3,1,1,1,1,32321.05,0
1549,15618581,Diribe,Customer Brokerage Specialist,13/02/1980,11/10/2012,,Blue Collar,Temporary,Full Time,Fixed,Active,Medium,Male,43,"10  Years, 2 Months",10,27950.1,4,0.99,0.9,0.99,4,1,1,1,1,34506.3,0
1550,15584364,Trentini,IT System Engineer,29/10/1959,01/01/2021,,White Collar,Temporary,Full Time,Flex and Fixed,Active,High,Male,63,"1 Years, 11 Months",1,66532.6,3,0.28,0.88,1,0,1,0,1,0,66532.6,0
1551,15599552,Conway,Analyst Programmer ,11/08/1985,24/06/1984,,White Collar,Temporary,Full Time,Flex and Fixed,Active,Low,Female,37,"38 Years, 5 Months",38,48827.57,4,0.55,0.09,0.87,2,1,1,1,1,58828.4,0
1552,15749177,Maslow,Internal Trainer,11/04/1969,19/01/1989,,White Collar,Temporary,Full Time,Fixed,Active,High,Female,53,"33 Years, 10 Months",33,31343.89,4,0.28,0.4,0.56,1,0,1,0,1,35217.85,0
1553,15718779,Clark,Recruiter,29/07/1969,04/11/1988,,White Collar,Temporary,Full Time,Fixed,Active,High,Male,53,"34 Years, 1 Months",34,34356.12,4,0.3,0.17,0.55,4,0,1,1,1,39041.05,0
1554,15568106,L?,National Air Logistics Gateway Trade Lane Specialist,18/09/1982,04/03/2017,,White Collar,Temporary,Full Time,Fixed,Active,High,Female,40,"5 Years, 9 Months",5,30988.82,1,0.28,0.82,0.82,2,0,1,0,1,34818.9,0
1555,15779481,Swadling,Technical Support Engineer,28/10/1988,11/11/2016,,White Collar,Temporary,Full Time,Flex and Fixed,Active,Low,Male,34,"6 Years, 1 Months",6,53569.08,2,0.55,0.9,0.83,2,1,1,1,1,61573.65,0
1556,15709994,Gallo,Accounts Payable,10/02/1980,06/04/2019,,White Collar,Temporary,Full Time,Fixed,Active,High,Female,43,"3  Years, 8 Months",3,36341.52,2,0.52,0.83,0.92,1,1,1,0,1,37855.75,0
1557,15772777,Onyemachukwu,National Air Logistics Pharma Compliance Specialist,26/03/1979,08/02/2013,,Blue Collar,Temporary,Full Time,Fixed,Active,Low,Female,43,"9 Years, 10 Months",9,29318.65,3,0.29,0.44,0.5,1,0,1,1,1,34903.15,0
1558,15706815,Samoylova,Gateway & Procurement Specialist - Air Logistics,24/02/2000,12/04/2017,27/06/2017,Blue Collar,Temporary,Full Time,Fixed,Voluntarily Terminated,High,Male,23,"0 Years, 2 Months",0,33134.7,2,0.2,0.5,0.85,0,0,1,1,1,33134.7,1
1559,15618018,Dickson,Customer Brokerage Specialist,15/05/1971,11/08/2020,,Blue Collar,Temporary,Full Time,Fixed,Active,High,Female,51,"2 Years, 4 Months",2,34402.97,4,0.35,0.14,0.61,1,1,1,0,1,36598.9,0
1560,15671032,He,Project Manager,15/02/1958,24/03/1989,,White Collar,Temporary,Full Time,Flex and Fixed,Active,High,Male,65,"33 Years, 8 Months",33,25858.19,4,0.26,0.77,0.82,5,1,1,1,1,45365.25,0
1561,15634281,P'an,Apprentice,23/08/2002,16/08/2022,,Blue Collar,Apprentice,Full Time,Fixed,Active,Low,Female,20,"0 Years, 4 Months",0,22036.8,1,0.56,0.09,0.83,0,0,0,1,0,22036.8,0
1562,15766374,Leak,Recruiter,18/06/1956,28/05/1988,,White Collar,Temporary,Full Time,Fixed,Active,High,Male,66,"34 Years, 6 Months",34,22510.7,1,0.98,0.11,0.88,3,0,1,1,1,38811.55,0
1563,15600991,Artemieva,Java Software Engineer ,30/05/1987,12/05/2011,06/07/2021,White Collar,Temporary,Full Time,Flex and Fixed,Voluntarily Terminated,Medium,Male,35,"10 Years, 1 Months",10,62306.51,4,0.26,0.44,0.57,5,1,1,1,1,69229.45,1
1564,15777576,Frost,Customer Servce Administrative Officer,01/02/1994,08/07/2019,,Blue Collar,Temporary,Full Time,Fixed,Active,Medium,Female,29,"3 Years, 5 Months",3,30754.13,2,0.94,0.43,0.52,1,0,1,0,1,33428.4,0
1565,15742613,Warner,National Perishable Air Logistics Development Manager Retail,02/07/1980,14/06/2017,,White Collar,Temporary,Full Time,Flex and Fixed,Active,Medium,Female,42,"5 Years, 6 Months",5,34725.97,4,0.48,0.12,0.8,2,1,0,1,0,36553.65,0
1566,15649523,Kennedy,Internal Trainer,08/11/1987,07/11/2012,,White Collar,Temporary,Full Time,Fixed,Active,Low,Male,35,"10  Years, 1 Months",10,27634.86,2,0.39,0.1,0.86,1,0,0,1,0,33701.05,0
1567,15651063,Ifeatu,Customer Care Specialist-Key Accounts,14/09/1978,06/08/2013,,White Collar,Temporary,Full Time,Fixed,Active,Low,Female,44,"9 Years, 4 Months",9,28686.42,2,0.49,0.1,0.96,3,0,0,1,0,34150.5,0
1568,15683124,Evans,Aerospace International Logistics Specialist,20/03/1960,19/04/2010,25/01/2013,Blue Collar,Temporary,Full Time,Fixed,Voluntarily Terminated,High,Male,62,"2 Years, 9 Months",2,30576.7,1,0.22,0.4,0.48,3,0,0,0,1,32528.4,1
1569,15618314,Chu,Inside Sales Executive/ Account Manager,20/08/1991,09/10/2020,,White Collar,Temporary,Full Time,Flex and Fixed,Active,High,Male,31,"2 Years, 2 Months",2,29427.31,3,0.5,0.41,0.47,2,1,1,1,1,33440.12,0
1570,15670823,Hsueh,Recruiter,02/10/1981,04/03/2009,18/10/2020,White Collar,Temporary,Full Time,Fixed,Voluntarily Terminated,Medium,Female,41,"11 Years, 7 Months",11,38124.38,1,0.21,0.37,0.48,3,0,0,1,1,40557.85,1
1571,15607133,Shih,Stock Investigator & Analyst,18/10/1984,04/05/1989,29/04/2020,White Collar,Temporary,Full Time,Flex and Fixed,Voluntarily Terminated,Medium,Female,38,"30 Years, 11 Months",30,42795.45,2,0.11,0.4,0.48,3,1,1,1,1,47550.5,1
1572,15615012,Fan,Project Coordinator,24/08/1979,05/11/2016,,White Collar,Fixed Term,Full Time,Fixed,Active,High,Male,43,"6 Years, 1 Months",6,29793.78,3,0.47,0.74,0.96,1,0,0,1,0,33104.2,0
1573,15725141,Whiddon,Finance Analyst,20/12/1980,26/03/2017,08/12/2021,White Collar,Fixed Term,Full Time,Flex and Fixed,Voluntarily Terminated,Low,Female,42,"4 Years, 8 Months",4,45374.19,2,0.29,0.39,0.48,5,1,0,1,1,48789.45,1
1574,15623560,Onyekachukwu,Technical Support Engineer,11/05/1959,07/03/2018,,White Collar,Fixed Term,Full Time,Flex and Fixed,Active,Medium,Female,63,"4 Years, 9 Months",4,51835.47,3,0.28,0.11,0.9,1,1,1,1,0,58242.1,0
1575,15693018,Ermakova,Warehouse Specialist - Air Logistics,07/06/2000,02/03/2019,,Blue Collar,Fixed Term,Full Time,Fixed,Active,Low,Male,22,"3 Years, 9 Months",3,23568.42,4,0.48,0.36,0.51,1,0,1,1,0,25617.85,0
1576,15636756,Marino,Business Development Manager,31/01/1984,09/04/2017,,White Collar,Fixed Term,Full Time,Flex and Fixed,Active,Low,Male,39,"5 Years, 8 Months",5,48736.88,1,0.29,0.8,0.83,2,1,0,1,0,52405.25,0
1577,15647474,Niu,Sea Logistics Pricing Coordinator,25/06/1979,27/05/2012,,White Collar,Fixed Term,Full Time,Fixed,Active,High,Female,43,"10  Years, 6 Months",10,28271.12,4,0.26,0.6,0.85,1,0,1,1,1,35338.9,0
1578,15576714,Manna,Project Coordinator,14/12/1984,19/03/2004,,White Collar,Fixed Term,Full Time,Fixed,Active,Low,Female,38,"18 Years, 8 Months",18,32697.15,2,0.71,0.36,0.54,2,0,1,1,1,33708.4,0
1579,15585047,Onyemere,Sales Specialist-Air Logitics ,23/11/2001,15/05/2014,,Blue Collar,Fixed Term,Full Time,Fixed,Active,High,Male,21,"8 Years, 7 Months",8,31679.03,4,0.26,0.1,0.96,1,0,0,0,0,35998.9,0
1580,15743976,Archer,Sea Logistics Pricing Coordinator,22/11/1956,27/12/2019,,White Collar,Fixed Term,Full Time,Fixed,Active,Low,Male,66,"2 Years, 11 Months",2,35983.15,1,0.45,0.65,0.86,0,0,1,1,1,35983.15,0
1581,15793881,Mitchell,BI Developer,13/04/1979,11/03/2019,,White Collar,Fixed Term,Full Time,Flex and Fixed,Active,High,Female,43,"3 Years, 9 Months",3,54586.07,3,0.69,0.49,0.73,1,1,1,0,1,58694.7,0
1582,15576517,Everingham,National Perishable Air Logistics Development Manager Retail,11/02/1994,31/10/2012,,White Collar,Fixed Term,Full Time,Flex and Fixed,Active,Low,Female,29,"10  Years, 1 Months",10,30655.55,3,0.46,0.73,0.96,5,1,1,1,1,36494.7,0
1583,15631072,Huie,National Air Logistics Pharma Compliance Specialist,18/12/1990,06/01/2018,,Blue Collar,Fixed Term,Full Time,Fixed,Active,Low,Male,32,"4 Years, 11 Months",4,30981.69,2,0.28,0.11,0.8,2,0,1,0,1,33313.65,0
1584,15730394,Crowther,Finance Analyst,31/03/1979,04/09/2009,23/06/2016,White Collar,Fixed Term,Full Time,Flex and Fixed,Voluntarily Terminated,Medium,Female,43,"13  Years, 3 Months",13,47802.75,2,0.27,0.33,0.91,4,1,0,0,1,51290.5,1
1585,15631460,Swift,Accounting Coordinator,17/02/1988,14/01/2017,,White Collar,Fixed Term,Full Time,Fixed,Active,Low,Female,35,"5 Years, 11 Months",5,28373.97,2,0.66,0.43,0.46,2,1,1,1,1,32243.15,0
1586,15692002,Skelton,Sales Account Manager,15/10/1994,10/07/2016,,White Collar,Fixed Term,Full Time,Fixed,Active,Medium,Male,28,"6 Years, 5 Months",6,33815.23,1,1,0.73,0.93,3,1,1,1,1,35973.65,0
1587,15595282,White,Senior DevOps Engineer,17/03/1978,12/03/2017,,White Collar,Fixed Term,Full Time,Flex and Fixed,Active,High,Female,44,"5 Years, 9 Months",5,62485.38,3,0.3,0.76,0.85,1,1,0,1,0,68665.25,0
1588,15789548,Giordano,Transport Controller,05/05/1981,19/08/2015,,Blue Collar,Fixed Term,Full Time,Fixed,Active,High,Female,41,"7 Years, 3 Months",7,22312.14,4,0.66,0.09,0.96,1,0,1,1,1,25354.7,0
1589,15758035,Bateson,Accounts Payable,04/03/1978,25/03/2018,,White Collar,Fixed Term,Full Time,Fixed,Active,Medium,Male,45,"4 Years, 8 Months",4,33482.84,2,0.58,0.9,0.81,2,1,1,0,1,37203.15,0
1590,15617518,Hu,Transport Controller,03/03/1958,18/06/2019,,Blue Collar,Fixed Term,Full Time,Fixed,Active,Low,Male,65,"3 Years, 6 Months",3,22604.51,3,0.28,0.1,0.81,2,0,1,1,1,24047.35,0
1591,15651802,Day,Java Software Engineer ,30/08/1984,23/10/1988,,White Collar,Fixed Term,Full Time,Flex and Fixed,Active,Medium,Female,38,"34 Years, 1 Months",34,57983.64,4,0.54,0.43,0.48,2,1,0,1,0,65890.5,0
1592,15631813,Beneventi,Transport Controller,16/04/1979,18/12/2020,,Blue Collar,Fixed Term,Full Time,Fixed,Active,Low,Male,43,"2  Years, 0 Months",2,27487.97,3,0.66,0.41,0.55,1,0,1,1,1,28934.7,0
1593,15729668,Elizabeth,Accounts Payable,02/04/1959,06/02/2016,,White Collar,Fixed Term,Full Time,Fixed,Active,High,Male,63,"6  Years, 10 Months",6,29805.01,1,0.69,0.41,0.57,1,1,0,1,0,32048.4,0
1594,15741728,Atkins,Operations Director,15/03/1957,26/12/1998,,White Collar,Fixed Term,Full Time,Flex and Fixed,Active,Medium,Male,66,"23 Years, 11 Months",23,66500.35,2,0.28,0.1,0.87,2,1,1,1,1,95000.5,0
1595,15576676,Serrano,Analyst Programmer ,17/08/1982,10/01/2012,,White Collar,Fixed Term,Full Time,Flex and Fixed,Active,Low,Female,40,"10  Years, 11 Months",10,50881.41,4,0.92,0.4,0.46,5,1,1,1,1,62050.5,0
1596,15711378,Willis,Sales Account Manager,13/03/1959,29/06/1983,,White Collar,Fixed Term,Full Time,Fixed,Active,Medium,Male,64,"39 Years, 5 Months",39,22673.71,1,0.26,0.4,0.53,3,1,0,1,0,36570.5,0
1597,15765520,Stevenson,Warehouse Specialist - Air Logistics,25/08/1999,15/05/2022,,Blue Collar,Fixed Term,Full Time,Fixed,Active,Low,Male,23,"0 Years, 7 Months",0,27846.3,3,0.86,0.36,0.48,0,0,0,1,0,27846.3,0
1598,15656726,Ch'ien,Gateway & Procurement Specialist - Air Logistics,07/09/1980,27/10/1999,,Blue Collar,Fixed Term,Full Time,Fixed,Active,Low,Male,42,"23 Years, 1 Months",23,27671.145,2,0.92,0.83,0.95,3,0,1,1,1,32175.75,0
1599,15647842,Cunningham,BI Developer,18/03/1986,27/03/2011,21/09/2020,White Collar,Fixed Term,Full Time,Flex and Fixed,Voluntarily Terminated,Low,Female,36,"9 Years, 5 Months",9,54886.1,2,0.26,0,0.94,3,1,0,1,0,63821.05,1
1600,15719309,Stephens,National Service Excellence Specialist- Air Logistics,04/05/1996,17/12/2021,,White Collar,Fixed Term,Full Time,Flex and Fixed,Active,Medium,Female,26,"1 Years, 0 Months",1,32428.4,1,0.29,0.41,0.51,0,0,1,0,1,32428.4,0
1601,15748718,Gordon,Gateway & Procurement Team Leader- Air Logistics,02/08/1995,15/04/2015,,White Collar,Fixed Term,Full Time,Fixed,Active,Low,Male,27,"7 Years, 8 Months",7,36098.75,4,0.55,0.11,0.93,2,0,0,1,0,42974.7,0
1602,15594404,Bevan,Customer Servce Administrative Officer,01/05/1959,25/03/2019,,Blue Collar,Fixed Term,Full Time,Fixed,Active,Low,Female,63,"3  Years, 8 Months",3,33885.5,4,0.86,0.68,0.62,1,0,0,1,0,36048.4,0
1603,15751158,Mashman,Business Analyst,01/03/1980,29/09/2016,01/06/2018,White Collar,Fixed Term,Full Time,Flex and Fixed,Voluntarily Terminated,High,Female,43,"1 Years, 8 Months",1,41961.36,2,0.3,0.43,0.53,3,1,0,1,0,49366.3,1
1604,15593470,Tu,Project Manager,24/05/1984,29/10/1984,,White Collar,Fixed Term,Full Time,Flex and Fixed,Active,Medium,Female,38,"38 Years, 1 Months",38,38049.19,3,0.29,0.44,0.51,2,1,1,1,1,43734.7,0
1605,15695129,Milanesi,Accounts Payable,21/08/1981,08/01/2018,,White Collar,Fixed Term,Full Time,Fixed,Active,Medium,Female,41,"4 Years, 11 Months",4,32462.11,2,0.26,0.87,0.94,1,1,1,0,1,33814.7,0
1606,15640865,Romano,Customer Brokerage Specialist,14/05/1956,21/11/1983,,Blue Collar,Fixed Term,Full Time,Fixed,Active,High,Female,66,"39  Years, 0 Months",39,19916.35,3,0.44,0.43,0.54,3,1,1,1,0,32123.15,0
1607,15714080,Goliwe,National Perishable Air Logistics Development Manager Retail,02/05/1985,15/09/2020,,White Collar,Fixed Term,Full Time,Flex and Fixed,Active,High,Female,37,"2 Years, 3 Months",2,32195.94,2,0.28,0.89,0.48,2,1,0,1,0,36586.3,0
1608,15648721,Hsueh,Business Analyst,08/10/1984,09/12/2007,,White Collar,Fixed Term,Full Time,Flex and Fixed,Active,Low,Male,38,"15 Years, 0 Months",15,46068.72,3,0.57,0.83,0.88,3,1,1,1,0,50074.7,0
1609,15801466,Gray,Apprentice,26/05/2002,03/04/2022,,Blue Collar,Apprentice,Full Time,Fixed,Active,High,Female,20,"0 Years, 8 Months",0,23856.8,2,0.91,0.11,0.87,0,0,0,1,0,23856.8,0
1610,15750248,Wright,Perishable Operational Care Specialist - Air Logistics,27/08/1981,22/07/2013,,Blue Collar,Fixed Term,Full Time,Fixed,Active,Low,Female,41,"9 Years, 4 Months",9,31380.62,3,0.76,0.85,1,3,0,0,1,0,34484.2,0
1611,15758726,Chiemeka,Human Resoruces Coordinator,12/12/1982,04/08/2013,,White Collar,Fixed Term,Full Time,Fixed,Active,Low,Female,40,"9 Years, 4 Months",9,30480.49,4,0.95,0.89,0.97,2,0,1,1,1,36286.3,0
1612,15781553,Chung,Customer Servce Administrative Officer,28/09/1980,12/03/2017,27/09/2022,Blue Collar,Fixed Term,Full Time,Fixed,Voluntarily Terminated,High,Female,42,"5 Years, 6 Months",5,32019.02,1,0.14,0.09,0.92,4,0,0,1,0,36385.25,1
1613,15649121,Pinto,National Perishable Air Logistics Development Manager Seafood,25/04/1994,23/10/2015,06/12/2022,White Collar,Fixed Term,Full Time,Flex and Fixed,Voluntarily Terminated,Medium,Male,28,"7 Years, 1 Months",7,31555.89,1,0.29,0.43,0.55,3,1,0,1,0,35062.1,1
1614,15674811,Kellway,Forklift Operator,29/06/2003,19/09/2020,,Blue Collar,Fixed Term,Full Time,Fixed,Active,High,Male,19,"2 Years, 2 Months",2,26766.38,2,0.27,0.42,0.46,1,0,1,1,1,28781.05,0
1615,15646037,Sopuluchi,IT System Engineer,13/04/1992,09/07/2019,,White Collar,Fixed Term,Full Time,Flex and Fixed,Active,Medium,Male,30,"3 Years, 5 Months",3,58742.8,2,0.91,0.43,0.54,2,1,1,1,1,66003.15,0
1616,15722578,Spitzer,Business Analyst,03/04/1981,29/08/2014,,White Collar,Fixed Term,Full Time,Flex and Fixed,Active,Low,Female,41,"8 Years, 3 Months",8,43489.91,3,0.44,0.1,0.93,2,1,1,1,1,49988.4,0
1617,15665695,Potter,Account Manager ,12/06/1984,17/04/2006,,White Collar,Fixed Term,Full Time,Fixed,Active,Low,Female,38,"16 Years, 8 Months",16,30398.62,4,0.55,0.37,0.46,1,1,1,1,1,34155.75,0
1618,15801062,Matthews,Revenue Care Specialist- Air Logistics,24/12/1980,26/02/2017,,White Collar,Fixed Term,Full Time,Fixed,Active,Low,Female,42,"5 Years, 9 Months",5,41307,1,0.42,0.76,0.98,2,1,1,0,1,43481.05,0
1619,15662955,Nicholls,BI Developer,12/10/1978,25/04/2021,,White Collar,Fixed Term,Full Time,Flex and Fixed,Active,Medium,Male,44,"1  Years, 7 Months",1,59042.86,3,0.28,0.88,0.89,1,1,0,1,0,62811.55,0
1620,15770309,McDonald,Transport Controller,03/07/1996,27/04/2019,,Blue Collar,Fixed Term,Full Time,Fixed,Active,Low,Male,26,"3 Years, 7 Months",3,26147.35,4,0.26,0.39,0.48,0,0,1,0,1,26147.35,0
1621,15657386,Fiorentini,Inside Sales Executive/ Account Manager,07/12/1971,23/12/2019,,White Collar,Fixed Term,Full Time,Flex and Fixed,Active,Medium,Male,51,"2 Years, 11 Months",2,31049.26,3,0.28,0.45,0.54,1,1,1,0,0,33386.3,0
1622,15777797,Kovalyova,Data Engineer,23/02/1976,05/11/2008,06/09/2015,White Collar,Fixed Term,Full Time,Flex and Fixed,Voluntarily Terminated,Medium,Male,47,"6 Years, 10 Months",6,63224.74,2,0.28,0.33,0.95,5,1,1,1,1,71846.3,1
1623,15783955,Miah,Sea Logiscitcs Customer Care Specialist ,15/11/1994,22/05/2012,,Blue Collar,Fixed Term,Full Time,Fixed,Active,Medium,Female,28,"10  Years, 6 Months",10,27994.5,3,0.93,0.86,0.85,5,0,0,1,0,32934.7,0
1624,15804516,Builder,Perishable Warehouse Specialist - Air Logistics,07/09/1959,11/05/1983,,Blue Collar,Fixed Term,Full Time,Fixed,Active,Medium,Male,63,"39 Years, 7 Months",39,32122.97,3,0.83,0.39,0.53,3,0,0,1,0,33813.65,0
1625,15681758,Baddeley,Transport Controller,29/01/1992,10/05/2016,,Blue Collar,Fixed Term,Full Time,Fixed,Active,Low,Female,31,"6 Years, 7 Months",6,21137.78,4,0.52,0.89,1,2,0,0,1,0,24020.21,0
1626,15630321,Hu,Sea Logistics Pricing Coordinator,24/03/1983,18/08/2013,,White Collar,Fixed Term,Full Time,Fixed,Active,Medium,Male,39,"9 Years, 4 Months",9,29777.72,2,0.42,0.11,0.86,2,0,0,1,0,34625.25,0
1627,15588248,Hs?,Apprentice,06/09/2001,02/04/2009,18/10/2018,Blue Collar,Apprentice,Full Time,Fixed,Voluntarily Terminated,High,Female,21,"9 Years, 6 Months",9,20212.61,1,0.14,0.1,0.87,3,0,1,1,1,21687.35,1
1628,15591932,Ford,Gateway & Procurement Team Leader- Air Logistics,05/03/1980,29/01/2017,,White Collar,Fixed Term,Full Time,Fixed,Active,Medium,Male,43,"5 Years, 10 Months",5,37098.26,3,0.47,0.38,0.57,2,0,0,1,0,40324.2,0
1629,15810347,Todd,Sales Account Manager,08/07/1984,09/11/2016,,White Collar,Fixed Term,Full Time,Fixed,Active,Low,Female,38,"6 Years, 1 Months",6,33517.39,1,0.28,0.4,0.54,2,1,1,0,1,35656.8,0
1630,15595303,Johnston,Data Analyst,01/11/1982,03/06/2013,13/04/2017,White Collar,Fixed Term,Full Time,Flex and Fixed,Voluntarily Terminated,Low,Male,40,"3 Years, 10 Months",3,44086.13,2,0.26,0.86,0.97,5,1,1,1,1,48446.3,1
1631,15634950,Obiajulu,Human Resoruces Coordinator,21/03/1984,25/11/2007,02/12/2016,White Collar,Fixed Term,Full Time,Fixed,Voluntarily Terminated,High,Male,38,"9 Years, 0 Months",9,30897.82,2,0.3,0.1,0.86,3,0,1,1,1,33953.65,1
1632,15685372,Azubuike,Aerospace International Logistics Specialist,05/02/2000,21/10/2017,11/01/2022,Blue Collar,Fixed Term,Full Time,Fixed,Voluntarily Terminated,High,Male,23,"4 Years, 2 Months",4,35161.25,2,0.28,0.1,0.85,3,0,1,1,1,36626.3,1
1633,15745827,Padovesi,Pricing Analyst,15/04/1981,11/10/2018,,White Collar,Fixed Term,Full Time,Flex and Fixed,Active,Low,Male,41,"4 Years, 2 Months",4,46985.42,1,0.3,0.42,0.5,1,1,0,1,0,48943.15,0
1634,15755868,Farmer,Accountant,25/05/2001,05/10/2015,,White Collar,Fixed Term,Full Time,Fixed,Active,Low,Male,21,"7 Years, 2 Months",7,28885.37,3,0.7,0.36,0.46,1,1,0,0,0,34387.35,0
1635,15735222,Ignatieff,Account Manager ,23/03/1985,06/12/2020,,White Collar,Fixed Term,Full Time,Fixed,Active,High,Female,37,"2 Years, 0 Months",2,33997.55,3,0.26,0.39,0.48,1,1,1,1,1,37359.95,0
1636,15604804,Lu,Business Development Manager,03/04/1969,06/02/2018,,White Collar,Fixed Term,Full Time,Flex and Fixed,Active,Medium,Female,53,"4 Years, 10 Months",4,43745.24,3,0.65,0.43,0.47,1,1,1,1,1,49710.5,0
1637,15718944,Artemiev,Perishable Warehouse Specialist - Air Logistics,15/05/1958,08/09/1983,,Blue Collar,Fixed Term,Full Time,Fixed,Active,Medium,Female,64,"39  Years, 3 Months",39,17758.62,4,0.67,0.36,0.49,2,0,0,1,0,32288.4,0
1638,15678626,Okonkwo,Regional Air logistics Trainer Specialist,11/07/1981,08/04/2019,,White Collar,Fixed Term,Full Time,Fixed,Active,High,Female,41,"3 Years, 8 Months",3,33432.31,3,0.95,0.09,0.91,3,0,0,0,0,34466.3,0
1639,15571550,Dore,Warehouse Specialist - Air Logistics,15/07/1982,12/03/2018,,Blue Collar,Fixed Term,Full Time,Fixed,Active,Low,Male,40,"4 Years, 9 Months",4,24427.44,4,0.71,0.42,0.55,3,0,0,1,0,25445.25,0
1640,15723053,T'ang,Transport Controller,19/08/1971,12/04/2017,,Blue Collar,Fixed Term,Full Time,Fixed,Active,High,Male,51,"5 Years, 8 Months",5,24642.43,1,0.47,0.42,0.46,1,0,1,0,0,26785.25,0
1641,15661528,Ashbolt,Finance Analyst,31/08/1980,16/03/2013,,White Collar,Fixed Term,Full Time,Flex and Fixed,Active,High,Male,42,"9 Years, 9 Months",9,44775.32,2,0.46,0.91,0.89,1,1,0,1,0,50881.05,0
1642,15754177,Bazarova,Analyst Programmer ,21/07/1989,11/03/2015,,White Collar,Fixed Term,Full Time,Flex and Fixed,Active,Medium,Male,33,"7 Years, 9 Months",7,52923.53,3,0.42,0.41,0.56,2,1,0,0,0,63004.2,0
1643,15683544,Buccho,Customer Brokerage Specialist,18/03/1980,21/04/2017,,Blue Collar,Fixed Term,Full Time,Fixed,Active,Medium,Male,42,"5 Years, 7 Months",5,29403.09,1,0.28,0.11,0.78,2,1,1,1,1,33412.6,0
1644,15708048,Burn,Sea Logiscitcs Customer Care Specialist ,10/06/1985,30/04/2008,,Blue Collar,Fixed Term,Full Time,Fixed,Active,Low,Female,37,"14 Years, 7 Months",14,30087.9,2,0.77,0.09,0.83,1,0,0,1,0,32283.15,0
1645,15701109,Andreyev,Customer Servce Administrative Officer,05/05/1985,20/06/2013,,Blue Collar,Fixed Term,Full Time,Fixed,Active,Medium,Female,37,"9 Years, 5 Months",9,30395.93,4,0.93,0.83,1,1,0,1,1,1,34937.85,0
1646,15600110,Endrizzi,Technical Support Engineer,27/07/1977,29/10/2018,,White Collar,Fixed Term,Full Time,Flex and Fixed,Active,Low,Female,45,"4 Years, 1 Months",4,55619.29,4,0.45,0.11,0.78,1,1,0,1,0,60455.75,0
1647,15651533,Brown,Technical Support Engineer,30/05/1977,15/06/2020,,White Collar,Fixed Term,Full Time,Flex and Fixed,Active,Low,Female,45,"2 Years, 6 Months",2,54038.89,3,0.45,0.1,0.93,1,1,0,1,0,60717.85,0
1648,15777904,Nock,National Air Logistics Gateway Trade Lane Specialist,26/06/1969,06/03/2014,,White Collar,Fixed Term,Full Time,Fixed,Active,Medium,Female,53,"8 Years, 9 Months",8,33399.9,2,0.76,0.42,0.55,2,0,1,1,1,35836.8,0
1649,15655574,Okeke,Customer Care Specialist-Key Accounts,31/05/1956,14/08/1988,,White Collar,Fixed Term,Full Time,Fixed,Active,Low,Female,66,"34 Years, 4 Months",34,21015.15,4,0.7,0.1,0.97,1,0,0,1,0,35025.25,0
1650,15569423,Cunningham,Operations Specialist,03/05/1981,07/01/2017,,Blue Collar,Fixed Term,Full Time,Fixed,Active,Low,Male,41,"5 Years, 11 Months",5,32135.71,4,0.28,0.38,0.51,1,0,0,1,0,36517.85,0
1651,15718106,Kelley,National Perishable Air Logistics Development Manager Seafood,22/06/1986,04/06/2021,,White Collar,Fixed Term,Full Time,Flex and Fixed,Active,High,Male,36,"1  Years, 6 Months",1,31796.72,3,0.68,0.77,0.98,1,1,0,0,0,33826.3,0
1652,15585067,Wilson,Warehouse Shift Team Leader- Air Logistics,08/06/1971,28/11/2017,,White Collar,Fixed Term,Full Time,Fixed,Active,High,Male,51,"5 Years, 0 Months",5,34434.66,2,0.49,0.11,0.85,1,0,1,1,1,38260.73,0
1653,15675501,Woods,Cloud Service Analyst,29/03/1984,19/02/2003,,White Collar,Fixed Term,Full Time,Flex and Fixed,Active,Low,Male,38,"19 Years, 9 Months",19,57305.21,4,0.28,0.87,0.97,1,1,1,1,1,58474.7,0
1654,15633233,McFarland,Gateway & Procurement Team Leader- Air Logistics,09/03/1981,18/07/2009,26/06/2022,White Collar,Fixed Term,Full Time,Fixed,Voluntarily Terminated,High,Male,42,"12 Years, 11 Months",12,39817.98,2,0.14,0.1,0.88,8,0,0,1,0,42723.15,1
1655,15667134,Cisneros,Gateway & Procurement Specialist - Air Logistics,09/01/1957,15/12/2007,,Blue Collar,Fixed Term,Full Time,Fixed,Active,Low,Male,66,"15 Years, 0 Months",15,25883.68,4,0.59,0.1,0.89,1,0,0,0,0,33184.2,0
1656,15659105,Borchgrevink,Java Software Engineer ,28/05/1992,27/08/2020,,White Collar,Fixed Term,Full Time,Flex and Fixed,Active,Low,Female,30,"2 Years, 3 Months",2,65375.26,2,0.98,0.09,0.9,1,1,0,1,0,66709.45,0
1657,15575409,Rozhkova,National Perishable Air Logistics Development Manager Seafood,07/04/1984,18/11/2012,,White Collar,Fixed Term,Full Time,Flex and Fixed,Active,High,Male,38,"10 Years, 1 Months",10,33749.16,2,0.71,0.84,0.85,3,1,0,1,0,36211.55,0
1658,15752342,Bradley,Inside Sales Executive/ Account Manager,15/12/1977,06/03/2015,02/12/2017,White Collar,Fixed Term,Full Time,Flex and Fixed,Voluntarily Terminated,High,Female,45,"2 Years, 8 Months",2,31695.45,2,0.26,0.11,0.86,4,1,0,1,0,36431.55,1
1659,15654851,Obialo,Accountant,30/07/1997,20/03/2012,,White Collar,Fixed Term,Full Time,Fixed,Active,Low,Male,25,"10  Years, 8 Months",10,30486.66,2,0.91,0.81,0.97,1,1,1,0,1,37637.85,0
1660,15741429,Hudson,Aerospace International Logistics Specialist,12/08/1977,01/04/2014,,Blue Collar,Fixed Term,Full Time,Fixed,Active,Medium,Female,45,"8 Years, 8 Months",8,30599.86,4,0.26,0.77,0.85,3,0,1,1,1,36428.4,0
1661,15682356,Veltri,Material Handler ,27/05/2002,30/01/2018,,Blue Collar,Fixed Term,Full Time,Fixed,Active,High,Female,20,"4 Years, 10 Months",4,26722.32,2,0.93,0.42,0.47,2,0,0,1,0,27835.75,0
1662,15806447,Mazzanti,Customer Servce Administrative Officer,05/09/1983,27/06/2012,,Blue Collar,Fixed Term,Full Time,Fixed,Active,High,Male,39,"10 Years, 5 Months",10,31683.61,1,0.84,0.36,0.56,1,0,1,1,1,34068.4,0
1663,15800229,Thorpe,Regional Air logistics Trainer Specialist,12/09/1962,14/05/2021,,White Collar,Fixed Term,Full Time,Fixed,Active,High,Male,60,"1 Years, 7 Months",1,34864.2,3,0.86,0.81,0.83,0,0,1,0,1,34864.2,0
1664,15663441,Golibe,Trucking Team Leader- Air Logistics,31/07/1981,01/06/2015,04/11/2022,White Collar,Fixed Term,Full Time,Fixed,Voluntarily Terminated,Low,Female,41,"7 Years, 5 Months",7,32818.5,2,0.18,0.37,0.46,5,0,0,1,0,38161.05,1
1665,15791991,Udinesi,National Perishable Air Logistics Development Manager Retail,19/11/1985,13/07/2013,,White Collar,Fixed Term,Full Time,Flex and Fixed,Active,High,Male,37,"9 Years, 5 Months",9,27062.58,1,0.26,0.1,0.96,3,1,1,0,1,33003.15,0
1666,15775082,Stewart,Pricing Analyst,14/11/1956,10/06/2005,,White Collar,Fixed Term,Full Time,Flex and Fixed,Active,Medium,Male,66,"17 Years, 6 Months",17,39953.24,3,0.36,0.14,0.55,3,1,1,0,1,51222.1,0
1667,15579706,Curtis,Data Engineer,21/02/1981,26/05/2021,25/06/2022,White Collar,Fixed Term,Full Time,Flex and Fixed,Voluntarily Terminated,Low,Female,42,"1  Years, 6 Months",1,64449.36,1,0.14,0.41,0.51,3,1,0,1,0,68563.15,1
1668,15718247,Hayden,Trucking Specialist - Air Logistics,31/07/1985,15/04/2017,,Blue Collar,Fixed Term,Full Time,Fixed,Active,Medium,Female,37,"5 Years, 8 Months",5,32655.78,3,0.3,0.44,0.55,2,0,1,1,1,36284.2,0
1669,15755722,H?,Sales Account Manager,14/01/1967,06/07/2013,,White Collar,Fixed Term,Full Time,Fixed,Active,Medium,Male,56,"9 Years, 5 Months",9,27990.72,4,0.27,0.82,0.94,3,1,0,0,0,32547.35,0
1670,15582259,Campbell,Human Resoruces Coordinator,16/06/1955,22/12/1989,,White Collar,Fixed Term,Full Time,Fixed,Active,Medium,Female,67,"32 Years, 11 Months",32,21623.8,4,0.4,0.67,0.54,2,0,1,1,1,36650.5,0
1671,15716994,Green,Operations Specialist,08/12/1979,08/07/2020,16/05/2021,Blue Collar,Fixed Term,Full Time,Fixed,Voluntarily Terminated,Medium,Male,43,"0 Years, 10 Months",0,34007.35,2,0.1,0.44,0.57,0,0,0,1,0,34007.35,1
1672,15586880,P'eng,Business Development Manager,12/05/1990,15/06/2018,,White Collar,Fixed Term,Full Time,Flex and Fixed,Active,High,Male,32,"4 Years, 6 Months",4,46662.47,3,0.83,0.42,0.54,2,1,1,1,1,50174.7,0
1673,15713854,Cremonesi,Perishable Warehouse Specialist - Air Logistics,29/06/1985,03/05/2013,,Blue Collar,Fixed Term,Full Time,Fixed,Active,Medium,Female,37,"9 Years, 7 Months",9,28901.55,2,0.29,0.84,0.83,1,0,0,1,0,32473.65,0
1674,15780835,Liang,Customer Care Specialist-Key Accounts,23/08/1979,10/06/2019,,White Collar,Fixed Term,Full Time,Fixed,Active,Medium,Female,43,"3 Years, 6 Months",3,32831.93,1,0.29,0.86,1,2,0,1,1,1,35303.15,0
1675,15675896,Gough,Perishable Warehouse Specialist - Air Logistics,02/07/1983,27/01/2015,05/01/2020,Blue Collar,Fixed Term,Full Time,Fixed,Voluntarily Terminated,Low,Female,39,"4 Years, 11 Months",4,33081.12,2,0.26,0.56,0.86,3,0,1,1,1,36756.8,1
1676,15658459,Bates,Transport Controller,15/03/1958,01/02/1997,,Blue Collar,Fixed Term,Full Time,Fixed,Active,High,Male,65,"25 Years, 10 Months",25,21447.31,3,0.96,0.09,0.93,1,0,0,1,0,27853.65,0
1677,15658057,Padovesi,IT System Engineer,02/09/1989,23/09/1997,17/12/2017,White Collar,Fixed Term,Full Time,Flex and Fixed,Voluntarily Terminated,High,Female,33,"20 Years, 2 Months",20,61427.5,2,0.26,0.1,0.81,3,1,0,1,0,65348.4,1
1678,15801767,Yin,Gateway & Procurement Specialist - Air Logistics,06/03/1955,30/07/1999,,Blue Collar,Fixed Term,Full Time,Fixed,Active,Medium,Female,68,"23 Years, 4 Months",23,24461.68,4,0.26,0.39,0.54,5,0,0,1,0,34945.25,0
1679,15569178,Kharlamov,Material Handler ,28/06/2001,27/03/2017,,Blue Collar,Fixed Term,Full Time,Fixed,Active,Medium,Female,21,"5 Years, 8 Months",5,25062.37,1,0.39,0.75,0.89,1,0,0,1,0,26662.1,0
1680,15731478,Nicholls,Recruiter Apprentice,25/03/2003,12/09/2022,,Blue Collar,Apprentice,Full Time,Fixed,Active,Low,Female,19,"0 Years, 3 Months",0,21234.7,3,0.94,0.43,0.55,0,0,0,1,0,21234.7,0
1681,15811236,Burns,Gateway & Procurement Specialist - Air Logistics,28/04/1995,11/09/2019,,Blue Collar,Fixed Term,Full Time,Fixed,Active,Medium,Male,27,"3 Years, 3 Months",3,32633.86,4,0.41,0.09,0.96,2,0,1,1,1,33643.15,0
1682,15746749,Fleming,Network Engineer,03/01/1961,28/03/2000,,White Collar,Fixed Term,Full Time,Flex and Fixed,Active,Low,Female,62,"22 Years, 8 Months",22,63563,3,0.5,0.83,0.94,3,1,1,1,1,69849.45,0
1683,15662758,Watson,Perishable Operational Care Specialist - Air Logistics,23/09/1980,17/03/1988,,Blue Collar,Fixed Term,Full Time,Fixed,Active,Medium,Male,42,"34 Years, 9 Months",34,30307.57,3,0.99,0.59,1,3,0,0,1,0,32242.1,0
1684,15709387,Obiajulu,Forklift Operator,16/04/2004,02/02/2022,,Blue Collar,Fixed Term,Full Time,Fixed,Active,Medium,Male,18,"0 Years, 10 Months",0,26676.8,4,0.59,0.44,0.54,0,0,1,1,1,26676.8,0
1685,15572093,Han,Business Development Executive,06/11/1955,12/07/2000,,White Collar,Fixed Term,Full Time,Flex and Fixed,Active,Low,Female,67,"22 Years, 5 Months",22,33737.15,3,0.3,0.38,0.49,2,0,0,1,0,42705.25,0
1686,15713826,Ferguson,Inside Sales Executive/ Account Manager,01/07/1968,24/09/2011,07/03/2019,White Collar,Fixed Term,Full Time,Flex and Fixed,Voluntarily Terminated,High,Female,54,"11  Years, 2 Months",11,30479,2,0.23,0.76,0.98,4,1,0,0,0,37628.4,1
1687,15570205,Tao,Gateway & Procurement Specialist - Air Logistics,09/04/1990,15/09/2014,,Blue Collar,Fixed Term,Full Time,Fixed,Active,High,Male,32,"8 Years, 3 Months",8,32187.58,4,0.29,0.22,0.86,2,0,1,1,0,36576.8,0
1688,15589348,Le Grand,Gateway & Procurement Team Leader- Air Logistics,18/05/1980,12/06/2015,,White Collar,Fixed Term,Full Time,Fixed,Active,High,Male,42,"7 Years, 6 Months",7,35733.95,1,0.3,0.4,0.46,2,0,1,1,1,40150.5,0
1689,15804610,Valdez,Technical Support Engineer,07/11/1971,21/07/2016,,White Collar,Fixed Term,Full Time,Flex and Fixed,Active,Low,Female,51,"6 Years, 4 Months",6,53455.31,3,0.69,0.41,0.48,1,1,1,0,1,58742.1,0
1690,15700854,Cunningham,Perishable Customer Care Team Leader - Air Logistics,04/12/1980,30/10/2011,15/04/2013,White Collar,Fixed Term,Full Time,Fixed,Voluntarily Terminated,High,Male,42,"11  Years, 1 Months",11,36887.57,1,0.28,0.38,0.51,4,0,0,1,1,39242.1,1
1691,15758836,Godfrey,Accounting Coordinator,04/09/1984,04/12/2001,,White Collar,Fixed Term,Full Time,Fixed,Active,Low,Male,38,"21 Years, 0 Months",21,27574.31,1,0.76,0.45,0.68,2,1,1,0,0,32063.15,0
1692,15772933,Mai,Customer Care Specialist-Key Accounts,24/09/1999,01/09/2022,,White Collar,Fixed Term,Full Time,Fixed,Active,Low,Male,23,"0 Years, 3 Months",0,34138.9,4,0.29,0.39,0.56,0,0,1,1,1,34138.9,0
1693,15809006,Walker,Human Resoruces Coordinator,22/08/1979,20/06/2014,,White Collar,Fixed Term,Full Time,Fixed,Active,High,Male,43,"8 Years, 5 Months",8,28407.77,2,0.28,0.45,0.47,2,0,0,0,0,33420.91,0
1694,15689612,Pirozzi,Account Manager ,23/02/1994,28/11/2016,,White Collar,Fixed Term,Full Time,Fixed,Active,High,Female,29,"6 Years, 0 Months",6,34406.6,3,0.28,0.42,0.53,2,1,1,0,1,37809.45,0
1695,15744614,Feng,Sea Logistics Pricing Coordinator,28/02/1964,25/09/2011,,White Collar,Fixed Term,Full Time,Fixed,Active,High,Male,59,"11 Years, 2 Months",11,28531.39,2,0.28,0.1,0.87,4,0,1,1,1,32794.7,0
1696,15704250,Akabueze,Account Manager ,25/12/1991,05/09/2016,,White Collar,Fixed Term,Full Time,Fixed,Active,Low,Male,31,"6 Years, 3 Months",6,30626.73,4,0.29,0.78,0.96,2,1,0,0,0,33655.75,0
1697,15700255,Robson,Cloud Service Analyst,16/01/1981,28/06/2021,,White Collar,Fixed Term,Full Time,Flex and Fixed,Active,Medium,Male,42,"1  Years, 5 Months",1,58412.59,2,0.81,0.39,0.56,1,1,0,0,0,62141.05,0
1698,15669410,Yevdokimova,Warehouse Apprentice- Air Logistics,30/09/2002,11/07/2022,,Blue Collar,Apprentice,Full Time,Fixed,Active,Low,Male,20,"0 Years, 5 Months",0,23630.5,2,0.3,0.1,0.87,0,0,0,1,0,23630.5,0
1699,15807595,Ijendu,Transport Controller,06/08/1988,12/01/2015,,Blue Collar,Fixed Term,Full Time,Fixed,Active,High,Male,34,"7 Years, 11 Months",7,22881.07,3,0.51,0.1,0.8,3,0,0,1,0,26918.9,0
1700,15664523,Colombo,Perishable Warehouse Specialist - Air Logistics,13/06/1980,25/01/2014,,Blue Collar,Fixed Term,Full Time,Fixed,Active,High,Female,42,"8 Years, 10 Months",8,33517.99,2,0.28,0.43,0.46,3,0,0,1,0,36432.6,0
1701,15642833,Akubundu,Perishable Warehouse Specialist - Air Logistics,03/05/1977,17/10/2014,,Blue Collar,Fixed Term,Full Time,Fixed,Active,Medium,Female,45,"8 Years, 2 Months",8,28020.46,3,0.71,0.38,0.45,1,0,0,1,0,32965.25,0
1702,15605279,Francis,Regional Air logistics Trainer Specialist,29/06/1968,26/01/2002,19/06/2018,White Collar,Fixed Term,Full Time,Fixed,Voluntarily Terminated,High,Male,54,"20  Years, 10 Months",20,30947.33,2,0.28,0.09,0.77,3,0,1,1,1,32236.8,1
1703,15713644,Marshall,Human Resoruces Coordinator,19/06/1981,13/01/2016,,White Collar,Fixed Term,Full Time,Fixed,Active,High,Male,41,"6 Years, 11 Months",6,29532.57,1,0.95,0.39,0.53,1,0,0,1,0,34744.2,0
1704,15750466,Rhodes,Trucking Team Leader- Air Logistics,23/08/1981,24/11/2002,,White Collar,Fixed Term,Full Time,Fixed,Active,Medium,Male,41,"20 Years, 0 Months",20,34457.17,2,0.29,0.73,0.99,1,0,0,1,0,40537.85,0
1705,15739054,Y?,National Service Excellence Specialist- Air Logistics,26/11/1985,22/02/2021,,White Collar,Fixed Term,Full Time,Flex and Fixed,Active,High,Female,37,"1  Years, 9 Months",1,34358.98,4,0.3,0.38,0.49,1,0,1,0,1,36167.35,0
1706,15612771,Bell,Regional Air logistics Trainer Specialist,08/08/1956,05/08/1989,,White Collar,Fixed Term,Full Time,Fixed,Active,Low,Male,66,"33 Years, 4 Months",33,24634.09,3,0.27,0.1,0.91,3,0,1,1,1,35191.55,0
1707,15788483,Kerr,Data Engineer,15/10/1991,07/01/2017,,White Collar,Fixed Term,Full Time,Flex and Fixed,Active,Low,Male,31,"5 Years, 11 Months",5,66781.96,1,0.53,0.41,0.54,1,1,0,1,0,70296.8,0
1708,15732832,Jideofor,National Air Logistics Pharma Compliance Specialist,19/08/1990,25/08/2012,,Blue Collar,Fixed Term,Full Time,Fixed,Active,High,Female,32,"10  Years, 3 Months",10,26664.31,3,0.67,0.43,0.51,5,0,0,1,0,32918.9,0
1709,15772892,Robertson,Apprentice,21/01/2003,14/09/2022,,Blue Collar,Apprentice,Full Time,Fixed,Active,High,Female,20,"0 Years, 3 Months",0,23066.3,4,0.7,0.79,0.96,0,0,0,1,0,23066.3,0
1710,15713843,Kao,Perishable Operational Care Specialist - Air Logistics,18/04/1981,15/12/2013,,Blue Collar,Fixed Term,Full Time,Fixed,Active,Medium,Male,41,"9 Years, 0 Months",9,30565.37,1,0.47,0.1,0.81,3,0,1,0,1,36387.35,0
1711,15567993,Palmer,Perishable Customer Care Team Leader - Air Logistics,13/04/1981,07/09/2020,,White Collar,Fixed Term,Full Time,Fixed,Active,Low,Male,41,"2 Years, 3 Months",2,40059.98,3,0.35,0.11,0.97,1,0,0,1,0,42168.4,0
1712,15617603,Mackay,Account Manager ,01/08/1988,16/08/2019,,White Collar,Fixed Term,Full Time,Fixed,Active,High,Male,34,"3 Years, 4 Months",3,35559.13,2,0.8,0.42,0.5,3,1,1,1,1,36658.9,0
1713,15744983,Burgmann,Human Resoruces Coordinator,06/08/1957,17/08/2016,,White Collar,Fixed Term,Full Time,Fixed,Active,Low,Male,65,"6  Years, 4 Months",6,32961.96,4,0.5,0.36,0.51,3,0,1,1,1,34696.8,0
1714,15630419,Davis,National Air Logistics Pharma Compliance Specialist,31/08/1968,10/03/1995,,Blue Collar,Fixed Term,Full Time,Fixed,Active,Medium,Male,54,"27 Years, 9 Months",27,32817.78,4,0.27,0.63,0.93,2,0,0,1,0,36464.2,0
1715,15738828,Milano,Human Resoruces Coordinator,16/06/1958,23/03/2007,,White Collar,Fixed Term,Full Time,Fixed,Active,Medium,Male,64,"15  Years, 8 Months",15,26414.33,1,0.47,0.41,0.56,3,0,0,0,0,32212.6,0
1716,15778025,Dellucci,Perishable Customer Care Team Leader - Air Logistics,05/09/2000,18/12/2020,,White Collar,Fixed Term,Full Time,Fixed,Active,Low,Male,22,"2  Years, 0 Months",2,43416.8,4,0.27,0.36,0.46,0,0,1,0,1,43416.8,0
1717,15799479,Coles,Sea Logistics Pricing Coordinator,24/07/1995,14/08/2017,,White Collar,Fixed Term,Full Time,Fixed,Active,Low,Male,27,"5 Years, 4 Months",5,29509,2,0.3,0.1,0.9,1,0,1,1,1,31062.1,0
1718,15684269,Gray,Analyst Programmer ,27/12/1991,24/05/2006,24/06/2018,White Collar,Fixed Term,Full Time,Flex and Fixed,Voluntarily Terminated,High,Female,31,"12 Years, 1 Months",12,53804.68,4,0.28,0.11,0.96,5,1,0,1,0,60454.7,1
1719,15762745,Macvitie,Stock Investigator & Analyst,03/12/1986,28/12/2015,,White Collar,Fixed Term,Full Time,Flex and Fixed,Active,Low,Male,36,"6 Years, 11 Months",6,47566.9,3,0.51,0.44,0.54,2,1,0,1,0,51703.15,0
1720,15746970,Townsend,Internal Trainer,19/01/1984,25/05/2020,,White Collar,Fixed Term,Full Time,Fixed,Active,Medium,Female,39,"2 Years, 6 Months",2,32143.14,4,0.42,0.77,0.96,1,0,1,1,1,36526.3,0
1721,15725024,Pope,Operations Specialist,07/10/1981,18/07/2022,,Blue Collar,Fixed Term,Full Time,Fixed,Active,High,Female,41,"0 Years, 5 Months",0,32890.5,4,0.54,0.91,1,0,0,1,0,1,32890.5,0
1722,15592116,Jensen,Warehouse Specialist - Air Logistics,03/02/1983,06/03/2020,,Blue Collar,Fixed Term,Full Time,Fixed,Active,High,Female,40,"2 Years, 9 Months",2,22155.53,4,0.3,0.26,0.46,1,0,0,1,0,24082.1,0
1723,15624391,Thomson,National Perishable Air Logistics Development Manager Retail,09/01/1986,02/07/2019,,White Collar,Fixed Term,Full Time,Flex and Fixed,Active,Low,Female,37,"3 Years, 5 Months",3,30534.32,1,0.28,0.81,0.93,2,1,1,1,1,32832.6,0
1724,15567422,Chiazagomekpele,Sales Account Manager,01/01/1978,06/11/2021,,White Collar,Fixed Term,Full Time,Fixed,Active,High,Male,45,"1  Years, 1 Months",1,30656.98,1,0.26,0.11,0.87,1,1,0,1,0,32270.5,0
1725,15612627,Ozuluonye,Warehouse Quality Control Specialist - Air Logistics,07/03/1967,28/12/1999,,Blue Collar,Fixed Term,Full Time,Fixed,Active,Medium,Male,56,"22 Years, 11 Months",22,22728.4,2,0.94,0.92,0.89,5,0,0,1,0,28410.5,0
1726,15574879,Wright,Human Resoruces Coordinator,04/09/1958,21/11/2015,,White Collar,Fixed Term,Full Time,Fixed,Active,Low,Female,64,"7  Years, 0 Months",7,29567.79,3,0.26,0.1,0.86,1,0,1,0,1,32138.9,0
1727,15745107,Lung,Accountant,28/02/2001,04/11/2014,,White Collar,Fixed Term,Full Time,Fixed,Active,Low,Male,22,"8 Years, 1 Months",8,27573.41,1,0.53,0.45,0.51,2,1,1,0,1,32062.1,0
1728,15734491,Lombardo,Perishable Warehouse Specialist - Air Logistics,05/06/1987,19/01/2014,,Blue Collar,Fixed Term,Full Time,Fixed,Active,Low,Female,35,"8 Years, 10 Months",8,28292.46,1,0.59,0.11,0.94,2,0,1,1,1,33285.25,0
1729,15675320,Leonard,BI Developer,04/06/1987,18/04/2014,,White Collar,Fixed Term,Full Time,Flex and Fixed,Active,Low,Female,35,"8 Years, 8 Months",8,54642.46,4,0.29,0.23,0.7,2,1,0,0,0,64285.25,0
1730,15643824,Johnston,Warehouse Shift Team Leader Healthcare- Air Logistics,18/12/1984,08/06/2019,,White Collar,Fixed Term,Full Time,Fixed,Active,Low,Male,38,"3 Years, 6 Months",3,34679.39,3,0.5,0.86,0.95,2,0,1,0,1,39408.4,0
1731,15643438,P'eng,Material Handler ,11/03/2004,24/10/2020,,Blue Collar,Fixed Term,Part Time,Fixed,Active,Low,Male,18,"2 Years, 1 Months",2,24335.43,1,0.42,0.44,0.55,2,0,0,1,0,26451.55,0
1732,15721730,Amechi,Perishable Warehouse Shift Manager - Air Logistics,14/10/1981,08/03/2019,,White Collar,Fixed Term,Full Time,Fixed,Active,Low,Female,41,"3 Years, 9 Months",3,58219.35,1,0.97,0.41,0.56,3,1,0,1,0,60019.95,0
1733,15680727,Fang,Internal Trainer,12/03/1980,01/04/2020,,White Collar,Fixed Term,Full Time,Fixed,Active,Medium,Male,42,"2 Years, 8 Months",2,33728.17,4,0.81,0.84,0.97,1,0,0,1,0,36661.05,0
1734,15752508,Docherty,Warehouse Apprentice- Air Logistics,24/03/2002,02/07/2021,,Blue Collar,Apprentice,Full Time,Fixed,Active,Low,Male,20,"1 Years, 5 Months",1,21150.5,3,0.57,0.42,0.52,0,0,1,1,1,21150.5,0
1735,15808846,Horton,Perishable Operational Care Specialist - Air Logistics,06/06/1996,06/10/2015,,Blue Collar,Fixed Term,Full Time,Fixed,Active,Low,Female,26,"7 Years, 2 Months",7,32947.56,1,0.81,0.11,0.88,3,0,1,1,0,36608.4,0
1736,15727251,Vincent,Inventory Clerk,11/08/2003,15/08/2022,,Blue Collar,Fixed Term,Full Time,Fixed,Active,Low,Male,19,"0 Years, 4 Months",0,25383.15,3,0.8,0.38,0.46,0,0,0,0,0,25383.15,0
1737,15663489,Onio,Inside Sales Executive/ Account Manager,19/02/1984,20/01/2016,,White Collar,Fixed Term,Full Time,Flex and Fixed,Active,Medium,Female,39,"6  Years, 10 Months",6,29222.26,3,0.29,0.11,0.96,1,1,0,1,0,34788.4,0
1738,15683677,Schiavone,Network Engineer,08/11/1985,16/07/2020,,White Collar,Fixed Term,Full Time,Flex and Fixed,Active,Low,Male,37,"2  Years, 5 Months",2,55132.96,3,0.29,0.1,0.83,2,1,1,1,0,66425.25,0
1739,15596414,Chandler,Analyst Programmer ,23/07/1981,13/03/2016,,White Collar,Fixed Term,Full Time,Flex and Fixed,Active,High,Male,41,"6 Years, 9 Months",6,52630.82,1,0.26,0.86,0.88,1,1,0,1,0,59135.75,0
1740,15730639,Fiorentino,Customer Servce Administrative Officer,08/07/1980,22/05/2016,,Blue Collar,Fixed Term,Full Time,Fixed,Active,Low,Male,42,"6 Years, 6 Months",6,26204.43,4,0.27,0.91,1,1,0,0,1,0,31195.75,0
1741,15672132,Butusov,National Air Logistics Pharma Compliance Specialist,05/10/1980,11/06/2016,,Blue Collar,Fixed Term,Full Time,Fixed,Active,High,Female,42,"6 Years, 6 Months",6,32453.74,3,0.3,0.37,0.53,2,0,0,0,0,34525.25,0
1742,15742638,Wang,Perishable Operational Care Specialist - Air Logistics,08/08/1956,05/03/2020,,Blue Collar,Fixed Term,Full Time,Fixed,Active,High,Female,66,"2 Years, 9 Months",2,30469.73,4,0.54,0.46,0.5,1,0,1,0,1,32763.15,0
1743,15578603,Alexeieva,Technical Support Engineer,16/06/1985,12/04/1995,24/09/2015,White Collar,Fixed Term,Full Time,Flex and Fixed,Voluntarily Terminated,Low,Female,37,"20 Years, 5 Months",20,51089.98,2,0.26,0.1,0.89,4,1,0,0,0,58056.8,1
1744,15726088,Vinogradova,Cloud Service Analyst,24/07/1984,10/12/2018,,White Collar,Fixed Term,Full Time,Flex and Fixed,Active,Medium,Male,38,"4 Years, 0 Months",4,59601.84,2,0.26,0.37,0.46,3,1,1,1,1,62085.25,0
1745,15682533,Hughes,Trucking Team Leader- Air Logistics,07/08/1980,20/05/2013,,White Collar,Fixed Term,Full Time,Fixed,Active,Medium,Female,42,"9 Years, 6 Months",9,35767.78,4,0.3,0.4,0.48,1,0,1,0,1,39305.25,0
1746,15772995,Ts'ao,Account Manager ,12/10/1981,12/03/2014,,White Collar,Fixed Term,Full Time,Fixed,Active,Medium,Male,41,"8 Years, 9 Months",8,32222.14,1,0.59,0.09,0.78,3,1,0,1,0,37908.4,0
1747,15765694,Bage,Gateway & Procurement Team Leader- Air Logistics,12/03/1997,13/02/2015,23/03/2015,White Collar,Fixed Term,Full Time,Fixed,Voluntarily Terminated,High,Female,25,"7  Years, 10 Months",7,36998.4,2,0.27,0.11,0.89,3,0,1,0,1,39697.85,1
1748,15659486,Yudina,Regional Air logistics Trainer Specialist,25/01/1964,07/02/2004,,White Collar,Fixed Term,Full Time,Fixed,Active,Medium,Male,59,"18 Years, 10 Months",18,33792.58,3,0.6,0.39,0.48,1,0,0,1,0,35200.6,0
1749,15568963,Naquin,Data Analyst,27/08/1978,22/09/2020,24/03/2022,White Collar,Fixed Term,Full Time,Flex and Fixed,Voluntarily Terminated,High,Male,44,"1 Years, 6 Months",1,42780.23,1,0.29,0.34,0.96,5,1,0,1,0,46500.25,1
1750,15703820,Endrizzi,Warehouse Specialist - Air Logistics,07/07/1994,10/04/2017,03/05/2019,Blue Collar,Fixed Term,Full Time,Fixed,Voluntarily Terminated,Low,Male,28,"2 Years, 0 Months",2,23905.99,2,0.18,0.09,0.91,5,0,0,1,0,25164.2,1
1751,15569410,Tang,Network Engineer,21/04/1984,27/10/1995,,White Collar,Fixed Term,Full Time,Flex and Fixed,Active,High,Female,38,"27 Years, 1 Months",27,56998.83,4,0.79,0.88,0.97,3,1,1,1,1,67855.75,0
1752,15632256,Schroeder,Revenue Care Specialist- Air Logistics,22/07/1979,02/01/2017,,White Collar,Fixed Term,Full Time,Fixed,Active,Low,Male,43,"5 Years, 11 Months",5,38402.73,3,0.86,0.11,0.9,1,1,0,0,0,41742.1,0
1753,15724466,Swearingen,Customer Brokerage Specialist,21/06/1986,28/09/2014,,Blue Collar,Fixed Term,Full Time,Fixed,Active,Low,Female,36,"8 Years, 2 Months",8,31150.1,4,0.92,0.1,0.95,3,1,0,1,0,36221.05,0
1754,15777639,McGregor,Senior DevOps Engineer,14/05/1956,23/05/2001,,White Collar,Fixed Term,Full Time,Flex and Fixed,Active,Medium,Female,66,"21 Years, 6 Months",21,49083.97,2,0.29,0.91,1,1,1,0,0,0,70119.95,0
1755,15802501,Onyeorulu,Software Engineer,27/12/1980,18/04/2008,,White Collar,Fixed Term,Full Time,Flex and Fixed,Active,Low,Male,42,"14 Years, 8 Months",14,53510.41,4,0.69,0.44,0.52,5,1,0,1,0,67734.7,0
1756,15778410,Clarke,National Perishable Air Logistics Development Manager Retail,11/05/1999,09/06/2018,08/07/2022,White Collar,Fixed Term,Full Time,Flex and Fixed,Voluntarily Terminated,Low,Female,23,"4 Years, 0 Months",4,34622.96,2,0.28,0.63,0.76,5,1,1,0,1,37633.65,1
1757,15670702,Smith,Warehouse Apprentice- Air Logistics,07/05/2002,20/11/2022,,Blue Collar,Apprentice,Full Time,Fixed,Active,Low,Male,20,"0 Years, 0 Months",0,21637.85,2,0.29,0.1,0.87,0,0,1,1,1,21637.85,0
1758,15704763,Kozlova,Network Engineer,12/11/1971,08/09/2018,13/01/2021,White Collar,Fixed Term,Full Time,Flex and Fixed,Voluntarily Terminated,Medium,Female,51,"2 Years, 4 Months",2,62226.77,2,0.29,0.36,0.51,4,1,1,1,1,66910.5,1
1759,15645544,Nekrasov,Sea Logistics Pricing Coordinator,06/01/1958,02/12/1988,,White Collar,Fixed Term,Full Time,Fixed,Active,High,Female,65,"34 Years, 0 Months",34,18578.42,1,0.81,0.45,0.51,1,0,0,1,0,33175.75,0
1760,15757646,Olague,Perishable Operational Care Specialist - Air Logistics,05/06/1997,13/08/2022,,Blue Collar,Fixed Term,Full Time,Fixed,Active,Low,Male,25,"0 Years, 4 Months",0,33270.5,4,0.27,0.73,1,0,0,0,1,0,33270.5,0
1761,15701121,Holt,Data Engineer,30/12/1983,27/05/2014,13/04/2019,White Collar,Fixed Term,Full Time,Flex and Fixed,Voluntarily Terminated,High,Male,39,"4 Years, 10 Months",4,65827.43,2,0.3,0.37,0.55,5,1,1,0,1,71551.55,1
1762,15796313,Olsen,National Air Logistics Pharma Compliance Specialist,22/02/1996,31/05/2019,27/09/2021,Blue Collar,Fixed Term,Full Time,Fixed,Voluntarily Terminated,Low,Female,27,"2 Years, 3 Months",2,32435.27,2,0.28,0.09,0.85,4,0,0,1,1,35643.15,1
1763,15815660,Mazzi,Perishable Operational Care Specialist - Air Logistics,15/09/1996,01/04/2014,,Blue Collar,Fixed Term,Full Time,Fixed,Active,Medium,Female,26,"8 Years, 8 Months",8,33243.92,4,0.72,0.41,0.71,3,0,1,1,1,36134.7,0
1764,15602844,Niu,Warehouse Specialist - Air Logistics,12/10/1968,05/03/2019,,Blue Collar,Fixed Term,Full Time,Fixed,Active,Medium,Male,54,"3  Years, 9 Months",3,21937.23,4,0.42,0.72,1,2,0,0,0,0,24374.7,0
1765,15636238,Graham,Software Engineer,06/12/1979,15/06/2014,,White Collar,Fixed Term,Full Time,Flex and Fixed,Active,Medium,Male,43,"8 Years, 6 Months",8,61665.74,3,0.79,0.36,0.54,2,1,1,1,0,70074.7,0
1766,15770101,Millar,Accountant,03/02/1971,10/11/2012,,White Collar,Fixed Term,Full Time,Fixed,Active,Low,Male,52,"10  Years, 1 Months",10,30271.12,2,0.79,0.9,1,5,1,1,1,1,37838.9,0
1767,15645543,Bell,Customer Servce Administrative Officer,16/01/1999,05/09/2015,,Blue Collar,Fixed Term,Full Time,Fixed,Active,Medium,Female,24,"7 Years, 3 Months",7,34091.8,3,0.37,0.44,0.56,3,0,1,1,1,36657.85,0
1768,15596397,Kelly,Warehouse Quality Control Specialist - Air Logistics,26/10/1994,06/07/2014,,Blue Collar,Fixed Term,Full Time,Fixed,Active,Medium,Female,28,"8 Years, 5 Months",8,21401.04,4,0.46,0.78,0.95,2,0,1,1,1,24598.9,0
1769,15770525,T'an,Trucking Team Leader- Air Logistics,06/03/1980,07/09/2015,,White Collar,Fixed Term,Full Time,Fixed,Active,Medium,Male,43,"7 Years, 3 Months",7,34939.55,4,0.26,0.37,0.52,1,0,0,0,0,41594.7,0
1770,15684267,Davila,Account Manager ,27/08/1999,13/10/2016,,White Collar,Fixed Term,Full Time,Fixed,Active,Medium,Male,23,"6 Years, 2 Months",6,29733.89,3,0.6,0.4,0.47,1,1,1,1,1,34981.05,0
1771,15689980,Willis,Account Manager ,14/08/1995,15/04/2015,,White Collar,Fixed Term,Full Time,Fixed,Active,High,Female,27,"7 Years, 8 Months",7,29560.15,3,0.46,0.84,1,2,1,0,0,0,33213.65,0
1772,15633260,Dumetochukwu,IT-Support,25/09/1977,15/10/2014,,White Collar,Fixed Term,Full Time,Fixed,Active,High,Male,45,"8 Years, 2 Months",8,37334.88,2,0.28,0.09,0.86,1,0,1,0,1,42913.65,0
1773,15756471,Giles,Perishable Operational Care Specialist - Air Logistics,06/11/1980,19/05/2019,,Blue Collar,Fixed Term,Full Time,Fixed,Active,Medium,Male,42,"3 Years, 6 Months",3,35849.11,1,0.69,0.83,0.93,2,0,1,1,0,36957.85,0
1774,15721303,O'Meara,Senior DevOps Engineer,03/08/1969,03/08/2005,,White Collar,Fixed Term,Full Time,Flex and Fixed,Active,High,Male,53,"17 Years, 4 Months",17,66724.96,1,0.26,0.11,0.87,1,1,0,0,0,70236.8,0
1775,15802256,Yao,National Air Logistics Gateway Trade Lane Specialist,19/12/1988,26/08/2019,,White Collar,Fixed Term,Full Time,Fixed,Active,High,Male,34,"3 Years, 3 Months",3,30319.24,1,0.67,0.37,0.5,1,0,0,1,0,33317.85,0
1776,15725664,Wallace,Perishable Warehouse Specialist - Air Logistics,16/04/1980,23/08/2014,,Blue Collar,Fixed Term,Full Time,Fixed,Active,High,Female,42,"8 Years, 3 Months",8,31791.29,4,0.4,0.09,0.93,3,0,0,0,0,34555.75,0
1777,15674851,T'ien,Perishable Operational Care Specialist - Air Logistics,20/05/1979,23/06/2021,,Blue Collar,Fixed Term,Full Time,Fixed,Active,Low,Male,43,"1  Years, 5 Months",1,34638.9,3,0.3,0.43,0.47,0,0,0,0,0,34638.9,0
1778,15701946,Ndubueze,Warehouse Quality Control Specialist - Air Logistics,26/06/1981,02/05/2020,,Blue Collar,Fixed Term,Full Time,Fixed,Active,Medium,Male,41,"2 Years, 7 Months",2,27874.29,3,0.28,0.39,0.56,2,0,0,0,0,28443.15,0
1779,15748947,Chukwuraenye,Technical Support Engineer,19/09/1957,31/01/2018,,White Collar,Fixed Term,Full Time,Flex and Fixed,Active,Medium,Female,65,"4 Years, 10 Months",4,59939.89,1,0.28,0.85,0.9,3,1,1,1,1,61163.15,0
1780,15673342,K'ung,IT-Support,02/11/1984,21/09/1991,,White Collar,Fixed Term,Full Time,Fixed,Active,Medium,Male,38,"31  Years, 2 Months",31,31410.41,2,0.29,0.38,0.52,2,0,0,1,0,34900.45,0
1781,15601008,Stevenson,Recruiter Apprentice,21/12/2004,28/09/2022,,Blue Collar,Apprentice,Full Time,Fixed,Active,High,Male,18,"0 Years, 2 Months",0,21748.4,4,0.3,0.76,0.84,0,0,0,1,0,21748.4,0
1782,15771636,Marshall,Road Logistics Sales Representative,04/04/2002,22/04/2017,,White Collar,Fixed Term,Full Time,Fixed,Active,Low,Female,20,"5 Years, 7 Months",5,31588.97,2,0.57,0.44,0.51,2,0,0,0,0,33251.55,0
1783,15642002,Hayward,Senior DevOps Engineer,11/04/1981,26/12/2016,23/08/2019,White Collar,Fixed Term,Full Time,Flex and Fixed,Voluntarily Terminated,High,Female,41,"2 Years, 7 Months",2,66146.98,2,0.48,0.73,1,5,1,0,0,0,69628.4,1
1784,15693381,Tipton,Recruiter,07/04/1960,03/07/1993,,White Collar,Fixed Term,Full Time,Fixed,Active,High,Male,62,"29 Years, 5 Months",29,34246.78,4,0.38,0.43,0.53,3,0,1,0,1,38916.8,0
1785,15607691,Gibson,Operations Specialist,09/01/1996,03/05/2020,,Blue Collar,Fixed Term,Full Time,Fixed,Active,Medium,Male,27,"2 Years, 7 Months",2,31535.32,3,0.84,0.43,0.51,2,0,1,1,1,32178.9,0
1786,15589380,Fraser,Sea Logistics Pricing Coordinator,19/07/1956,25/06/2007,,White Collar,Fixed Term,Full Time,Fixed,Active,Low,Male,66,"15 Years, 5 Months",15,25285.61,4,0.8,0.09,0.96,3,0,1,1,1,31216.8,0
1787,15603846,Fang,IT-Support,29/04/1960,25/03/2010,30/01/2021,White Collar,Fixed Term,Full Time,Fixed,Voluntarily Terminated,High,Male,62,"12  Years, 8 Months",12,32980.73,2,0.12,0.43,0.53,5,0,0,1,0,36645.25,1
1788,15753549,Dubinina,Network Engineer,31/01/1978,21/10/2013,20/01/2018,White Collar,Fixed Term,Full Time,Flex and Fixed,Voluntarily Terminated,Medium,Male,45,"4 Years, 2 Months",4,58598.55,2,0.3,0.45,0.57,4,1,0,0,0,68137.85,1
1789,15725355,Morey,National Service Excellence Specialist- Air Logistics,16/10/1980,26/09/2015,,White Collar,Fixed Term,Full Time,Flex and Fixed,Active,Medium,Female,42,"7 Years, 2 Months",7,31581.45,4,0.27,0.42,0.48,2,0,1,0,1,35090.5,0
1790,15773017,Todd,BI Developer,28/08/1959,16/02/1984,,White Collar,Fixed Term,Full Time,Flex and Fixed,Active,High,Female,63,"38 Years, 10 Months",38,56323.76,1,0.47,0.41,0.46,2,1,1,1,1,64739.95,0
1791,15625641,Forbes,Recruiter,20/08/1981,10/10/2013,,White Collar,Fixed Term,Full Time,Fixed,Active,Medium,Female,41,"9 Years, 2 Months",9,36536.3,1,0.28,0.44,0.55,2,0,1,1,1,38868.4,0
1792,15776467,De Salis,Accounting Coordinator,08/05/1984,13/03/1987,,White Collar,Fixed Term,Full Time,Fixed,Active,Medium,Female,38,"35 Years, 9 Months",35,24905.97,4,0.67,0.09,0.92,3,1,0,1,0,35579.95,0
1793,15746451,Barry,Technical Support Engineer,10/12/1958,03/05/2008,,White Collar,Fixed Term,Full Time,Flex and Fixed,Active,Low,Male,64,"14 Years, 7 Months",14,48920.56,3,0.95,0.41,0.51,3,1,1,0,1,60395.75,0
1794,15777922,Afamefuna,National Perishable Air Logistics Development Manager Retail,28/11/1981,11/05/2018,,White Collar,Fixed Term,Full Time,Flex and Fixed,Active,Low,Male,41,"4 Years, 7 Months",4,32632.07,3,0.52,0.43,0.51,2,1,1,1,1,36665.25,0
1795,15606841,Ibbott,National Air Logistics Gateway QSHE Manager - Pharma,17/03/1983,04/10/2012,,White Collar,Fixed Term,Full Time,Flex and Fixed,Active,Medium,Male,39,"10  Years, 2 Months",10,56590.85,3,0.56,0.38,0.51,1,1,0,1,0,69865.25,0
1796,15757648,Marshall,Business Development Manager,20/03/1985,18/01/2014,,White Collar,Fixed Term,Full Time,Flex and Fixed,Active,Medium,Female,37,"8 Years, 11 Months",8,41844.35,2,0.7,0.85,0.96,3,1,1,0,1,49814.7,0
1797,15677173,Law,Data Analyst,15/10/1991,11/09/2016,,White Collar,Fixed Term,Full Time,Flex and Fixed,Active,High,Male,31,"6 Years, 3 Months",6,44523.53,2,0.91,0.88,0.91,1,1,0,1,0,51771.55,0
1798,15764170,Pinto,Accounts Payable,29/01/1983,11/06/2009,14/12/2020,White Collar,Fixed Term,Full Time,Fixed,Voluntarily Terminated,High,Male,40,"11 Years, 6 Months",11,31465.3,2,0.36,0.44,0.46,3,1,0,1,0,33761.05,1
1799,15610446,Chinedum,Perishable Operational Care Specialist - Air Logistics,07/03/1955,03/03/1983,08/07/2018,Blue Collar,Fixed Term,Full Time,Fixed,Voluntarily Terminated,High,Female,68,"35 Years, 4 Months",35,20581.37,2,0.53,0.11,0.92,5,0,0,0,0,33739.95,1
1800,15612776,McKay,National Service Excellence Specialist- Air Logistics,20/12/1984,03/11/1997,,White Collar,Fixed Term,Full Time,Flex and Fixed,Active,Medium,Female,38,"25 Years, 1 Months",25,29555.921,2,0.9,0.38,0.5,2,0,1,1,1,34367.35,0
1801,15794122,Otutodilinna,Perishable Warehouse Specialist - Air Logistics,26/07/1978,08/11/2017,,Blue Collar,Fixed Term,Full Time,Fixed,Active,High,Female,44,"5 Years, 1 Months",5,34584.99,4,0.27,0.09,0.78,2,0,1,1,1,36405.25,0
1802,15774931,She,Pricing Analyst,23/05/1980,18/06/2009,,White Collar,Fixed Term,Full Time,Flex and Fixed,Active,High,Male,42,"13  Years, 6 Months",13,43524.7,4,0.42,0.11,0.79,1,1,1,1,1,48360.78,0
1803,15779247,Pai,Accounts Payable,18/02/1981,27/04/2016,,White Collar,Fixed Term,Full Time,Fixed,Active,High,Female,42,"6 Years, 7 Months",6,34385.86,1,0.65,0.11,0.88,1,1,0,1,0,36894.7,0
1804,15707078,Kruglov,Gateway & Procurement Team Leader- Air Logistics,14/07/1989,06/02/2016,,White Collar,Fixed Term,Full Time,Fixed,Active,Low,Female,33,"6 Years, 10 Months",6,32651.22,3,0.46,0.44,0.48,1,0,0,0,0,38870.5,0
1805,15605263,Chin,Sea Logiscitcs Customer Care Specialist ,27/06/1989,31/05/2021,,Blue Collar,Fixed Term,Full Time,Fixed,Active,Low,Male,33,"1  Years, 6 Months",1,33375.92,3,0.28,0.38,0.51,1,0,1,0,1,35506.3,0
1806,15607381,King,Sea Logiscitcs Customer Care Specialist ,01/10/1971,15/03/2016,,Blue Collar,Fixed Term,Full Time,Fixed,Active,Medium,Female,51,"6 Years, 9 Months",6,31377.8,4,0.46,0.1,0.87,9,0,0,1,0,34106.3,0
1807,15683471,Hansen,Sales Account Manager,18/04/1978,18/10/2019,,White Collar,Fixed Term,Full Time,Fixed,Active,Medium,Male,44,"3 Years, 2 Months",3,30814.51,3,0.28,0.45,0.57,1,1,0,0,0,33862.1,0
1808,15605037,Ting,Aerospace International Logistics Specialist,25/01/1989,23/04/2009,03/09/2015,Blue Collar,Fixed Term,Full Time,Fixed,Voluntarily Terminated,Low,Female,34,"6 Years, 4 Months",6,32104.58,2,0.42,0.11,0.94,4,0,1,0,1,34521.05,1
1809,15576085,Stone,Customer Care Specialist-Key Accounts,05/08/1980,19/08/2022,,White Collar,Fixed Term,Full Time,Fixed,Active,Medium,Male,42,"0 Years, 3 Months",0,36649.45,4,0.82,0.36,0.48,0,0,0,0,0,36649.45,0
1810,15770435,McLean,Sea Logistics Pricing Coordinator,22/07/1981,26/12/2019,,White Collar,Fixed Term,Full Time,Fixed,Active,High,Female,41,"2 Years, 11 Months",2,31997.99,3,0.85,0.72,0.95,2,0,1,1,1,34040.42,0
1811,15592994,Zikoranachidimma,Business Development Manager,01/06/1980,05/05/2019,,White Collar,Fixed Term,Full Time,Flex and Fixed,Active,Medium,Female,42,"3 Years, 7 Months",3,47878.13,1,0.27,0.43,0.48,3,1,1,1,1,49358.9,0
1812,15624068,Fu,Operations Specialist,19/02/1969,25/01/2006,,Blue Collar,Fixed Term,Full Time,Fixed,Active,Medium,Female,54,"16 Years, 10 Months",16,28656.83,1,0.28,0.45,0.5,2,0,1,0,1,34526.3,0
1813,15595221,Trevisano,Cloud Service Analyst,04/12/1971,08/08/2020,,White Collar,Fixed Term,Full Time,Flex and Fixed,Active,Low,Female,51,"2 Years, 4 Months",2,62742.69,3,0.46,0.4,0.53,2,1,0,1,0,64023.15,0
1814,15637131,Fallaci,National Perishable Air Logistics Development Manager Seafood,31/12/1981,06/11/2020,,White Collar,Fixed Term,Full Time,Flex and Fixed,Active,Medium,Male,41,"2 Years, 1 Months",2,34136.98,3,0.4,0.1,0.81,1,1,0,1,0,34833.65,0
1815,15613471,Wiley,Accounting Coordinator,29/08/1971,04/04/2021,,White Collar,Fixed Term,Full Time,Fixed,Active,Medium,Male,51,"1  Years, 8 Months",1,31636,2,0.45,0.83,0.93,1,1,1,1,1,33301.05,0
1816,15583499,Chiagoziem,Accounting Coordinator,15/10/1958,13/11/1994,,White Collar,Fixed Term,Full Time,Fixed,Active,Medium,Male,64,"28  Years, 1 Months",28,24443.41,3,0.3,0.11,0.8,1,1,1,1,1,37605.25,0
1817,15752816,Murray,Warehouse Specialist - Air Logistics,28/09/1979,26/10/2018,,Blue Collar,Fixed Term,Full Time,Fixed,Active,Medium,Male,43,"4 Years, 1 Months",4,23019.12,3,0.9,0.43,0.5,1,0,0,0,0,25576.8,0
1818,15804075,Chuang,Transport Controller,02/11/1981,21/08/2012,,Blue Collar,Fixed Term,Full Time,Fixed,Active,Medium,Female,41,"10  Years, 3 Months",10,20942.17,4,0.26,0.38,0.5,2,0,0,1,0,24637.85,0
1819,15800517,Huang,Account Manager ,17/11/1985,01/10/2017,,White Collar,Fixed Term,Full Time,Fixed,Active,High,Male,37,"5 Years, 2 Months",5,35601.23,1,0.3,0.83,1,2,1,1,1,1,37873.65,0
1820,15712319,Chukwukere,Pricing Analyst,02/01/1980,19/09/2022,,White Collar,Fixed Term,Full Time,Flex and Fixed,Active,Low,Male,43,"0 Years, 2 Months",0,50229.45,2,0.49,0.11,0.82,0,1,1,0,1,50229.45,0
1821,15797389,Hsia,Cloud Service Analyst,31/10/1981,06/05/2020,,White Collar,Fixed Term,Full Time,Flex and Fixed,Active,Medium,Male,41,"2 Years, 7 Months",2,57934.28,4,0.3,0.43,0.52,1,1,1,1,1,65094.7,0
1822,15621432,Lee,Transport Controller,14/04/1971,08/01/2022,,Blue Collar,Fixed Term,Full Time,Fixed,Active,Medium,Male,51,"0 Years, 11 Months",0,25750.5,1,0.91,0.11,0.88,0,0,0,0,0,25750.5,0
1823,15779390,Theus,Customer Care Specialist-Key Accounts,24/04/1983,24/04/2021,,White Collar,Fixed Term,Full Time,Fixed,Active,Medium,Female,39,"1  Years, 7 Months",1,32225.66,3,0.91,0.43,0.46,1,0,1,1,0,33568.4,0
1824,15711219,Jennings,Perishable Operational Care Specialist - Air Logistics,13/05/1999,28/03/2015,29/04/2017,Blue Collar,Fixed Term,Full Time,Fixed,Voluntarily Terminated,High,Female,23,"2 Years, 1 Months",2,30898.89,2,0.09,0.1,0.89,5,0,1,1,1,34717.85,1
1825,15770498,Parker,Gateway & Procurement Team Leader- Air Logistics,17/03/1979,29/08/2012,,White Collar,Fixed Term,Full Time,Fixed,Active,Low,Female,43,"10  Years, 3 Months",10,38206.08,4,0.71,0.44,0.51,3,0,1,1,1,40993.65,0
1826,15678727,Tan,Warehouse Quality Control Specialist - Air Logistics,22/04/1985,15/08/2009,25/06/2014,Blue Collar,Fixed Term,Full Time,Fixed,Voluntarily Terminated,Medium,Male,37,"4 Years, 10 Months",4,24332.6,4,0.24,0.34,0.91,0,0,0,1,0,24332.6,1
1827,15573893,Barry,Perishable Warehouse Specialist - Air Logistics,08/09/1997,28/03/2022,,Blue Collar,Fixed Term,Full Time,Fixed,Active,High,Male,25,"0 Years, 8 Months",0,35329.45,1,0.83,0.1,0.86,0,0,1,1,0,35329.45,0
1828,15740104,Tuan,Stock Investigator & Analyst,15/03/1982,23/06/2010,04/06/2017,White Collar,Fixed Term,Full Time,Flex and Fixed,Voluntarily Terminated,Low,Female,40,"6 Years, 11 Months",6,49775.72,4,0.53,0.1,0.95,5,1,1,0,1,50791.55,1
1829,15792649,Patterson,Account Manager ,17/01/1994,27/11/2018,,White Collar,Fixed Term,Full Time,Fixed,Active,High,Female,29,"4 Years, 0 Months",4,33393.67,3,0.27,0.3,0.89,2,1,0,0,0,37947.35,0
1830,15605275,Ofodile,Senior DevOps Engineer,08/11/1979,11/08/2018,28/10/2021,White Collar,Fixed Term,Full Time,Flex and Fixed,Voluntarily Terminated,High,Male,43,"3 Years, 2 Months",3,64596.78,2,0.47,0.1,0.93,3,1,0,0,0,69458.9,1
1831,15572467,Chandler,National Perishable Air Logistics Development Manager Retail,23/11/1994,29/12/2016,,White Collar,Fixed Term,Full Time,Flex and Fixed,Active,Medium,Male,28,"5 Years, 11 Months",5,32083.69,4,0.38,0.39,0.5,2,1,1,1,1,35256.8,0
1832,15738219,Nash,Road Logistics Sales Representative,16/12/2004,13/05/2021,,White Collar,Fixed Term,Full Time,Fixed,Active,High,Female,18,"1  Years, 7 Months",1,35855.75,1,0.6,0.14,0.47,0,0,1,1,1,35855.75,0
1833,15600710,Atkinson,Account Manager ,14/02/1971,16/12/2012,,White Collar,Fixed Term,Full Time,Fixed,Active,High,Male,52,"10 Years, 0 Months",10,31868.85,1,0.27,0.82,0.92,3,1,0,1,0,35020.71,0
1834,15804394,Brenan,Warehouse Quality Control Specialist - Air Logistics,05/02/1981,08/03/2013,26/06/2015,Blue Collar,Fixed Term,Full Time,Fixed,Voluntarily Terminated,Medium,Male,42,"2 Years, 3 Months",2,26215.51,2,0.24,0.1,0.85,3,0,0,1,0,27026.3,1
1835,15694188,Obidimkpa,Revenue Care Specialist- Air Logistics,04/05/1980,25/07/2022,,White Collar,Fixed Term,Full Time,Fixed,Active,Medium,Female,42,"0 Years, 4 Months",0,43634.7,1,0.41,0.09,0.9,0,1,1,0,1,43634.7,0
1836,15583718,Terry,IT-Support,22/12/1971,08/04/2012,,White Collar,Fixed Term,Full Time,Fixed,Active,High,Male,51,"10  Years, 8 Months",10,35915.67,1,0.35,0.54,0.83,2,0,1,1,1,39906.3,0
1837,15802478,Spring,Data Analyst,25/05/1958,13/06/1994,,White Collar,Fixed Term,Full Time,Flex and Fixed,Active,High,Male,64,"28 Years, 6 Months",28,30266.05,2,0.78,0.61,0.58,4,1,1,1,1,46563.15,0
1838,15619343,Mahmood,Regional Air logistics Trainer Specialist,31/03/1961,29/03/1992,04/03/2021,White Collar,Fixed Term,Full Time,Fixed,Voluntarily Terminated,Medium,Male,61,"28 Years, 11 Months",28,32306.06,2,0.25,0.1,0.79,3,0,0,1,0,34663.15,1
1839,15758813,Campbell,Operations Specialist,18/09/1990,08/04/2020,26/06/2022,Blue Collar,Fixed Term,Full Time,Fixed,Voluntarily Terminated,Medium,Male,32,"2 Years, 2 Months",2,32156.35,1,0.28,0.1,0.9,5,0,0,0,0,32812.6,1
1840,15761374,Bellucci,Perishable Customer Care Team Leader - Air Logistics,28/11/1979,12/02/2020,,White Collar,Fixed Term,Full Time,Fixed,Active,High,Male,43,"2 Years, 10 Months",2,42834.23,1,0.29,0.36,0.49,2,0,1,1,1,43708.4,0
1841,15569209,Amaechi,Aerospace International Logistics Specialist,02/10/1979,29/04/2015,,Blue Collar,Fixed Term,Full Time,Fixed,Active,Medium,Female,43,"7 Years, 7 Months",7,30026.89,3,0.89,0.1,0.97,2,0,1,1,1,35746.3,0
1842,15788539,Foxall,Trucking Specialist - Air Logistics,01/11/1977,10/11/2012,,Blue Collar,Fixed Term,Full Time,Fixed,Active,High,Female,45,"10  Years, 1 Months",10,26864.47,3,0.26,0.84,1,4,0,0,1,0,33580.59,0
1843,15747222,Bentley,Customer Servce Administrative Officer,02/11/1980,07/03/2012,,Blue Collar,Fixed Term,Full Time,Fixed,Active,High,Female,42,"10  Years, 9 Months",10,25131.3,1,0.28,0.38,0.51,3,0,1,1,1,31026.3,0
1844,15769346,Baird,Project Manager,31/08/1981,28/08/2018,,White Collar,Fixed Term,Full Time,Flex and Fixed,Active,High,Female,41,"4 Years, 3 Months",4,38531.34,2,0.92,0.41,0.49,2,1,0,1,0,42812.6,0
1845,15699634,Howard,Software Engineer,14/08/1960,01/07/1984,,White Collar,Fixed Term,Full Time,Flex and Fixed,Active,Low,Female,62,"38 Years, 5 Months",38,66382.91,4,0.84,0.37,0.51,1,1,1,1,1,71226.3,0
1846,15589076,Henry,Gateway & Procurement Specialist - Air Logistics,31/07/1990,07/09/2020,27/06/2022,Blue Collar,Fixed Term,Full Time,Fixed,Voluntarily Terminated,High,Male,32,"2  Years, 3 Months",2,30536.14,1,0.27,0.43,0.56,5,0,1,0,1,32485.25,1
1847,15812338,Sopuluchukwu,Gateway & Procurement Specialist - Air Logistics,01/12/1980,18/08/2021,,Blue Collar,Fixed Term,Part Time,Fixed,Active,Medium,Female,42,"1  Years, 4 Months",1,34892.45,2,0.58,0.46,0.53,1,0,0,1,0,36346.3,0
1848,15758845,Rocher,Finance Analyst,31/12/1987,08/12/2016,03/08/2021,White Collar,Fixed Term,Part Time,Flex and Fixed,Voluntarily Terminated,High,Female,35,"4 Years, 7 Months",4,43999.41,2,0.53,0.09,0.84,5,1,1,0,1,51162.1,1
1849,15685844,White,Inventory Clerk,09/08/2001,09/01/2013,,Blue Collar,Fixed Term,Part Time,Fixed,Active,Low,Female,21,"9 Years, 11 Months",9,21147.76,4,0.52,0.78,0.86,2,0,1,0,1,24031.55,0
1850,15583090,Komar,National Air Logistics Pharma Compliance Specialist,15/01/1995,08/01/2019,,Blue Collar,Fixed Term,Part Time,Fixed,Active,Low,Female,28,"3 Years, 11 Months",3,31409.77,4,0.84,0.45,0.53,1,0,0,1,0,34141.05,0
1851,15587581,Russo,Gateway & Procurement Specialist - Air Logistics,18/02/1989,24/02/2019,,Blue Collar,Fixed Term,Part Time,Fixed,Active,Low,Female,34,"3 Years, 9 Months",3,31052.22,2,0.69,0.42,0.47,2,0,1,1,1,32012.6,0
1852,15633640,Loewenthal,National Air Logistics Gateway Trade Lane Specialist,04/08/1984,31/01/1984,,White Collar,Fixed Term,Part Time,Fixed,Active,High,Female,38,"38 Years, 10 Months",38,28011.22,3,0.27,0.46,0.53,1,0,1,1,1,32196.8,0
1853,15573741,Aliyeva,Customer Care Specialist-Key Accounts,02/07/1980,05/04/2017,,White Collar,Fixed Term,Part Time,Fixed,Active,Low,Male,42,"5 Years, 8 Months",5,32488.74,2,0.28,0.39,0.49,1,0,1,1,1,36504.2,0
1854,15633574,Montes,Finance Analyst,10/11/1986,20/05/2017,,White Collar,Fixed Term,Full Time,Flex and Fixed,Active,High,Female,36,"5 Years, 6 Months",5,48756,3,0.97,0.36,0.51,3,1,0,1,0,51322.1,0
1855,15711455,Kuo,Customer Care Specialist-Key Accounts,23/03/1990,19/04/2010,31/10/2017,White Collar,Fixed Term,Full Time,Fixed,Voluntarily Terminated,Medium,Female,32,"7 Years, 6 Months",7,31217.74,2,0.28,0.43,0.53,3,0,0,0,0,35474.7,1
1856,15570601,Cheng,Senior DevOps Engineer,14/04/1990,27/07/2009,16/03/2018,White Collar,Fixed Term,Full Time,Flex and Fixed,Voluntarily Terminated,Low,Female,32,"13  Years, 4 Months",13,63411.28,2,0.26,0.35,0.87,3,1,1,1,1,68037.85,1
1857,15690925,McIntosh,Regional Air logistics Trainer Specialist,29/04/1984,14/06/2010,07/08/2014,White Collar,Fixed Term,Full Time,Fixed,Voluntarily Terminated,Medium,Female,38,"4 Years, 1 Months",4,28645.72,2,0.29,0.11,0.92,3,0,0,1,0,33700.85,1
1858,15709338,T'ao,Apprentice,17/08/2001,16/04/2022,,Blue Collar,Apprentice,Full Time,Fixed,Active,Low,Female,21,"0 Years, 8 Months",0,21204.2,4,0.3,0.11,0.9,0,0,1,1,0,21204.2,0
1859,15780746,Tyndall,Regional Air logistics Trainer Specialist,01/05/1968,25/07/1992,,White Collar,Fixed Term,Full Time,Fixed,Active,High,Male,54,"30 Years, 4 Months",30,31069.44,4,0.29,0.38,0.47,2,0,1,1,1,33052.6,0
1860,15681956,Bailey,Recruiter Apprentice,19/05/2003,03/08/2022,,Blue Collar,Apprentice,Full Time,Fixed,Active,Low,Male,19,"0 Years, 4 Months",0,21798.9,4,0.4,0.43,0.57,0,0,1,1,1,21798.9,0
1861,15778190,Onyekaozulu,Sea Logiscitcs Customer Care Specialist ,28/03/1984,14/12/2016,,Blue Collar,Fixed Term,Full Time,Fixed,Active,Low,Female,38,"6 Years, 0 Months",6,30489.61,2,0.6,0.75,1,2,0,1,1,1,32435.75,0
1862,15786852,Nwachukwu,National Perishable Air Logistics Development Manager Seafood,23/07/1985,23/05/2001,,White Collar,Fixed Term,Full Time,Flex and Fixed,Active,Low,Female,37,"21 Years, 6 Months",21,33346.22,3,0.95,0.11,0.92,3,1,1,1,0,35474.7,0
1863,15726494,Romani,Perishable Apprentice- Air Logistics,08/03/2003,17/11/2021,05/10/2022,Blue Collar,Apprentice,Full Time,Fixed,Voluntarily Terminated,Low,Male,19,"1  Years, 1 Months",1,23940.37,2,0.3,0.1,0.9,0,0,0,1,0,23940.37,1
1864,15641183,Chin,Business Analyst,14/09/1991,02/03/2015,,White Collar,Fixed Term,Full Time,Flex and Fixed,Active,High,Male,31,"7 Years, 9 Months",7,43729.85,4,0.3,0.1,0.81,2,1,0,1,0,50264.2,0
1865,15805312,Bellucci,Gateway & Procurement Specialist - Air Logistics,21/01/1961,18/11/2009,,Blue Collar,Fixed Term,Full Time,Fixed,Active,Low,Male,62,"13 Years, 1 Months",13,33452.57,1,0.57,0.37,0.5,2,0,1,0,1,35970.5,0
1866,15636572,Christmas,Network Engineer,17/11/1986,31/03/2018,,White Collar,Fixed Term,Full Time,Flex and Fixed,Active,High,Female,36,"4 Years, 8 Months",4,67403.92,1,0.85,0.11,0.93,2,1,1,1,1,71706.3,0
1867,15632575,Moore,Warehouse Quality Control Specialist - Air Logistics,20/10/2000,02/04/2013,,Blue Collar,Fixed Term,Full Time,Fixed,Active,Low,Female,22,"9 Years, 8 Months",9,23263.42,1,0.26,0.45,0.46,3,0,1,1,1,25564.2,0
1868,15740164,Genovesi,Business Analyst,07/06/1981,11/12/2019,,White Collar,Fixed Term,Full Time,Flex and Fixed,Active,Medium,Female,41,"3 Years, 0 Months",3,50863.15,3,0.97,0.44,0.48,0,1,1,1,1,50863.15,0
1869,15574947,Cartwright,Sales Specialist-Air Logitics ,19/08/2004,03/10/2022,,Blue Collar,Fixed Term,Part Time,Fixed,Active,Low,Male,18,"0 Years, 2 Months",0,33168.4,4,0.48,0.44,0.56,0,0,1,0,1,33168.4,0
1870,15597909,Johnstone,Customer Servce Administrative Officer,29/12/1988,23/10/2012,,Blue Collar,Fixed Term,Full Time,Fixed,Active,Medium,Male,34,"10  Years, 1 Months",10,29145.2,1,0.48,0.11,0.77,1,0,0,1,0,35114.7,0
1871,15782574,Warner,Accounts Payable,27/09/1987,09/12/2017,,White Collar,Fixed Term,Full Time,Fixed,Active,Medium,Male,35,"5 Years, 0 Months",5,33512.96,3,0.48,0.79,0.93,2,1,0,0,0,35276.8,0
1872,15734999,Stephenson,Java Software Engineer ,01/07/1971,17/11/2012,,White Collar,Fixed Term,Full Time,Flex and Fixed,Active,Low,Male,51,"10  Years, 1 Months",10,58868.08,2,0.7,0.8,0.9,5,1,0,1,0,70081.05,0
1873,15706593,Ellis,Analyst Programmer ,25/06/1989,28/11/2014,,White Collar,Fixed Term,Full Time,Flex and Fixed,Active,Low,Female,33,"8 Years, 0 Months",8,53451.38,2,0.54,0.1,0.87,3,1,1,1,1,63632.6,0
1874,15766686,Nebechi,Business Development Executive,07/05/1958,19/06/1994,,White Collar,Fixed Term,Full Time,Flex and Fixed,Active,Medium,Female,64,"28 Years, 5 Months",28,29794.94,3,0.28,0.09,0.93,4,0,0,1,0,42564.2,0
1875,15590268,Chu,Senior DevOps Engineer,03/07/1988,19/02/2015,,White Collar,Fixed Term,Full Time,Flex and Fixed,Active,Low,Male,34,"7 Years, 9 Months",7,60495.11,2,0.5,0.7,0.84,1,1,1,1,1,70343.15,0
1876,15763055,Onuchukwu,Project Coordinator,10/12/1961,10/02/2021,,White Collar,Fixed Term,Full Time,Fixed,Active,Medium,Male,61,"1 Years, 10 Months",1,28900.52,4,0.27,0.72,0.84,1,0,1,0,1,33605.25,0
1877,15664754,Steele,Customer Care Specialist-Key Accounts,02/02/1991,11/09/2021,,White Collar,Fixed Term,Full Time,Fixed,Active,Low,Male,32,"1  Years, 3 Months",1,34264.98,1,0.9,0.11,0.8,1,0,1,0,1,36068.4,0
1878,15643630,Quaife,Trucking Team Leader- Air Logistics,25/01/1981,21/10/2015,,White Collar,Fixed Term,Full Time,Fixed,Active,High,Male,42,"7 Years, 1 Months",7,36768.98,2,0.26,0.39,0.51,2,0,0,1,0,43772.6,0
1879,15641043,Scott,Warehouse Apprentice- Air Logistics,13/11/2004,19/07/2022,,Blue Collar,Apprentice,Full Time,Fixed,Active,Medium,Male,18,"0 Years, 4 Months",0,21551.55,4,0.5,0.4,0.49,0,0,1,1,1,21551.55,0
1880,15768095,Yeh,Perishable Warehouse Specialist - Air Logistics,20/02/1985,15/08/2013,,Blue Collar,Fixed Term,Full Time,Fixed,Active,Medium,Male,38,"9 Years, 4 Months",9,28094.56,1,0.85,0.43,0.54,2,0,1,0,0,32292.6,0
1881,15811314,Y?,Account Manager ,09/05/1980,15/05/2020,,White Collar,Fixed Term,Full Time,Fixed,Active,High,Female,42,"2 Years, 7 Months",2,31404.35,1,0.28,0.76,0.87,1,1,0,1,0,32045.25,0
1882,15669922,Conti,Trucking Team Leader- Air Logistics,12/09/1960,25/05/2006,,White Collar,Fixed Term,Full Time,Fixed,Active,Medium,Female,62,"16 Years, 6 Months",16,39248.76,2,0.28,0.4,0.48,2,0,1,1,0,43130.5,0
1883,15707114,Holder,Customer Brokerage Specialist,27/11/1958,11/02/1994,,Blue Collar,Fixed Term,Full Time,Fixed,Active,High,Male,64,"28 Years, 10 Months",28,23542.98,4,0.3,0.09,0.89,5,1,1,0,1,34120.26,0
1884,15670602,Burgess,Accounting Coordinator,02/04/1992,13/12/2020,,White Collar,Fixed Term,Full Time,Fixed,Active,Low,Male,30,"2  Years, 0 Months",2,32897.85,4,0.54,0.37,0.54,0,1,1,0,1,32897.85,0
1885,15713479,Ozuluonye,Accounting Coordinator,04/08/1980,27/05/1985,,White Collar,Fixed Term,Full Time,Fixed,Active,Low,Male,42,"37  Years, 6 Months",37,25482.08,4,0.84,0.87,0.91,4,1,0,1,0,37473.65,0
1886,15663830,De Luca,Warehouse Apprentice- Air Logistics,21/09/2001,30/03/2022,,Blue Collar,Apprentice,Full Time,Fixed,Active,Medium,Male,21,"0 Years, 8 Months",0,21460.33,2,0.39,0.1,0.86,0,0,1,1,1,21460.33,0
1887,15566958,Li Fonti,National Perishable Air Logistics Development Manager Seafood,23/03/1984,30/05/2012,,White Collar,Fixed Term,Full Time,Flex and Fixed,Active,Medium,Male,38,"10 Years, 6 Months",10,32189.43,4,0.3,0.11,0.86,2,1,1,1,1,36578.9,0
1888,15680918,Freeman,BI Developer,19/05/1979,09/10/2001,,White Collar,Fixed Term,Full Time,Flex and Fixed,Active,High,Male,43,"21  Years, 2 Months",21,48768.06,4,0.93,0.43,0.5,3,1,0,1,0,62523.15,0
1889,15663921,Pisani,National Perishable Air Logistics Development Manager Retail,14/12/1980,19/06/2014,,White Collar,Fixed Term,Full Time,Flex and Fixed,Active,Medium,Male,42,"8 Years, 5 Months",8,32281.17,3,0.56,0.1,0.81,1,1,1,1,1,36683.15,0
1890,15716324,Ignatieff,Data Engineer,25/05/1962,01/10/2012,,White Collar,Fixed Term,Full Time,Flex and Fixed,Active,Low,Female,60,"10  Years, 2 Months",10,59496.74,3,0.41,0.11,0.95,1,1,1,1,1,70829.45,0
1891,15796969,Lahti,Sales Account Manager,14/11/1984,01/11/2021,,White Collar,Fixed Term,Full Time,Fixed,Active,Medium,Male,38,"1 Years, 1 Months",1,33212.6,3,0.91,0.85,0.87,0,1,1,1,1,33212.6,0
1892,15574783,Perkins,Customer Care Specialist-Key Accounts,23/03/1962,20/03/2015,,White Collar,Fixed Term,Full Time,Fixed,Active,Medium,Female,60,"7 Years, 8 Months",7,28931.67,1,0.57,0.37,0.49,2,0,1,1,1,32146.3,0
1893,15773487,Conway,Business Analyst,14/03/1980,02/02/2013,,White Collar,Fixed Term,Full Time,Flex and Fixed,Active,Medium,Female,42,"9 Years, 10 Months",9,39125.25,1,0.29,0.44,0.52,1,1,0,0,0,44971.55,0
1894,15802486,Hayes,Project Manager,27/01/1990,09/10/2017,,White Collar,Fixed Term,Full Time,Flex and Fixed,Active,High,Male,33,"5 Years, 2 Months",5,42600.99,4,0.41,0.1,0.83,3,1,1,1,1,44843.15,0
1895,15783398,Rizzo,Recruiter Apprentice,18/06/2003,23/02/2022,,Blue Collar,Apprentice,Full Time,Fixed,Active,Low,Female,19,"0 Years, 9 Months",0,23286.3,2,0.68,0.11,0.89,0,0,0,1,0,23286.3,0
1896,15649418,Krylov,Perishable Warehouse Specialist - Air Logistics,29/08/1995,03/02/2015,,Blue Collar,Fixed Term,Full Time,Fixed,Active,High,Female,27,"7 Years, 10 Months",7,33091.35,2,1,0.87,0.88,3,0,1,1,1,35582.1,0
1897,15604588,Li Fonti,Trucking Team Leader- Air Logistics,15/07/1980,20/07/2018,,White Collar,Fixed Term,Full Time,Fixed,Active,Medium,Female,42,"4 Years, 4 Months",4,33664.14,1,0.57,0.39,0.49,1,0,1,0,1,38254.7,0
1898,15735428,Talbot,Perishable Apprentice- Air Logistics,30/01/2003,14/02/2022,,Blue Collar,Apprentice,Full Time,Fixed,Active,High,Female,20,"0 Years, 10 Months",0,21918.9,4,0.37,0.1,0.94,0,0,0,1,0,21918.9,0
1899,15629078,Matthias,Sea Logiscitcs Customer Care Specialist ,21/07/1960,29/04/2013,,Blue Collar,Fixed Term,Full Time,Fixed,Active,Medium,Female,62,"9 Years, 7 Months",9,32487.52,2,0.26,0.44,0.53,3,0,1,1,1,34857.85,0
1900,15806880,Boyle,Business Analyst,08/04/1981,12/12/2019,,White Collar,Fixed Term,Full Time,Flex and Fixed,Active,Medium,Female,41,"3 Years, 0 Months",3,44972.69,3,0.48,0.4,0.49,3,1,1,1,1,45890.5,0
1901,15754999,Ch'eng,Data Analyst,17/12/1981,21/11/2015,,White Collar,Fixed Term,Full Time,Flex and Fixed,Active,Medium,Female,41,"7 Years, 0 Months",7,37620.49,3,0.59,0.76,0.98,1,1,1,1,1,44786.3,0
1902,15781034,Mason,Warehouse Apprentice- Air Logistics,22/05/2002,28/02/2022,,Blue Collar,Apprentice,Full Time,Fixed,Active,Medium,Male,20,"0 Years, 9 Months",0,23402.1,3,0.92,0.46,0.55,0,0,1,1,1,23402.1,0
1903,15622017,Bruno,Apprentice,25/03/2003,16/01/2022,,Blue Collar,Apprentice,Full Time,Fixed,Active,Low,Female,19,"0 Years, 11 Months",0,23369.45,4,0.29,0.9,0.92,0,0,1,1,1,23369.45,0
1904,15705885,Smeaton,Accountant,02/08/1997,06/07/2021,,White Collar,Fixed Term,Full Time,Fixed,Active,Medium,Male,25,"1  Years, 5 Months",1,35328.4,4,0.41,0.85,0.87,0,1,1,1,1,35328.4,0
1905,15677382,Miller,Transport Controller,21/01/1980,25/10/2012,,Blue Collar,Fixed Term,Full Time,Fixed,Active,Low,Female,43,"10  Years, 1 Months",10,22026.06,3,0.54,0.1,0.78,2,0,1,1,1,26861.05,0
1906,15566843,Gotch,National Perishable Air Logistics Development Manager Seafood,24/03/2000,28/10/2021,,White Collar,Fixed Term,Full Time,Flex and Fixed,Active,Low,Male,22,"1  Years, 1 Months",1,34202.14,1,0.49,0.43,0.49,1,1,1,1,1,36385.25,0
1907,15608387,Fu,Perishable Apprentice- Air Logistics,20/02/2003,21/01/2022,,Blue Collar,Apprentice,Full Time,Fixed,Active,Low,Female,20,"0 Years, 10 Months",0,23071.55,1,0.51,0.2,0.5,0,0,0,1,0,23071.55,0
1908,15810786,O'Toole,Customer Brokerage Specialist,12/02/1983,18/07/2022,,Blue Collar,Fixed Term,Full Time,Fixed,Active,Low,Female,40,"0 Years, 5 Months",0,32284.2,2,0.3,0.81,0.92,0,1,1,1,1,32284.2,0
1909,15626983,Ledford,Sea Logistics Pricing Coordinator,15/07/1985,28/01/2017,,White Collar,Fixed Term,Full Time,Fixed,Active,High,Female,37,"5 Years, 10 Months",5,32503.24,1,0.38,0.83,0.85,2,0,1,1,1,35717.85,0
1910,15773605,Iadanza,Air Quality Manager healthcare,02/01/1981,10/11/1989,,White Collar,Fixed Term,Full Time,Flex and Fixed,Active,Low,Female,42,"33 Years, 1 Months",33,68444.83,2,0.3,0.14,0.75,1,1,0,1,0,72813.65,0
1911,15811261,Alaniz,Inside Sales Executive/ Account Manager,24/08/2000,11/05/2018,,White Collar,Fixed Term,Full Time,Flex and Fixed,Active,Medium,Male,22,"4 Years, 7 Months",4,34273.64,1,0.26,0.1,0.84,3,1,1,1,1,35333.65,0
1912,15590606,Saunders,Business Analyst,12/02/1976,12/07/2015,,White Collar,Fixed Term,Full Time,Flex and Fixed,Active,High,Male,47,"7 Years, 5 Months",7,42540.12,4,0.78,0.91,0.98,1,1,0,1,0,48341.05,0
1913,15576644,Lin,Perishable Warehouse Specialist - Air Logistics,13/05/1980,21/02/2016,22/02/2020,Blue Collar,Fixed Term,Full Time,Fixed,Voluntarily Terminated,Low,Female,42,"4 Years, 0 Months",4,31086.28,2,0.14,0.37,0.57,4,0,0,1,1,34928.4,1
1914,15750264,Pinto,Recruiter Apprentice,26/05/2004,11/01/2022,,Blue Collar,Apprentice,Full Time,Fixed,Active,High,Male,18,"0 Years, 11 Months",0,22435.75,1,0.38,0.42,0.57,0,0,1,1,1,22435.75,0
1915,15741554,Streeter,Perishable Warehouse Specialist - Air Logistics,11/10/1980,12/09/1984,,Blue Collar,Fixed Term,Full Time,Fixed,Active,Medium,Male,42,"38 Years, 3 Months",38,31002.6,2,0.29,0.39,0.68,1,0,1,1,1,36473.65,0
1916,15769051,Shaw,Network Engineer,20/02/1984,19/05/2021,,White Collar,Fixed Term,Full Time,Flex and Fixed,Active,Medium,Male,39,"1  Years, 6 Months",1,63477.22,1,0.46,0.39,0.54,1,1,1,0,1,66122.1,0
1917,15812198,Chen,Regional Air logistics Trainer Specialist,27/05/1981,28/09/2009,04/09/2014,White Collar,Fixed Term,Full Time,Fixed,Voluntarily Terminated,Low,Male,41,"13  Years, 2 Months",13,31227.87,1,0.18,0.44,0.52,3,0,0,0,1,33506.3,1
1918,15699772,Barclay,Transport Controller,20/06/1985,07/05/2006,12/09/2014,Blue Collar,Fixed Term,Full Time,Fixed,Voluntarily Terminated,High,Female,37,"8 Years, 4 Months",8,20564.96,2,0.44,0.37,0.45,3,0,0,1,0,24482.1,1
1919,15744105,Kodilinyechukwu,Software Engineer,14/06/1959,19/11/1991,,White Collar,Fixed Term,Full Time,Flex and Fixed,Active,Low,Female,63,"31 Years, 0 Months",31,47334.74,4,0.79,0.39,0.53,2,1,1,0,1,67621.05,0
1920,15739858,Otitodilichukwu,Recruiter,07/07/1961,09/11/2001,07/07/2017,White Collar,Fixed Term,Full Time,Fixed,Voluntarily Terminated,Low,Male,61,"15 Years, 7 Months",15,33770.66,2,0.38,0.72,0.94,5,0,1,1,1,38375.75,1
1921,15723720,McKenzie,Accounts Payable,16/04/1956,10/03/1999,,White Collar,Fixed Term,Full Time,Fixed,Active,Medium,Female,66,"23 Years, 9 Months",23,22878.72,3,0.28,0.37,0.49,5,1,1,0,0,34147.35,0
1922,15638355,Woods,Recruiter,11/11/1981,16/08/2013,01/05/2019,White Collar,Fixed Term,Full Time,Fixed,Voluntarily Terminated,Low,Female,41,"5 Years, 8 Months",5,35210.99,2,0.28,0.82,0.94,4,0,0,0,1,41917.85,1
1923,15805637,Hsing,Business Analyst,24/05/1989,30/10/2014,16/09/2019,White Collar,Fixed Term,Full Time,Flex and Fixed,Voluntarily Terminated,High,Male,33,"4 Years, 10 Months",4,41951.95,2,0.17,0.42,0.52,4,1,0,1,0,45599.95,1
1924,15629575,Wheare,Perishable Warehouse Shift Team Leader - Air Logistics,29/05/1983,17/06/2017,16/08/2019,White Collar,Fixed Term,Full Time,Fixed,Voluntarily Terminated,High,Male,39,"2 Years, 1 Months",2,38709.44,1,0.18,0.59,1,3,0,0,1,0,42537.85,1
1925,15586243,Yobachi,National Air Logistics Gateway Trade Lane Specialist,12/08/1957,24/04/1998,,White Collar,Fixed Term,Full Time,Fixed,Active,Medium,Male,65,"24 Years, 7 Months",24,24047.92,1,0.99,0.82,0.86,2,0,1,1,1,36996.8,0
1926,15757931,Fang,Warehouse Specialist - Air Logistics,03/03/1981,05/12/2013,,Blue Collar,Fixed Term,Full Time,Fixed,Active,Low,Male,42,"9 Years, 0 Months",9,23529.69,3,0.26,0.73,0.97,2,0,0,1,0,25856.8,0
1927,15716023,Pearson,Customer Care Specialist-Key Accounts,03/08/1980,14/04/2022,,White Collar,Fixed Term,Full Time,Fixed,Active,Low,Male,42,"0 Years, 8 Months",0,36311.55,4,0.79,0.78,0.66,0,0,1,0,1,36311.55,0
1928,15647782,Brown,Gateway & Procurement Specialist - Air Logistics,24/11/1999,23/12/2020,,Blue Collar,Fixed Term,Full Time,Fixed,Active,Medium,Male,23,"1  Years, 11 Months",1,36551.55,4,0.5,0.09,0.95,0,0,0,1,0,36551.55,0
1929,15716609,L?,Sea Logiscitcs Customer Care Specialist ,07/06/1980,05/06/2021,,Blue Collar,Fixed Term,Full Time,Fixed,Active,Low,Male,42,"1  Years, 6 Months",1,34557.36,3,0.94,0.1,0.97,1,0,0,0,0,36763.15,0
1930,15623791,Padovesi,Pricing Analyst,10/04/1960,17/10/1983,,White Collar,Fixed Term,Full Time,Flex and Fixed,Active,High,Female,62,"39 Years, 2 Months",39,47127.98,3,0.65,0.45,0.46,1,1,0,1,0,49608.4,0
1931,15627262,Soto,Accounts Payable,20/09/1985,03/08/2014,,White Collar,Fixed Term,Full Time,Fixed,Active,Medium,Male,37,"8 Years, 4 Months",8,29166.6,1,0.29,0.83,0.81,1,1,0,1,0,34313.65,0
1932,15652693,Greco,Accounts Payable,09/02/1983,11/02/2016,10/05/2018,White Collar,Fixed Term,Full Time,Fixed,Voluntarily Terminated,High,Female,40,"2 Years, 2 Months",2,31506.62,2,0.48,0.43,0.51,3,1,0,0,0,35400.7,1
1933,15586993,Giordano,BI Developer,24/01/1978,19/11/2017,,White Collar,Fixed Term,Full Time,Flex and Fixed,Active,High,Female,45,"5 Years, 0 Months",5,62394.96,1,0.91,0.4,0.47,9,1,1,1,0,65678.9,0
1934,15815560,Bogle,Trucking Team Leader- Air Logistics,13/12/1961,09/01/2020,,White Collar,Fixed Term,Full Time,Fixed,Active,Low,Male,61,"2 Years, 11 Months",2,41032.42,4,0.47,0.43,0.46,2,0,1,1,1,42742.1,0
1935,15584930,Grimmett,Cloud Service Analyst,26/02/1967,14/02/1991,,White Collar,Fixed Term,Full Time,Flex and Fixed,Active,Low,Male,56,"31 Years, 10 Months",31,51676.37,4,0.7,0.78,0.93,2,1,0,1,0,58723.15,0
1936,15799031,Ayers,Perishable Customer Care Team Leader - Air Logistics,23/11/1980,20/04/2015,,White Collar,Fixed Term,Full Time,Fixed,Active,Low,Male,42,"7 Years, 7 Months",7,38462.64,2,0.28,0.39,0.45,1,0,0,1,0,40065.25,0
1937,15810457,Miller,Accountant,26/10/1980,10/11/2015,,White Collar,Fixed Term,Full Time,Fixed,Active,Medium,Female,42,"7 Years, 1 Months",7,32560.07,3,0.78,0.11,0.97,3,1,0,1,0,36177.85,0
1938,15697879,Webb,Gateway & Procurement Specialist - Air Logistics,28/04/1987,10/10/2015,,Blue Collar,Fixed Term,Full Time,Fixed,Active,High,Male,35,"7 Years, 2 Months",7,33908.78,4,0.84,0.36,0.52,2,0,0,1,0,36461.05,0
1939,15594902,Lombardi,National Perishable Air Logistics Development Manager Seafood,17/07/1980,25/04/2015,,White Collar,Fixed Term,Full Time,Flex and Fixed,Active,Low,Male,42,"7 Years, 7 Months",7,30508.19,4,0.3,0.36,0.54,1,1,1,0,1,34668.4,0
1940,15799710,Wei,Perishable Operational Care Specialist - Air Logistics,03/11/1959,07/02/1983,,Blue Collar,Fixed Term,Full Time,Fixed,Active,High,Male,63,"39  Years, 10 Months",39,32438.84,3,0.26,0.1,0.79,2,0,1,0,1,36043.15,0
1941,15659651,Ross,Trucking Specialist - Air Logistics,22/07/1980,28/01/2011,16/08/2020,Blue Collar,Fixed Term,Full Time,Fixed,Voluntarily Terminated,High,Female,42,"9 Years, 6 Months",9,31845.93,2,0.37,0.4,0.47,3,0,0,1,1,34169.45,1
1942,15645956,Jideofor,Operations Specialist,25/02/1971,27/10/2014,,Blue Collar,Fixed Term,Full Time,Fixed,Active,Medium,Male,52,"8 Years, 1 Months",8,29390.24,4,0.42,0.81,0.85,1,0,0,1,0,34174.7,0
1943,15651713,King,Operations Specialist,27/04/1984,09/02/2008,,Blue Collar,Fixed Term,Full Time,Fixed,Active,Medium,Male,38,"14 Years, 10 Months",14,31065.12,1,0.48,0.4,0.47,1,0,0,1,0,34516.8,0
1944,15737265,Nwokeocha,Business Analyst,02/06/1958,02/09/2017,,White Collar,Fixed Term,Full Time,Flex and Fixed,Active,High,Male,64,"5 Years, 3 Months",5,39250.77,2,0.26,0.09,0.93,3,1,0,0,0,44603.15,0
1945,15687310,Humphries,Software Engineer,25/03/1961,04/07/1990,,White Collar,Fixed Term,Full Time,Flex and Fixed,Active,Low,Male,61,"32 Years, 5 Months",32,61630.29,4,0.83,0.76,0.89,1,1,0,1,0,66989.45,0
1946,15607347,Olisaemeka,National Perishable Air Logistics Development Manager Seafood,29/07/1985,03/07/2009,12/05/2016,White Collar,Fixed Term,Full Time,Flex and Fixed,Voluntarily Terminated,High,Male,37,"6 Years, 10 Months",6,31165.05,2,0.45,0.36,0.93,5,1,0,0,0,33438.9,1
1947,15698321,Yobanna,Accounting Coordinator,17/11/1985,15/06/2021,,White Collar,Fixed Term,Full Time,Fixed,Active,Low,Male,37,"1  Years, 6 Months",1,35679.95,2,0.72,0.38,0.49,0,1,1,1,1,35679.95,0
1948,15657812,Ch'iu,National Air Logistics Gateway QSHE Manager - Pharma,28/05/1981,02/12/2013,,White Collar,Fixed Term,Full Time,Flex and Fixed,Active,High,Male,41,"9 Years, 0 Months",9,57169.49,3,0.28,0.72,0.84,1,1,1,1,0,68878.9,0
1949,15569187,Fleming,Human Resoruces Coordinator,02/08/1997,16/04/2014,,White Collar,Fixed Term,Full Time,Fixed,Active,High,Male,25,"8 Years, 8 Months",8,28645.36,2,0.91,0.4,0.56,2,0,0,0,0,32551.55,0
1950,15681562,Trevisan,Regional Air logistics Trainer Specialist,14/10/1981,27/06/2019,,White Collar,Fixed Term,Full Time,Fixed,Active,Low,Female,41,"3 Years, 5 Months",3,29129.39,3,0.26,0.91,0.99,2,0,1,1,1,34677.85,0
1951,15615456,Aleksandrova,Pricing Manager,11/12/1979,01/08/2013,02/02/2015,White Collar,Fixed Term,Full Time,Flex and Fixed,Voluntarily Terminated,Medium,Female,43,"1 Years, 6 Months",1,62377.85,2,0.29,0.85,0.85,0,1,0,1,0,62377.85,1
1952,15589793,Onwuamaeze,Trucking Team Leader- Air Logistics,06/02/1976,22/11/2019,21/11/2021,White Collar,Fixed Term,Full Time,Fixed,Voluntarily Terminated,High,Male,47,"1 Years, 11 Months",1,38466.16,2,0.26,0.35,0.7,5,0,0,1,0,43711.55,1
1953,15781884,Knox,Material Handler ,23/07/2004,16/07/2021,,Blue Collar,Fixed Term,Full Time,Fixed,Active,Medium,Male,18,"1  Years, 5 Months",1,23552.3,3,0.41,0.46,0.55,1,0,1,0,1,24533.65,0
1954,15675190,Chia,National Service Excellence Specialist- Air Logistics,05/11/1980,01/01/2017,,White Collar,Fixed Term,Full Time,Flex and Fixed,Active,Low,Male,42,"5 Years, 11 Months",5,30770.98,2,0.28,0.43,0.57,2,0,1,0,1,32390.5,0
1955,15600734,Townsend,Accounts Payable,23/05/2000,02/09/2021,,White Collar,Fixed Term,Full Time,Fixed,Active,Low,Male,22,"1  Years, 3 Months",1,35892.6,4,0.27,0.89,0.88,0,1,1,1,1,35892.6,0
1956,15779176,Dike,Sales Account Manager,29/07/2000,26/07/2017,24/12/2019,White Collar,Fixed Term,Full Time,Fixed,Voluntarily Terminated,Medium,Female,22,"2 Years, 4 Months",2,34601.2,2,0.17,0.09,0.81,5,1,1,0,1,35307.35,1
1957,15605286,Moyes,Pricing Analyst,27/05/1980,23/05/1986,22/03/2022,White Collar,Fixed Term,Full Time,Flex and Fixed,Voluntarily Terminated,High,Male,42,"35 Years, 9 Months",35,47871.71,2,0.27,0.4,0.48,3,1,1,1,1,50927.35,1
1958,15674922,Beavers,Aerospace International Logistics Specialist,27/09/1981,16/07/2012,,Blue Collar,Fixed Term,Full Time,Fixed,Active,High,Male,41,"10  Years, 5 Months",10,30641.39,3,0.73,0.76,0.83,5,0,1,1,1,36477.85,0
1959,15737506,Tretiakova,Account Manager ,19/11/1971,27/06/2021,,White Collar,Fixed Term,Full Time,Fixed,Active,High,Male,51,"1  Years, 5 Months",1,32015.75,2,0.27,0.4,0.57,0,1,0,0,0,32015.75,0
1960,15780514,Fuller,Sales Account Manager,07/09/1980,19/01/2014,,White Collar,Fixed Term,Full Time,Fixed,Active,Low,Male,42,"8 Years, 10 Months",8,31690.54,3,0.3,0.37,0.48,2,1,0,1,0,35607.35,0
1961,15623647,Dellucci,IT-Support,16/08/1988,02/12/2021,,White Collar,Fixed Term,Full Time,Fixed,Active,Medium,Female,34,"1  Years, 0 Months",1,39028,2,0.76,0.37,0.53,1,0,0,1,0,41082.1,0
1962,15668472,Ritchie,Perishable Operational Care Specialist - Air Logistics,14/02/1992,30/08/2015,,Blue Collar,Fixed Term,Full Time,Fixed,Active,Low,Female,31,"7 Years, 3 Months",7,31048.91,4,0.29,0.11,0.96,2,0,0,0,0,35688.4,0
1963,15692416,Aikenhead,Gateway & Procurement Team Leader- Air Logistics,19/02/1996,16/04/2014,07/03/2017,White Collar,Fixed Term,Full Time,Fixed,Voluntarily Terminated,High,Female,27,"2 Years, 10 Months",2,37360.21,2,0.3,0.37,0.52,3,0,0,1,0,43442.1,1
1964,15771139,Douglas,Project Coordinator,19/06/1982,21/11/2017,,White Collar,Fixed Term,Full Time,Fixed,Active,Medium,Male,40,"5 Years, 0 Months",5,29965.36,3,0.56,0.09,0.89,1,0,0,1,0,34051.55,0
1965,15738318,Kung,Java Software Engineer ,30/06/1960,07/12/2005,16/06/2015,White Collar,Fixed Term,Full Time,Flex and Fixed,Voluntarily Terminated,High,Female,62,"9 Years, 6 Months",9,62170.99,2,0.12,0.37,0.86,5,1,0,1,0,65443.15,1
1966,15772243,MacDonald,Apprentice,01/08/2001,02/07/2022,24/11/2022,Blue Collar,Apprentice,Full Time,Fixed,Voluntarily Terminated,Low,Female,21,"0 Years, 4 Months",0,23298.9,2,0.13,0.84,0.94,0,0,0,1,0,23298.9,1
1967,15638463,Okwudilichukwu,Senior DevOps Engineer,23/09/1989,25/01/2020,,White Collar,Fixed Term,Full Time,Flex and Fixed,Active,Low,Female,33,"2 Years, 10 Months",2,62101.89,3,0.39,0.1,0.98,2,1,1,1,0,69002.1,0
1968,15598088,Ni,Perishable Customer Care Team Leader - Air Logistics,14/10/1981,20/10/2014,,White Collar,Fixed Term,Full Time,Fixed,Active,Low,Male,41,"8 Years, 1 Months",8,35558.6,4,0.9,0.41,0.47,2,0,1,1,1,41833.65,0
1969,15693468,Simmons,Inside Sales Executive/ Account Manager,05/02/1985,17/07/2012,,White Collar,Fixed Term,Full Time,Flex and Fixed,Active,High,Female,38,"10  Years, 5 Months",10,30844.54,3,0.59,0.84,0.91,1,1,0,0,0,37162.1,0
1970,15671930,H?,Account Manager ,21/01/1999,25/10/2016,,White Collar,Fixed Term,Full Time,Fixed,Active,Medium,Female,24,"6 Years, 1 Months",6,32200.97,1,0.28,0.41,0.55,2,1,1,1,1,35001.05,0
1971,15762268,Hancock,Apprentice,26/01/2002,27/06/2022,,Blue Collar,Apprentice,Full Time,Fixed,Active,Medium,Female,21,"0 Years, 5 Months",0,22882.1,2,0.89,0.53,0.76,0,0,0,1,0,22882.1,0
1972,15780954,Cran,Java Software Engineer ,22/05/1980,05/03/2017,,White Collar,Fixed Term,Full Time,Flex and Fixed,Active,Low,Male,42,"5 Years, 9 Months",5,65192.95,3,0.94,0.42,0.47,1,1,0,1,0,70099.95,0
1973,15700174,McKay,Gateway & Procurement Specialist - Air Logistics,04/01/1957,19/10/1990,,Blue Collar,Fixed Term,Full Time,Fixed,Active,Medium,Female,66,"32 Years, 1 Months",32,23876.62,2,0.79,0.36,0.5,3,0,0,0,0,34109.45,0
1974,15635728,P'an,Gateway & Procurement Team Leader- Air Logistics,13/06/1980,11/01/2013,,White Collar,Fixed Term,Full Time,Fixed,Active,Low,Male,42,"9 Years, 11 Months",9,37032.18,4,0.29,0.38,0.52,1,0,0,0,0,40694.7,0
1975,15679283,Parkhill,Accounts Payable,04/03/1962,28/08/2005,,White Collar,Fixed Term,Full Time,Fixed,Active,Low,Female,61,"17 Years, 3 Months",17,31433.56,4,0.38,0.36,0.48,1,1,0,1,0,37420.91,0
1976,15591386,Golubova,Sales Account Manager,04/02/1968,21/10/2003,,White Collar,Fixed Term,Full Time,Fixed,Active,Medium,Female,55,"19 Years, 1 Months",19,32747.67,2,1,0.46,0.54,2,1,0,1,0,33760.48,0
1977,15694192,Nwankwo,Stock Investigator & Analyst,17/06/1979,27/12/2017,,White Collar,Fixed Term,Full Time,Flex and Fixed,Active,High,Female,43,"4 Years, 11 Months",4,44211.63,3,0.67,0.37,0.47,1,1,0,0,0,47033.65,0
1978,15585901,Johnson,Stock Investigator & Analyst,13/08/1990,21/10/2008,16/09/2017,White Collar,Fixed Term,Full Time,Flex and Fixed,Voluntarily Terminated,High,Male,32,"8 Years, 10 Months",8,42014.54,2,0.1,0.42,0.49,4,1,0,0,1,47207.35,1
1979,15792329,Mao,National Air Logistics Gateway Trade Lane Specialist,22/10/1979,07/04/2019,,White Collar,Fixed Term,Full Time,Fixed,Active,High,Male,43,"3 Years, 8 Months",3,33793.73,1,0.29,0.44,0.56,2,0,0,1,0,34838.9,0
1980,15635597,Echezonachukwu,Perishable Operational Care Specialist - Air Logistics,08/05/1992,25/01/2021,,Blue Collar,Fixed Term,Full Time,Fixed,Active,Low,Male,30,"1  Years, 10 Months",1,33180.97,3,0.27,0.92,0.82,1,0,1,1,1,35298.9,0
1981,15775880,McElyea,Warehouse Specialist - Air Logistics,16/12/1968,31/10/2003,,Blue Collar,Fixed Term,Full Time,Fixed,Active,Low,Female,54,"19 Years, 1 Months",19,20279.01,4,0.29,0.1,0.79,3,0,1,1,1,24730.5,0
1982,15630913,Rosas,Account Manager ,29/06/1969,30/06/2000,,White Collar,Fixed Term,Full Time,Fixed,Active,Low,Female,53,"22 Years, 5 Months",22,29124.7,3,0.68,0.76,1,1,1,1,0,1,32360.78,0
1983,15756680,Phillips,Trucking Specialist - Air Logistics,31/10/1989,23/12/2014,,Blue Collar,Fixed Term,Full Time,Fixed,Active,Medium,Male,33,"7 Years, 11 Months",7,28927.94,3,0.37,0.11,0.79,1,0,0,1,0,33250.5,0
1984,15587913,Palerma,Internal Trainer,05/03/1981,13/08/2002,,White Collar,Fixed Term,Full Time,Fixed,Active,Low,Female,42,"20 Years, 4 Months",20,30302.96,3,0.49,0.43,0.48,3,0,0,1,0,31897.85,0
1985,15737605,Morris,Internal Trainer,16/09/1983,16/03/2013,,White Collar,Fixed Term,Full Time,Fixed,Active,Low,Female,39,"9 Years, 9 Months",9,30561.65,4,0.29,0.4,0.49,1,0,1,1,1,35536.8,0
1986,15627876,Pavlova,Customer Servce Administrative Officer,13/08/1988,16/10/2015,17/04/2022,Blue Collar,Fixed Term,Full Time,Fixed,Voluntarily Terminated,High,Female,34,"6 Years, 6 Months",6,31158.47,2,0.24,0.11,0.84,4,0,0,1,0,35407.35,1
1987,15772601,Lu,Customer Care Specialist-Key Accounts,13/03/1999,23/01/2018,,White Collar,Fixed Term,Full Time,Fixed,Active,High,Female,23,"4 Years, 10 Months",4,34359.89,4,0.54,0.84,0.82,2,0,0,0,0,35791.55,0
1988,15758606,Yamamoto,Trucking Team Leader- Air Logistics,01/11/1957,23/04/2008,29/02/2020,White Collar,Fixed Term,Full Time,Fixed,Voluntarily Terminated,Low,Male,65,"11 Years, 10 Months",11,33700.25,2,0.27,0.84,0.84,5,0,1,0,1,41605.25,1
1989,15657107,Angelo,Recruiter,12/05/1956,18/04/2020,06/02/2021,White Collar,Fixed Term,Full Time,Fixed,Voluntarily Terminated,Medium,Female,66,"0 Years, 9 Months",0,41604.2,4,0.42,0.51,0.6,0,0,0,1,0,41604.2,1
1990,15622454,Zaitsev,Warehouse Quality Control Specialist - Air Logistics,20/01/1980,18/02/2020,,Blue Collar,Fixed Term,Full Time,Fixed,Active,Low,Male,43,"2 Years, 10 Months",2,26107.62,4,0.46,0.66,0.91,1,0,1,1,1,28377.85,0
1991,15775803,Cawker,Sales Account Manager,11/05/2001,25/10/2018,,White Collar,Fixed Term,Full Time,Fixed,Active,Low,Male,21,"4 Years, 1 Months",4,31769.43,2,0.26,0.42,0.56,1,1,1,0,1,34160.68,0
1992,15570859,Froggatt,Gateway & Procurement Team Leader- Air Logistics,21/01/1960,17/05/1987,,White Collar,Fixed Term,Full Time,Fixed,Active,Low,Male,63,"35 Years, 7 Months",35,37276.04,2,0.43,0.38,0.49,1,0,1,1,1,39995.75,0
1993,15748381,Gorbunov,Analyst Programmer ,12/07/1989,13/07/2022,,White Collar,Fixed Term,Full Time,Flex and Fixed,Active,Medium,Female,33,"0 Years, 5 Months",0,63461.05,4,0.6,0.15,0.63,0,1,1,1,1,63461.05,0
1994,15787189,Tai,Trucking Specialist - Air Logistics,29/08/1987,18/04/2013,10/01/2022,Blue Collar,Fixed Term,Full Time,Fixed,Voluntarily Terminated,Medium,Male,35,"8 Years, 8 Months",8,33219.78,2,0.29,0.38,0.53,4,0,0,0,0,36505.25,1
1995,15666055,Rowe,Customer Care Specialist-Key Accounts,05/07/1989,02/08/2009,01/01/2020,White Collar,Fixed Term,Full Time,Fixed,Voluntarily Terminated,Low,Female,33,"10 Years, 4 Months",10,33180.18,1,0.22,0.43,0.54,6,0,0,1,0,35601.05,1
1996,15617648,Mikkelsen,National Air Logistics Gateway Trade Lane Specialist,11/02/1984,31/10/1986,,White Collar,Fixed Term,Full Time,Fixed,Active,High,Female,39,"36 Years, 1 Months",36,28071.68,1,0.3,0.37,0.57,3,0,1,1,1,32266.3,0
1997,15755678,Kovalyov,Material Handler ,14/10/2004,04/12/2021,14/02/2022,Blue Collar,Fixed Term,Full Time,Fixed,Voluntarily Terminated,High,Male,18,"1  Years, 0 Months",1,24681.05,1,0.14,0.11,0.92,0,0,0,0,0,24681.05,1
1998,15624781,Mbanefo,Sea Logistics Pricing Coordinator,16/05/1981,27/04/2012,,White Collar,Fixed Term,Full Time,Fixed,Active,Low,Female,41,"10  Years, 7 Months",10,31413.78,3,0.47,0.41,0.53,1,0,1,1,0,34904.2,0
1999,15779497,Ts'ai,Human Resoruces Coordinator,28/02/1985,22/02/2015,,White Collar,Fixed Term,Full Time,Fixed,Active,Medium,Male,38,"7 Years, 9 Months",7,31594.73,3,0.27,0.84,0.96,2,0,1,1,1,34342.1,0
2000,15567399,Enderby,Account Manager ,02/08/1971,27/10/2012,,White Collar,Fixed Term,Full Time,Fixed,Active,Low,Male,51,"10  Years, 1 Months",10,29526.62,1,0.67,0.4,0.51,3,1,1,1,0,32807.35,0
2001,15613656,Lombardi,Perishable Customer Care Team Leader - Air Logistics,18/02/1983,07/08/2015,,White Collar,Fixed Term,Full Time,Fixed,Active,Medium,Male,40,"7 Years, 4 Months",7,35999.95,4,0.94,0.58,0.74,3,0,1,1,1,39560.38,0
2002,15734311,Hamilton,Cloud Service Analyst,09/03/1988,06/02/2014,,White Collar,Fixed Term,Full Time,Flex and Fixed,Active,Medium,Female,34,"8 Years, 10 Months",8,58714.35,3,0.76,0.82,0.67,1,1,1,1,1,63819.95,0
2003,15657214,Hsia,Aerospace International Logistics Specialist,11/05/1981,09/02/2014,,Blue Collar,Fixed Term,Full Time,Fixed,Active,Medium,Male,41,"8 Years, 10 Months",8,31753.52,1,0.67,0.45,0.69,3,0,1,0,1,34514.7,0
2004,15799350,Mao,Stock Investigator & Analyst,10/10/1960,17/11/2006,,White Collar,Fixed Term,Full Time,Flex and Fixed,Active,High,Male,62,"16 Years, 1 Months",16,47884.16,1,0.28,0.78,0.82,3,1,1,0,1,51377.85,0
2005,15729970,Ugochukwu,BI Developer,20/05/1956,18/04/2016,,White Collar,Fixed Term,Full Time,Flex and Fixed,Active,Medium,Male,66,"6 Years, 8 Months",6,62100.98,3,0.29,0.49,0.6,2,1,1,0,1,65369.45,0
2006,15725835,West,Business Development Executive,29/10/1991,13/04/2009,13/09/2015,White Collar,Fixed Term,Full Time,Flex and Fixed,Voluntarily Terminated,Medium,Female,31,"6 Years, 5 Months",6,38445.47,2,0.17,0.36,0.95,3,0,1,0,1,41250.5,1
2007,15745543,Hughes,Aerospace International Logistics Specialist,16/09/1984,29/01/2002,,Blue Collar,Fixed Term,Full Time,Fixed,Active,Low,Male,38,"20 Years, 10 Months",20,30903.21,3,0.8,0.54,0.37,2,0,0,1,0,32875.75,0
2008,15727384,Chukwuemeka,National Service Excellence Specialist- Air Logistics,11/03/1967,21/02/2001,21/07/2013,White Collar,Fixed Term,Full Time,Flex and Fixed,Voluntarily Terminated,High,Female,56,"12 Years, 5 Months",12,30484.9,2,0.44,0.38,0.91,7,0,1,0,1,36291.55,1
2009,15666916,Lira,Perishable Customer Care Team Leader - Air Logistics,03/08/1960,26/10/2010,,White Collar,Fixed Term,Full Time,Fixed,Active,High,Male,62,"12 Years, 1 Months",12,37006.33,4,0.37,0.5,0.75,1,0,0,1,0,40666.3,0
2010,15732917,Li,Software Engineer,31/08/1980,21/09/2008,02/09/2014,White Collar,Fixed Term,Full Time,Flex and Fixed,Voluntarily Terminated,Medium,Male,42,"5 Years, 11 Months",5,65336.04,2,0.2,0.74,0.64,2,1,0,1,1,71797.85,1
2011,15612050,Castiglione,National Perishable Air Logistics Development Manager Seafood,10/04/1968,08/03/2016,,White Collar,Fixed Term,Full Time,Flex and Fixed,Active,High,Female,54,"6 Years, 9 Months",6,31206.97,1,0.9,0.56,0.58,3,1,1,1,1,33198.9,0
2012,15726267,Paterson,Perishable Customer Care Team Leader - Air Logistics,27/08/1987,25/11/2019,,White Collar,Fixed Term,Part Time,Fixed,Active,High,Male,35,"3 Years, 0 Months",3,40671.57,4,0.48,0.34,0.39,2,0,1,0,1,41929.45,0
2013,15780124,Blair,Software Engineer,03/06/1992,01/04/2012,,White Collar,Fixed Term,Full Time,Flex and Fixed,Active,Medium,Male,30,"10  Years, 8 Months",10,58138.36,3,0.3,0.48,0.94,4,1,1,0,1,71775.75,0
2014,15742238,Dellucci,Business Analyst,02/03/1978,09/10/2018,,White Collar,Fixed Term,Full Time,Flex and Fixed,Active,High,Male,45,"4 Years, 2 Months",4,43325.28,1,0.27,0.73,0.62,1,1,0,1,0,45130.5,0
2015,15679024,Udinesi,Aerospace International Logistics Specialist,05/06/1981,04/02/2022,,Blue Collar,Fixed Term,Full Time,Fixed,Active,High,Male,41,"0 Years, 10 Months",0,37000.5,4,0.87,0.59,0.87,0,0,0,1,0,37000.5,0
2016,15715297,Yuan,Perishable Customer Care Team Leader - Air Logistics,31/05/1955,20/03/2019,,White Collar,Fixed Term,Full Time,Fixed,Active,Medium,Female,67,"3 Years, 8 Months",3,40151.82,3,0.29,0.81,0.57,1,0,1,1,1,42714.7,0
2017,15633612,Yuryeva,National Perishable Air Logistics Development Manager Seafood,11/04/1987,27/03/2017,,White Collar,Fixed Term,Full Time,Flex and Fixed,Active,Medium,Male,35,"5 Years, 8 Months",5,33040.54,4,0.79,0.9,0.66,2,1,1,1,1,37124.2,0
2018,15602929,Wilson,Trucking Specialist - Air Logistics,18/09/1995,09/01/2015,,Blue Collar,Fixed Term,Full Time,Fixed,Active,Low,Female,27,"7 Years, 11 Months",7,29512.4,3,0.82,0.41,0.84,2,0,0,0,0,32791.55,0
2019,15696703,Dean,IT-Support,01/04/1958,26/09/2001,,White Collar,Fixed Term,Full Time,Fixed,Active,High,Male,64,"21 Years, 2 Months",21,30015.04,3,0.27,0.89,0.92,1,0,0,1,0,42274.7,0
2020,15756668,Ross,Apprentice,27/12/2003,08/06/2022,,Blue Collar,Apprentice,Full Time,Fixed,Active,Medium,Male,19,"0 Years, 6 Months",0,23418.9,3,0.74,0.48,0.84,0,0,1,1,1,23418.9,0
2021,15565779,Kent,Road Logistics Sales Representative,01/03/2003,02/12/2020,,White Collar,Fixed Term,Full Time,Fixed,Active,High,Female,20,"2 Years, 0 Months",2,32757.12,3,0.3,0.79,0.97,2,0,0,1,0,36396.8,0
2022,15795519,Vasiliev,Data Analyst,13/11/1981,30/04/2014,,White Collar,Fixed Term,Full Time,Flex and Fixed,Active,High,Female,41,"8 Years, 7 Months",8,43752.26,3,0.72,0.98,0.66,1,1,0,0,0,47556.8,0
2023,15761477,Golibe,Material Handler ,21/03/2004,04/08/2020,,Blue Collar,Fixed Term,Full Time,Fixed,Active,Medium,Male,18,"2 Years, 4 Months",2,27950.05,1,0.48,0.75,0.7,2,0,0,1,0,28520.46,0
2024,15731890,Chukwukere,Data Engineer,14/05/1985,28/10/2004,,White Collar,Fixed Term,Full Time,Flex and Fixed,Active,Medium,Male,37,"18 Years, 1 Months",18,64264.32,3,0.26,1,0.41,2,1,1,0,1,68366.3,0
2025,15633043,Fedorova,National Service Excellence Specialist- Air Logistics,22/09/1990,12/01/2007,15/11/2014,White Collar,Fixed Term,Full Time,Flex and Fixed,Voluntarily Terminated,High,Female,32,"15  Years, 11 Months",15,32729.77,2,0.26,0.24,0.82,3,0,0,0,1,34818.9,1
2026,15752953,Chien,Transport Controller,17/08/1980,17/12/2015,,Blue Collar,Fixed Term,Full Time,Fixed,Active,Medium,Male,42,"7 Years, 0 Months",7,24533.95,3,0.28,0.84,0.43,1,0,0,0,0,26099.95,0
2027,15603088,Rossi,Stock Investigator & Analyst,28/07/1981,14/11/2013,,White Collar,Fixed Term,Full Time,Flex and Fixed,Active,High,Female,41,"9 Years, 1 Months",9,41451.05,3,0.38,0.56,0.86,2,1,1,0,1,48198.9,0
2028,15606613,Samson,Accounting Coordinator,25/02/1957,29/11/2005,18/03/2020,White Collar,Fixed Term,Full Time,Fixed,Voluntarily Terminated,Low,Female,66,"14 Years, 3 Months",14,27791.96,2,0.26,0.36,0.93,3,1,0,1,1,34739.95,1
2029,15635939,Fenton,Inventory Clerk,23/07/2001,18/06/2010,,Blue Collar,Fixed Term,Full Time,Fixed,Active,High,Female,21,"12 Years, 6 Months",12,24715.76,4,0.45,0.61,0.98,1,0,0,1,0,27160.18,0
2030,15666043,Mackey,Warehouse Apprentice- Air Logistics,10/08/2004,16/02/2022,,Blue Collar,Apprentice,Full Time,Fixed,Active,Low,Male,18,"0 Years, 10 Months",0,23751.55,3,0.27,0.84,0.77,0,0,1,1,1,23751.55,0
2031,15746190,Payton,Pricing Analyst,04/08/1982,25/04/2015,,White Collar,Fixed Term,Full Time,Flex and Fixed,Active,High,Female,40,"7 Years, 7 Months",7,43028.33,3,0.38,0.85,0.59,2,1,1,0,1,49457.85,0
2032,15591357,Cowger,Network Engineer,09/10/1961,30/09/1992,,White Collar,Fixed Term,Full Time,Flex and Fixed,Active,High,Male,61,"30 Years, 2 Months",30,66759.47,3,0.65,0.67,0.57,1,1,1,1,1,71020.71,0
2033,15658716,Banks,Recruiter,28/05/1989,07/02/2012,07/12/2019,White Collar,Fixed Term,Full Time,Fixed,Voluntarily Terminated,High,Female,33,"10  Years, 10 Months",10,33032.65,2,0.26,0.54,0.94,5,0,0,1,1,40781.05,1
2034,15679909,Pugliesi,National Perishable Air Logistics Development Manager Retail,12/12/1982,12/03/2013,,White Collar,Fixed Term,Full Time,Flex and Fixed,Active,Low,Male,40,"9 Years, 9 Months",9,28778.36,3,0.26,0.75,0.56,2,1,0,1,0,34259.95,0
2035,15634262,Fantin,Accountant,14/08/1997,25/09/2013,,White Collar,Fixed Term,Full Time,Fixed,Active,High,Male,25,"9 Years, 2 Months",9,31783.36,4,0.28,0.82,0.79,2,1,1,1,1,36532.6,0
2036,15799825,Bentley,Sales Specialist-Air Logitics ,12/01/2004,03/09/2021,,Blue Collar,Fixed Term,Full Time,Fixed,Active,Medium,Female,19,"1  Years, 3 Months",1,35043.02,1,0.93,0.76,0.6,1,0,1,1,1,36503.15,0
2037,15756875,Freeman,Transport Controller,09/07/1955,16/03/2017,,Blue Collar,Fixed Term,Full Time,Fixed,Active,Low,Male,67,"5  Years, 9 Months",5,22032.04,1,0.4,0.19,0.53,1,0,1,0,1,24480.04,0
2038,15678146,Wong,Regional Air logistics Trainer Specialist,21/08/1985,29/07/2011,07/09/2017,White Collar,Fixed Term,Full Time,Fixed,Voluntarily Terminated,High,Female,37,"6 Years, 1 Months",6,31333.22,2,0.41,0.61,0.41,10,0,0,0,1,34057.85,1
2039,15710743,Onwuamaeze,Human Resoruces Coordinator,16/04/1996,29/05/2017,10/03/2018,White Collar,Fixed Term,Full Time,Fixed,Voluntarily Terminated,Medium,Male,26,"0 Years, 9 Months",0,34546.3,2,0.19,0.51,0.8,0,0,1,1,1,34546.3,1
2040,15595831,Shen,Gateway & Procurement Team Leader- Air Logistics,11/03/1996,03/05/2019,,White Collar,Fixed Term,Full Time,Fixed,Active,Medium,Female,26,"3 Years, 7 Months",3,38158.48,3,0.41,0.52,0.88,2,0,1,1,1,42874.7,0
2041,15626684,Huang,Recruiter,25/08/1984,08/12/2000,,White Collar,Fixed Term,Full Time,Fixed,Active,Low,Female,38,"22  Years, 0 Months",22,40106.74,3,0.3,0.74,0.58,1,0,1,0,1,41777.85,0
2042,15709846,Yeh,Accountant,22/09/1982,24/05/2014,,White Collar,Fixed Term,Full Time,Fixed,Active,High,Female,40,"8 Years, 6 Months",8,29928.34,2,0.27,0.98,0.91,3,1,0,1,0,34800.4,0
2043,15635459,Shih,Warehouse Quality Control Specialist - Air Logistics,14/03/2000,26/11/2014,,Blue Collar,Fixed Term,Full Time,Fixed,Active,High,Female,22,"8 Years, 0 Months",8,21792.36,1,0.29,0.71,0.92,2,0,0,1,0,25339.95,0
2044,15642544,Henderson,Perishable Warehouse Specialist - Air Logistics,24/11/1980,22/12/2018,,Blue Collar,Fixed Term,Full Time,Fixed,Active,High,Male,42,"3 Years, 11 Months",3,32669.96,4,0.69,0.33,0.88,1,0,1,0,1,35901.05,0
2045,15566494,Fang,Accounts Payable,30/12/1982,28/05/2022,,White Collar,Fixed Term,Full Time,Fixed,Active,Medium,Male,40,"0 Years, 6 Months",0,33338.9,3,0.29,0.98,0.97,0,1,0,1,0,33338.9,0
2046,15655238,Dellucci,Project Manager,21/12/1961,29/09/2018,,White Collar,Fixed Term,Full Time,Flex and Fixed,Active,Medium,Female,61,"4 Years, 2 Months",4,40218.77,3,0.41,0.52,0.59,1,1,0,0,0,45703.15,0
2047,15733429,Chou,Account Manager ,04/01/1995,25/01/2019,,White Collar,Fixed Term,Full Time,Fixed,Active,High,Male,28,"3 Years, 10 Months",3,30964.87,4,0.86,0.84,0.65,2,1,1,1,0,35187.35,0
2048,15814536,Conti,Business Analyst,13/03/1990,02/06/2021,,White Collar,Fixed Term,Full Time,Flex and Fixed,Active,Medium,Male,32,"1  Years, 6 Months",1,49079.23,4,0.93,0.87,0.5,1,1,0,0,0,51124.2,0
2049,15771702,Roberts,Trucking Team Leader- Air Logistics,10/06/1980,27/11/2018,,White Collar,Fixed Term,Full Time,Fixed,Active,Low,Female,42,"4 Years, 0 Months",4,36683.02,4,0.8,0.48,0.85,2,0,0,1,0,41685.25,0
2050,15723008,Lo Duca,Recruiter Apprentice,25/10/2001,12/07/2009,29/02/2016,Blue Collar,Apprentice,Full Time,Fixed,Voluntarily Terminated,High,Female,21,"6 Years, 7 Months",6,21604.12,1,0.39,0.58,0.55,3,0,1,1,1,23180.39,1
2051,15797160,Glover,Perishable Customer Care Team Leader - Air Logistics,04/09/1980,01/09/2015,12/09/2018,White Collar,Fixed Term,Full Time,Fixed,Voluntarily Terminated,High,Female,42,"3 Years, 0 Months",3,36965.82,2,0.46,0.58,0.84,3,0,1,1,1,42489.45,1
2052,15792222,Johnstone,Internal Trainer,18/02/1974,25/10/2015,,White Collar,Fixed Term,Full Time,Fixed,Active,Low,Female,49,"7 Years, 1 Months",7,30743.96,2,0.28,0.73,0.69,3,0,0,0,0,36599.95,0
2053,15644765,Ashton,Project Manager,07/04/1980,09/06/2016,,White Collar,Fixed Term,Full Time,Flex and Fixed,Active,High,Male,42,"6 Years, 6 Months",6,37970.59,4,0.52,0.68,0.54,1,1,1,0,1,43148.4,0
2054,15610686,Melton,Regional Air logistics Trainer Specialist,03/12/1982,21/10/2021,,White Collar,Fixed Term,Full Time,Fixed,Active,Medium,Male,40,"1  Years, 1 Months",1,34444.75,4,0.54,0.41,0.68,1,0,0,0,0,35879.95,0
2055,15730868,Marshall,National Air Logistics Gateway Trade Lane Specialist,20/02/1982,22/04/2012,,White Collar,Fixed Term,Full Time,Fixed,Active,Medium,Male,41,"10  Years, 7 Months",10,27337.54,4,0.3,0.85,0.6,1,0,1,1,1,32936.8,0
2056,15705991,Kenenna,Software Engineer,22/11/1989,14/04/2018,,White Collar,Fixed Term,Full Time,Flex and Fixed,Active,High,Male,33,"4 Years, 8 Months",4,67683.02,2,0.91,0.54,0.7,1,1,0,0,0,70503.15,0
2057,15577078,Zakharov,Gateway & Procurement Team Leader- Air Logistics,08/11/1985,15/05/2018,20/11/2019,White Collar,Fixed Term,Full Time,Fixed,Voluntarily Terminated,Low,Male,37,"1 Years, 6 Months",1,37764.2,4,0.14,0.81,0.61,3,0,1,1,1,38764.2,1
2058,15679550,Chukwualuka,Analyst Programmer ,13/04/1981,11/06/2012,,White Collar,Fixed Term,Full Time,Flex and Fixed,Active,Medium,Male,41,"10 Years, 6 Months",10,54381.18,4,0.98,0.7,0.52,2,1,0,1,0,61796.8,0
2059,15787655,Chu,Gateway & Procurement Team Leader- Air Logistics,23/05/1990,14/05/2017,,White Collar,Fixed Term,Full Time,Fixed,Active,Low,Male,32,"5 Years, 7 Months",5,38661.61,3,0.29,0.63,0.66,1,0,0,1,0,43933.65,0
2060,15668081,Capon,Apprentice,10/06/2004,15/10/2022,,Blue Collar,Apprentice,Full Time,Fixed,Active,Medium,Female,18,"0 Years, 2 Months",0,22310.5,4,0.28,0.68,0.54,0,0,1,1,1,22310.5,0
2061,15747980,Cattaneo,Revenue Care Specialist- Air Logistics,27/02/1986,08/02/2017,,White Collar,Fixed Term,Full Time,Fixed,Active,Low,Male,37,"5 Years, 10 Months",5,39257.99,4,0.43,0.7,0.53,1,1,0,1,0,41324.2,0
2062,15710295,Patrick,Recruiter,25/09/1960,05/04/1993,,White Collar,Fixed Term,Full Time,Fixed,Active,Low,Female,62,"29 Years, 8 Months",29,34513.22,2,0.81,0.82,0.65,3,0,0,1,0,38778.9,0
2063,15724443,Taylor,National Service Excellence Specialist- Air Logistics,26/10/1996,06/10/2012,,White Collar,Fixed Term,Full Time,Flex and Fixed,Active,Medium,Female,26,"10  Years, 2 Months",10,29820.29,4,0.29,0.72,0.94,2,0,1,0,1,33133.65,0
2064,15571305,Stephenson,Pricing Analyst,01/05/1980,19/06/2014,31/07/2017,White Collar,Fixed Term,Full Time,Flex and Fixed,Voluntarily Terminated,High,Female,42,"3 Years, 1 Months",3,44813.66,2,0.49,0.39,0.78,4,1,0,1,1,48710.5,1
2065,15569503,Yeh,Human Resoruces Coordinator,24/04/1996,30/10/2017,,White Collar,Fixed Term,Full Time,Fixed,Active,Medium,Male,26,"5 Years, 1 Months",5,28449.92,3,0.27,0.86,0.91,1,0,1,1,0,32329.45,0
2066,15581840,DeRose,Perishable Operational Care Specialist - Air Logistics,14/09/1985,10/09/2010,,Blue Collar,Fixed Term,Full Time,Fixed,Active,Low,Male,37,"12 Years, 3 Months",12,33254.8,3,0.29,0.15,0.97,2,0,0,1,0,35757.85,0
2067,15772262,Vavilov,National Air Logistics Healthcare Manager ,29/11/1974,20/01/2014,,White Collar,Fixed Term,Full Time,Flex and Fixed,Active,Medium,Male,48,"8 Years, 10 Months",8,56375.47,2,0.9,0.81,0.99,3,1,1,1,1,67113.65,0
2068,15767794,Browne,Aerospace International Logistics Specialist,22/07/1984,22/11/2018,,Blue Collar,Fixed Term,Full Time,Fixed,Active,High,Male,38,"4 Years, 0 Months",4,33018.62,3,0.93,0.93,0.98,1,0,1,1,1,36687.35,0
2069,15629338,Collingridge de Tourcey,Perishable Operational Care Specialist - Air Logistics,23/10/1985,04/03/2016,14/10/2016,Blue Collar,Fixed Term,Full Time,Fixed,Voluntarily Terminated,High,Female,37,"0 Years, 7 Months",0,32939.95,1,0.23,0.62,0.74,0,0,0,1,1,32939.95,1
2070,15790379,Rowe,Business Analyst,01/04/1977,10/04/2017,,White Collar,Fixed Term,Full Time,Flex and Fixed,Active,Low,Male,45,"5 Years, 8 Months",5,42642.98,1,0.51,0.53,0.81,1,1,1,1,1,44887.35,0
2071,15750684,Jibunoh,Senior DevOps Engineer,08/04/1980,10/09/2009,17/01/2023,White Collar,Fixed Term,Full Time,Flex and Fixed,Voluntarily Terminated,Medium,Female,42,"13 Years, 4 Months",13,60494.28,2,0.26,0.86,0.99,9,1,0,1,0,69533.65,1
2072,15697214,Korovin,National Perishable Air Logistics Development Manager Seafood,15/07/1986,14/05/2017,,White Collar,Fixed Term,Full Time,Flex and Fixed,Active,High,Female,36,"5 Years, 7 Months",5,33645.07,3,0.27,0.92,0.65,2,1,1,1,1,36972.6,0
2073,15711015,Hammonds,Project Coordinator,14/08/1971,21/11/2019,,White Collar,Fixed Term,Full Time,Fixed,Active,High,Male,51,"3 Years, 0 Months",3,35355.97,3,0.28,0.97,0.83,3,0,1,1,1,36449.45,0
2074,15573309,Ward,National Service Excellence Specialist- Air Logistics,08/02/1971,30/12/2019,,White Collar,Fixed Term,Full Time,Flex and Fixed,Active,High,Female,52,"2 Years, 11 Months",2,29322.95,3,0.6,0.39,0.78,2,0,1,1,1,32581.05,0
2075,15805303,Olisanugo,Customer Servce Administrative Officer,02/10/1955,27/10/2004,19/05/2022,Blue Collar,Fixed Term,Full Time,Fixed,Voluntarily Terminated,High,Male,67,"17 Years, 6 Months",17,24310.53,1,0.36,0.45,0.66,3,0,0,1,0,31167.35,1
2076,15741385,Gallop,Human Resoruces Coordinator,15/07/1987,09/03/2013,,White Collar,Fixed Term,Full Time,Fixed,Active,Low,Male,35,"9 Years, 9 Months",9,31176.17,1,0.45,0.41,0.47,2,0,1,1,1,36677.85,0
2077,15780254,Gartrell,Warehouse Specialist - Air Logistics,03/12/1994,14/06/2013,31/08/2018,Blue Collar,Fixed Term,Full Time,Fixed,Voluntarily Terminated,High,Male,28,"5 Years, 2 Months",5,21659.32,2,0.21,0.51,0.69,2,0,0,0,0,25185.25,1
2078,15744843,K'ung,Gateway & Procurement Team Leader- Air Logistics,07/04/1956,06/01/1995,,White Collar,Fixed Term,Full Time,Fixed,Active,Low,Female,66,"27 Years, 11 Months",27,25531.92,2,0.36,0.74,0.62,3,0,0,0,0,38107.35,0
2079,15815626,Oluchi,Customer Brokerage Specialist,21/05/1988,08/03/2012,01/12/2015,Blue Collar,Fixed Term,Full Time,Fixed,Voluntarily Terminated,Medium,Male,34,"10  Years, 9 Months",10,30930.62,2,0.19,0.69,0.57,1,1,1,1,1,34367.35,1
2080,15784736,Jamieson,Sea Logiscitcs Customer Care Specialist ,05/07/1982,27/02/2022,,Blue Collar,Fixed Term,Full Time,Fixed,Active,Medium,Male,40,"0 Years, 9 Months",0,35603.15,4,0.99,0.84,0.64,0,0,0,1,0,35603.15,0
2081,15813412,Barlow,Revenue Care Specialist- Air Logistics,12/12/1958,05/11/2019,26/09/2022,White Collar,Fixed Term,Full Time,Fixed,Voluntarily Terminated,High,Female,64,"2 Years, 10 Months",2,40755.6,2,0.25,0.69,0.66,10,1,0,1,0,41587.35,1
2082,15809143,White,Analyst Programmer ,13/09/1979,19/04/2017,,White Collar,Fixed Term,Full Time,Flex and Fixed,Active,Medium,Male,43,"5 Years, 7 Months",5,52964.87,1,0.28,0.93,0.53,2,1,1,1,0,60187.35,0
2083,15617617,Stewart,Customer Care Specialist-Key Accounts,27/09/2000,25/10/2014,,White Collar,Fixed Term,Full Time,Fixed,Active,High,Male,22,"8 Years, 1 Months",8,30867.5,4,0.46,0.33,0.45,1,0,1,1,1,36314.7,0
2084,15779738,Buccho,National Perishable Air Logistics Development Manager Seafood,12/10/1980,01/03/1988,,White Collar,Fixed Term,Full Time,Flex and Fixed,Active,Low,Male,42,"34 Years, 9 Months",34,34840.73,3,0.79,0.25,0.65,2,1,1,1,1,37463.15,0
2085,15668669,Benson,Cloud Service Analyst,24/03/1985,25/05/2020,18/10/2020,White Collar,Fixed Term,Full Time,Flex and Fixed,Voluntarily Terminated,Low,Female,37,"0 Years, 4 Months",0,59087.35,2,0.27,0.63,0.59,0,1,0,1,0,59087.35,1
2086,15687477,Thompson,Perishable Customer Care Team Leader - Air Logistics,04/08/1979,05/12/2018,,White Collar,Fixed Term,Full Time,Fixed,Active,Medium,Male,43,"4 Years, 0 Months",4,39322.61,3,0.44,0.81,0.62,1,0,0,1,0,40961.05,0
2087,15578908,Todd,Software Engineer,19/04/1988,23/09/2015,,White Collar,Fixed Term,Full Time,Flex and Fixed,Active,High,Female,34,"7 Years, 2 Months",7,61492.41,3,0.57,0.12,0.87,2,1,1,1,1,69092.6,0
2088,15687658,Burgin,Cloud Service Analyst,29/07/1991,18/08/1995,15/02/2019,White Collar,Fixed Term,Full Time,Flex and Fixed,Voluntarily Terminated,Low,Female,31,"23 Years, 5 Months",23,57704.18,1,0.23,0.52,0.66,1,1,0,1,0,64115.75,1
2089,15615020,Nnaife,Gateway & Procurement Specialist - Air Logistics,19/06/1988,17/05/2019,,Blue Collar,Fixed Term,Full Time,Fixed,Active,High,Female,34,"3 Years, 7 Months",3,34616.72,3,0.6,0.57,0.51,2,0,1,0,1,36826.3,0
2090,15608886,Okwudiliolisa,Operations Specialist,01/01/1957,24/11/1999,,Blue Collar,Fixed Term,Full Time,Fixed,Active,Medium,Female,66,"23 Years, 0 Months",23,27097.21,4,0.96,0.84,0.58,4,0,0,0,0,36617.85,0
2091,15602551,Johnson,Revenue Care Specialist- Air Logistics,18/09/1969,20/05/2002,,White Collar,Fixed Term,Full Time,Fixed,Active,High,Male,53,"20 Years, 6 Months",20,39002.55,2,0.87,0.6,0.95,2,1,0,1,0,42859.95,0
2092,15672945,Parkes,Technical Support Engineer,18/10/1984,21/04/2019,,White Collar,Fixed Term,Full Time,Flex and Fixed,Active,High,Female,38,"3 Years, 7 Months",3,59719.09,3,0.54,0.73,0.44,3,1,0,1,0,60937.85,0
2093,15757408,Lo,Perishable Customer Care Team Leader - Air Logistics,03/06/1984,14/04/1996,05/06/2014,White Collar,Fixed Term,Full Time,Fixed,Voluntarily Terminated,Medium,Male,38,"18 Years, 1 Months",18,38623.15,2,0.29,0.2,0.58,3,0,1,0,1,43396.8,1
2094,15806132,Martin,Business Development Executive,17/06/1961,31/03/2008,,White Collar,Fixed Term,Full Time,Flex and Fixed,Active,Low,Male,61,"14  Years, 8 Months",14,32429.81,2,0.4,0.58,0.9,1,0,1,1,1,40036.8,0
2095,15813022,Kapustina,Data Analyst,30/09/1968,30/08/1988,,White Collar,Fixed Term,Full Time,Flex and Fixed,Active,Low,Male,54,"34 Years, 3 Months",34,46138.35,1,0.73,0.48,0.56,3,1,0,0,0,47079.95,0
2096,15673578,Page,Material Handler ,09/07/2003,28/01/2022,,Blue Collar,Fixed Term,Full Time,Fixed,Active,Low,Female,19,"0 Years, 10 Months",0,25172.6,4,0.35,0.54,0.67,0,0,0,1,0,25172.6,0
2097,15757916,Amaechi,Trucking Team Leader- Air Logistics,26/02/1992,02/04/2015,,White Collar,Fixed Term,Full Time,Fixed,Active,Low,Female,31,"7 Years, 8 Months",7,34355.82,1,0.28,0.86,1,1,0,1,1,0,39489.45,0
2098,15689168,Munro,Accounts Payable,02/08/1996,28/07/2022,,White Collar,Fixed Term,Full Time,Fixed,Active,Low,Male,26,"0 Years, 4 Months",0,36780.19,1,0.39,0.94,0.83,0,1,1,0,1,36780.19,0
2099,15769216,Panicucci,Operations Specialist,25/10/1955,19/02/1997,14/07/2022,Blue Collar,Fixed Term,Full Time,Fixed,Voluntarily Terminated,Low,Female,67,"25 Years, 4 Months",25,23845.8,2,0.3,0.76,0.74,5,0,0,1,0,35067.35,1
2100,15593295,Greathouse,National Perishable Air Logistics Development Manager Seafood,17/04/1980,08/07/2018,,White Collar,Fixed Term,Full Time,Flex and Fixed,Active,Low,Male,42,"4 Years, 5 Months",4,35965.63,3,0.57,0.61,0.95,2,1,1,1,1,37464.2,0
2101,15804814,Ts'ui,Customer Brokerage Specialist,10/06/1975,30/06/2021,,Blue Collar,Fixed Term,Full Time,Fixed,Active,Low,Male,47,"1  Years, 5 Months",1,32879.98,3,0.54,0.56,0.94,1,1,0,1,0,34610.5,0
2102,15778934,Napolitani,Project Manager,18/03/1973,23/02/2018,,White Collar,Fixed Term,Full Time,Flex and Fixed,Active,High,Female,49,"4 Years, 9 Months",4,36807.12,3,0.26,1,0.74,2,1,1,0,1,40896.8,0
2103,15802351,Beers,Customer Servce Administrative Officer,22/04/1980,05/04/2010,,Blue Collar,Fixed Term,Full Time,Fixed,Active,High,Female,42,"12 Years, 8 Months",12,31201.31,1,0.59,0.15,0.53,3,0,1,1,1,32166.3,0
2104,15630241,Tretyakova,Regional Air logistics Trainer Specialist,22/02/1984,20/04/2017,,White Collar,Fixed Term,Full Time,Fixed,Active,Low,Male,39,"5 Years, 7 Months",5,34056.67,2,0.71,0.19,0.58,1,0,1,1,1,36230.5,0
2105,15719561,Lin,Sea Logiscitcs Customer Care Specialist ,06/06/1975,21/10/2018,,Blue Collar,Fixed Term,Full Time,Fixed,Active,Medium,Male,47,"4 Years, 1 Months",4,30916.03,2,0.28,0.17,0.73,1,0,0,0,0,32204.2,0
2106,15615096,Costa,Data Engineer,21/11/1975,12/06/2012,,White Collar,Fixed Term,Full Time,Flex and Fixed,Active,High,Female,47,"10  Years, 6 Months",10,58606.72,4,0.3,0.71,0.57,4,1,1,1,1,70610.5,0
2107,15659931,Ibezimako,Accounting Coordinator,21/06/1975,09/11/2015,23/08/2020,White Collar,Fixed Term,Full Time,Fixed,Voluntarily Terminated,Medium,Female,47,"4 Years, 9 Months",4,32872.06,2,0.3,0.3,0.79,2,1,0,1,0,35730.5,1
2108,15714586,Marcelo,Customer Care Specialist-Key Accounts,13/06/2001,28/07/2017,,White Collar,Fixed Term,Full Time,Fixed,Active,Medium,Female,21,"5 Years, 4 Months",5,34451.99,1,0.45,0.59,0.88,3,0,1,0,1,36265.25,0
2109,15634949,Hay,IT-Support,25/06/1972,07/12/2018,,White Collar,Fixed Term,Full Time,Fixed,Active,Medium,Male,50,"4 Years, 0 Months",4,31080.78,3,0.66,0.74,0.76,2,0,1,1,1,34154.7,0
2110,15589224,Moore,Recruiter,04/02/1964,19/01/2021,,White Collar,Fixed Term,Full Time,Fixed,Active,Medium,Male,59,"1 Years, 10 Months",1,39362.1,2,0.3,0.98,0.92,0,0,1,0,1,39362.1,0
2111,15795990,Lumholtz,Inside Sales Executive/ Account Manager,21/06/1980,31/08/2016,12/07/2019,White Collar,Fixed Term,Full Time,Flex and Fixed,Voluntarily Terminated,High,Female,42,"2 Years, 10 Months",2,36318.93,1,0.08,0.93,0.75,2,1,1,1,1,37060.13,1
2112,15603216,Simpson,Human Resoruces Coordinator,09/12/1995,27/04/2021,,White Collar,Fixed Term,Full Time,Fixed,Active,Low,Male,27,"1  Years, 7 Months",1,34774.99,3,0.36,1,0.92,1,0,0,1,0,36605.25,0
2113,15631201,Hill,Operations Specialist,15/02/1995,06/01/2014,,Blue Collar,Fixed Term,Full Time,Fixed,Active,Low,Female,28,"8 Years, 11 Months",8,30464.27,4,0.97,0.59,0.81,2,0,0,1,0,35840.32,0
2114,15686255,Mouzon,Business Analyst,21/11/1971,08/02/2014,,White Collar,Fixed Term,Full Time,Flex and Fixed,Active,Medium,Male,51,"8 Years, 10 Months",8,37045.76,2,0.26,0.98,0.55,3,1,0,0,0,44102.1,0
2115,15746594,Wu,IT System Engineer,27/01/1986,19/03/2016,,White Collar,Fixed Term,Full Time,Flex and Fixed,Active,Low,Male,37,"6 Years, 8 Months",6,61574.87,2,0.6,0.35,0.5,1,1,0,1,0,69185.25,0
2116,15718893,Pirozzi,Recruiter Apprentice,15/10/2002,22/02/2009,30/01/2019,Blue Collar,Apprentice,Full Time,Fixed,Voluntarily Terminated,High,Female,20,"9 Years, 11 Months",9,22260.07,4,0.54,0.42,0.96,3,0,0,1,0,23884.2,1
2117,15671609,Ibeabuchi,Perishable Warehouse Shift Team Leader - Air Logistics,14/06/1975,04/05/2012,,White Collar,Fixed Term,Full Time,Fixed,Active,Medium,Male,47,"10  Years, 7 Months",10,36391.23,3,0.29,0.61,0.85,3,0,0,1,0,40434.7,0
2118,15652540,Garnsey,Perishable Customer Care Team Leader - Air Logistics,28/06/1991,12/04/2018,,White Collar,Fixed Term,Full Time,Fixed,Active,Low,Male,31,"4 Years, 8 Months",4,37915.02,4,0.82,0.78,0.72,1,0,1,0,0,43085.25,0
2119,15774857,Synnot,Inside Sales Executive/ Account Manager,18/09/1955,14/09/2015,04/06/2022,White Collar,Fixed Term,Full Time,Flex and Fixed,Voluntarily Terminated,Medium,Female,67,"6 Years, 8 Months",6,31745.81,2,0.1,0.37,0.52,2,1,0,1,0,35669.45,1
2120,15791836,Wildman,Warehouse Shift Team Leader Healthcare- Air Logistics,09/02/1971,01/06/2022,,White Collar,Fixed Term,Full Time,Fixed,Active,Medium,Male,52,"0 Years, 6 Months",0,40712.6,3,0.26,0.5,0.95,0,0,0,1,0,40712.6,0
2121,15651554,Anenechukwu,Perishable Warehouse Specialist - Air Logistics,18/07/1995,24/09/2012,15/01/2015,Blue Collar,Fixed Term,Full Time,Fixed,Voluntarily Terminated,Low,Female,27,"10  Years, 2 Months",10,27306.46,2,0.54,0.67,0.51,5,0,1,1,1,32125.25,1
2122,15583576,Tai,Network Engineer,01/10/1961,26/02/1996,,White Collar,Fixed Term,Full Time,Flex and Fixed,Active,Low,Male,61,"26 Years, 9 Months",26,63022.73,4,0.74,0.75,0.85,1,1,1,0,1,70025.25,0
2123,15732740,Plant,Gateway & Procurement Team Leader- Air Logistics,07/06/1958,15/07/1992,,White Collar,Fixed Term,Full Time,Fixed,Active,High,Female,64,"30 Years, 5 Months",30,29991.02,2,0.94,0.79,0.51,1,0,0,0,0,43465.25,0
2124,15723320,Azubuike,Sea Logiscitcs Customer Care Specialist ,28/10/1977,16/03/2011,,Blue Collar,Fixed Term,Full Time,Fixed,Active,Medium,Female,45,"11 Years, 9 Months",11,31949.03,4,0.3,0.84,0.89,2,0,0,1,0,32601.05,0
2125,15603851,Galkin,Project Coordinator,11/04/1981,22/10/2009,20/09/2017,White Collar,Fixed Term,Full Time,Fixed,Voluntarily Terminated,Medium,Male,41,"7 Years, 10 Months",7,30778.2,2,0.55,0.4,0.5,3,0,0,0,0,32060.63,1
2126,15777923,Johnston,Accounting Coordinator,24/07/1984,04/01/2017,,White Collar,Fixed Term,Full Time,Fixed,Active,Medium,Female,38,"5 Years, 11 Months",5,29623.57,1,0.28,0.57,0.48,3,1,1,0,1,36126.3,0
2127,15735719,Babbage,Analyst Programmer ,11/09/1987,18/03/2018,,White Collar,Fixed Term,Full Time,Flex and Fixed,Active,Low,Female,35,"4 Years, 9 Months",4,56623.82,4,0.83,0.73,0.52,2,1,1,1,1,58983.15,0
2128,15703482,Walker,Trucking Specialist - Air Logistics,23/05/1988,07/04/2018,,Blue Collar,Fixed Term,Part Time,Fixed,Active,Medium,Male,34,"4 Years, 8 Months",4,32102.69,3,0.27,0.74,0.58,2,0,0,1,0,32757.85,0
2129,15605835,Rice,Human Resoruces Coordinator,10/10/2000,28/09/2012,,White Collar,Fixed Term,Part Time,Fixed,Active,Low,Male,22,"10  Years, 2 Months",10,27114.08,2,0.27,0.52,0.83,2,0,1,0,1,33892.6,0
2130,15664881,Norton,Transport Controller,14/04/1989,08/10/2022,,Blue Collar,Fixed Term,Part Time,Fixed,Active,Low,Male,33,"0 Years, 2 Months",0,25480.54,2,0.93,0.56,0.76,0,0,0,1,0,25480.54,0
2131,15757568,Bogolyubov,Regional Air logistics Trainer Specialist,30/08/1979,26/04/2020,,White Collar,Fixed Term,Part Time,Fixed,Active,Low,Female,43,"2 Years, 7 Months",2,35048.92,4,0.44,0.76,0.68,2,0,1,1,1,35764.2,0
2132,15792660,Gibbons,Warehouse Quality Control Specialist - Air Logistics,08/10/1978,10/10/2020,,Blue Collar,Fixed Term,Part Time,Fixed,Active,Low,Male,44,"2 Years, 2 Months",2,27254.29,4,0.55,0.82,0.93,2,0,0,1,0,27810.5,0
2133,15599722,Chia,Recruiter Apprentice,10/05/2003,16/05/2022,,Blue Collar,Apprentice,Part Time,Fixed,Active,Medium,Female,19,"0 Years, 7 Months",0,21176.8,2,0.98,0.76,0.83,0,0,1,1,0,21176.8,0
2134,15726354,Smith,Warehouse Quality Control Specialist - Air Logistics,17/07/1961,11/09/2015,,Blue Collar,Fixed Term,Part Time,Fixed,Active,Medium,Female,61,"7 Years, 3 Months",7,24688.98,2,0.74,0.62,0.59,3,0,0,1,0,25988.4,0
2135,15610355,Hunter,Sea Logistics Pricing Coordinator,01/07/1999,06/12/2016,,White Collar,Fixed Term,Full Time,Fixed,Active,Low,Male,23,"6 Years, 0 Months",6,31262.57,4,0.28,0.48,0.8,2,0,0,1,0,33981.05,0
2136,15704284,Ekechukwu,Assistance Sales Manager,13/09/1986,21/08/2013,,Blue Collar,Fixed Term,Full Time,Fixed,Active,Low,Male,36,"9 Years, 3 Months",9,29976.94,4,0.56,0.64,0.77,1,1,0,1,0,36116.8,0
2137,15621893,Bellucci,Recruiter,06/07/1986,14/02/2013,,White Collar,Fixed Term,Full Time,Fixed,Active,Low,Male,36,"9 Years, 10 Months",9,34079.51,3,0.46,0.74,0.82,2,0,1,1,1,41560.38,0
2138,15588219,Ford,National Perishable Air Logistics Development Manager Retail,05/12/1999,15/12/2015,,White Collar,Fixed Term,Full Time,Flex and Fixed,Active,Low,Female,23,"7 Years, 0 Months",7,34375.28,3,0.37,0.52,0.43,1,1,0,1,0,36569.45,0
2139,15688619,Scott,Human Resoruces Coordinator,29/04/1982,21/08/2014,,White Collar,Fixed Term,Full Time,Fixed,Active,Low,Male,40,"8 Years, 3 Months",8,29651.57,1,0.42,0.67,0.5,2,0,1,1,1,34884.2,0
2140,15765518,Gregson,Java Software Engineer ,22/05/1980,04/07/1983,05/06/2017,White Collar,Fixed Term,Full Time,Flex and Fixed,Voluntarily Terminated,Low,Female,42,"33 Years, 11 Months",33,66253.15,2,0.1,0.71,0.76,2,1,0,1,1,71239.95,1
2141,15616931,Moore,Perishable Apprentice- Air Logistics,06/12/2003,01/11/2022,,Blue Collar,Apprentice,Full Time,Fixed,Active,Medium,Male,19,"0 Years, 1 Months",0,22974.7,4,0.29,0.72,0.63,0,0,0,1,0,22974.7,0
2142,15758372,Wallace,IT-Support,16/02/1983,27/03/2007,01/09/2014,White Collar,Fixed Term,Full Time,Fixed,Voluntarily Terminated,Low,Male,40,"7 Years, 5 Months",7,38360.29,2,0.27,0.33,0.58,3,0,1,1,1,39143.15,1
2143,15782591,Cook,Revenue Care Specialist- Air Logistics,08/07/1986,25/10/1985,,White Collar,Fixed Term,Full Time,Fixed,Active,Low,Male,36,"37 Years, 1 Months",37,42054.05,3,0.28,0.91,0.56,1,1,0,1,0,43806.3,0
2144,15612109,Speth,Finance Analyst,02/02/1979,16/09/2021,,White Collar,Fixed Term,Full Time,Flex and Fixed,Active,Medium,Male,44,"1  Years, 3 Months",1,50973.65,1,0.48,0.88,0.68,0,1,1,1,1,50973.65,0
2145,15613712,Boag,IT System Engineer,24/10/1981,05/01/2015,,White Collar,Fixed Term,Full Time,Flex and Fixed,Active,High,Male,41,"7 Years, 11 Months",7,58320.71,1,0.56,0.96,0.6,2,1,0,1,0,68612.6,0
2146,15639322,Grave,Pricing Analyst,28/02/1990,30/05/2019,,White Collar,Fixed Term,Full Time,Flex and Fixed,Active,Medium,Male,33,"3 Years, 6 Months",3,45684.26,2,0.3,0.97,0.68,2,1,0,1,0,49656.8,0
2147,15594349,Streeten,Apprentice,25/10/2002,22/02/2022,,Blue Collar,Apprentice,Full Time,Fixed,Active,Medium,Male,20,"0 Years, 9 Months",0,21753.65,3,0.77,0.27,0.59,0,0,1,1,1,21753.65,0
2148,15574167,Fox,Recruiter,21/08/1972,02/06/2021,,White Collar,Fixed Term,Full Time,Fixed,Active,High,Male,50,"1  Years, 6 Months",1,41722.1,2,0.47,0.65,0.64,0,0,1,1,1,41722.1,0
2149,15811842,Artemyeva,BI Developer,23/06/1969,19/10/2014,,White Collar,Fixed Term,Full Time,Flex and Fixed,Active,Medium,Male,53,"8 Years, 1 Months",8,53952.6,1,0.57,0.68,0.73,2,1,1,1,1,63473.65,0
2150,15648794,Giordano,Business Development Manager,12/03/1980,28/09/2018,04/09/2021,White Collar,Fixed Term,Part Time,Flex and Fixed,Voluntarily Terminated,High,Male,42,"2 Years, 11 Months",2,46685.63,1,0.27,0.68,0.46,3,1,0,1,0,50745.25,1
2151,15771211,Perkins,Road Logistics Sales Representative,08/06/2004,31/05/2020,,White Collar,Fixed Term,Full Time,Fixed,Active,High,Male,18,"2 Years, 6 Months",2,31381.66,3,0.26,0.69,0.74,2,0,1,0,1,32022.1,0
2152,15588614,Walton,National Perishable Air Logistics Development Manager Seafood,02/02/1999,14/02/2017,20/09/2018,White Collar,Fixed Term,Full Time,Flex and Fixed,Voluntarily Terminated,Low,Male,24,"1 Years, 7 Months",1,34853.65,2,0.27,0.79,0.99,0,1,0,1,0,34853.65,1
2153,15630698,Hay,Business Development Executive,22/10/1981,10/01/2016,19/03/2017,White Collar,Fixed Term,Full Time,Flex and Fixed,Voluntarily Terminated,Medium,Female,41,"1 Years, 2 Months",1,37749.18,2,0.26,0.38,0.92,3,0,1,0,1,42896.8,1
2154,15694200,Gardner,Data Analyst,10/07/1984,15/08/2016,26/04/2018,White Collar,Fixed Term,Full Time,Flex and Fixed,Voluntarily Terminated,Low,Male,38,"1 Years, 8 Months",1,46707.35,2,0.27,0.8,0.83,0,1,0,0,0,46707.35,1
2155,15721426,Milne,Sales Specialist-Air Logitics ,21/03/2004,10/05/2009,25/05/2019,Blue Collar,Fixed Term,Full Time,Fixed,Voluntarily Terminated,Low,Male,18,"10 Years, 0 Months",10,31171.95,2,0.27,0.38,0.94,2,0,0,0,0,33446.3,1
2156,15725997,She,Operations Specialist,04/01/1994,29/07/2017,,Blue Collar,Fixed Term,Full Time,Fixed,Active,Low,Female,29,"5 Years, 4 Months",5,32007.2,3,0.73,0.26,0.83,2,0,0,1,0,35963.15,0
2157,15762138,Hu,Transport Controller,04/05/1956,15/05/1995,,Blue Collar,Fixed Term,Full Time,Fixed,Active,High,Male,66,"27 Years, 7 Months",27,20117.23,4,0.29,0.81,0.86,4,0,0,1,0,28738.9,0
2158,15750649,Uwakwe,Inventory Clerk,25/10/2001,13/10/2022,,Blue Collar,Fixed Term,Full Time,Fixed,Active,Medium,Female,21,"0 Years, 2 Months",0,28135.75,2,0.29,0.67,0.54,0,0,1,1,1,28135.75,0
2159,15685706,Bird,National Perishable Air Logistics Development Manager Retail,29/12/1994,28/06/2012,,White Collar,Fixed Term,Full Time,Flex and Fixed,Active,Low,Female,28,"10  Years, 5 Months",10,30666.29,1,0.65,0.55,0.81,3,1,1,1,1,34073.65,0
2160,15641835,Anderson,Warehouse Apprentice- Air Logistics,18/07/2001,19/07/2022,,Blue Collar,Apprentice,Full Time,Fixed,Active,High,Male,21,"0 Years, 4 Months",0,21968.4,2,0.51,0.87,0.71,0,0,1,1,1,21968.4,0
2161,15586821,Bellew,Sea Logistics Pricing Coordinator,11/06/1974,23/01/2012,,White Collar,Fixed Term,Full Time,Fixed,Active,Medium,Male,48,"10  Years, 10 Months",10,25426.89,3,0.58,0.46,0.69,4,0,1,0,1,31008.4,0
2162,15569678,Cocci,Trucking Specialist - Air Logistics,31/08/1981,31/08/2013,,Blue Collar,Fixed Term,Full Time,Fixed,Active,Low,Male,41,"9 Years, 3 Months",9,26928.69,3,0.3,0.63,0.57,3,0,0,1,0,32444.2,0
2163,15793842,Krichauff,Account Manager ,20/06/1997,14/01/2021,,White Collar,Fixed Term,Full Time,Fixed,Active,High,Female,25,"1  Years, 11 Months",1,30414.96,3,0.4,0.54,0.96,1,1,0,1,0,32015.75,0
2164,15667554,Cameron,Account Manager ,25/11/1973,25/08/2021,,White Collar,Fixed Term,Full Time,Fixed,Active,Low,Male,49,"1  Years, 3 Months",1,33008.4,2,0.51,1,0.49,0,1,1,1,1,33008.4,0
2165,15794479,Becker,Customer Brokerage Specialist,10/01/1973,07/11/2017,,Blue Collar,Fixed Term,Full Time,Fixed,Active,Low,Male,50,"5 Years, 1 Months",5,34596.94,1,0.44,0.97,0.66,1,1,1,1,1,36805.25,0
2166,15585041,Ainsworth,Revenue Care Specialist- Air Logistics,12/10/1956,03/06/2016,,White Collar,Fixed Term,Full Time,Fixed,Active,Medium,Male,66,"6 Years, 6 Months",6,37474.1,1,0.44,0.9,0.92,1,1,1,0,1,42584.2,0
2167,15780650,Biryukov,Forklift Operator,05/08/2001,14/02/2017,,Blue Collar,Fixed Term,Full Time,Fixed,Active,Medium,Male,21,"5 Years, 10 Months",5,26622.82,3,0.27,0.75,0.7,1,0,1,1,1,28937.85,0
2168,15780846,Redding,Warehouse Quality Control Specialist - Air Logistics,07/11/1980,26/10/2012,,Blue Collar,Fixed Term,Full Time,Fixed,Active,Medium,Male,42,"10  Years, 1 Months",10,22948.17,3,0.26,0.92,0.84,4,0,1,0,1,26997.85,0
2169,15805260,Wood,Aerospace International Logistics Specialist,27/08/1995,10/07/2008,24/08/2018,Blue Collar,Fixed Term,Full Time,Fixed,Voluntarily Terminated,High,Female,27,"14  Years, 5 Months",14,31028.7,2,0.2,0.22,0.94,3,0,0,1,0,33292.6,1
2170,15621629,Scott,IT-Support,15/04/1955,16/09/2014,,White Collar,Fixed Term,Full Time,Fixed,Active,Low,Male,67,"8 Years, 3 Months",8,42044.93,2,0.37,0.57,0.81,1,0,1,1,1,43796.8,0
2171,15662151,Gould,Material Handler ,05/08/2002,31/05/2021,,Blue Collar,Fixed Term,Full Time,Fixed,Active,Low,Male,20,"1  Years, 6 Months",1,24912.6,2,0.88,0.81,0.94,0,0,1,0,1,24912.6,0
2172,15747174,Hao,Project Coordinator,25/08/1962,23/07/2017,,White Collar,Fixed Term,Full Time,Fixed,Active,High,Male,60,"5 Years, 4 Months",5,34058.55,4,0.27,0.64,0.6,1,0,1,1,1,36622.1,0
2173,15651585,Power,Sales Account Manager,19/11/2000,13/04/2018,,White Collar,Fixed Term,Full Time,Fixed,Active,High,Male,22,"4 Years, 8 Months",4,35648.3,2,0.29,0.71,0.54,2,1,1,1,1,37133.65,0
2174,15649738,White,Inside Sales Executive/ Account Manager,17/01/1984,02/10/2007,,White Collar,Fixed Term,Full Time,Flex and Fixed,Active,Low,Female,39,"15 Years, 2 Months",15,30547.98,3,0.3,0.35,0.58,3,1,1,1,1,32776.8,0
2175,15633108,Thorpe,Data Analyst,13/01/1967,25/02/2008,,White Collar,Fixed Term,Full Time,Flex and Fixed,Active,Medium,Male,56,"14 Years, 9 Months",14,48725.62,1,0.3,0.88,0.81,1,1,0,1,0,50232.6,0
2176,15769254,Tuan,Perishable Warehouse Specialist - Air Logistics,02/08/1956,21/09/2008,,Blue Collar,Fixed Term,Full Time,Fixed,Active,Low,Female,66,"14 Years, 2 Months",14,25309.9,3,0.27,0.13,0.59,4,0,0,0,0,32037.85,0
2177,15704746,Inman,National Service Excellence Specialist- Air Logistics,30/03/2000,19/12/2019,,White Collar,Fixed Term,Full Time,Flex and Fixed,Active,Low,Male,22,"2 Years, 11 Months",2,28772.28,3,0.38,0.82,0.73,1,0,1,1,1,32328.4,0
2178,15637644,Hanson,Technical Support Engineer,31/08/1982,11/09/2022,,White Collar,Fixed Term,Full Time,Flex and Fixed,Active,Low,Female,40,"0 Years, 3 Months",0,61914.7,3,0.3,0.17,0.92,0,1,1,0,1,61914.7,0
2179,15609562,MacDonald,National Perishable Air Logistics Development Manager Retail,30/05/1999,17/10/2016,,White Collar,Fixed Term,Full Time,Flex and Fixed,Active,High,Female,23,"6 Years, 2 Months",6,32683.28,1,0.27,0.21,0.82,3,1,0,1,0,34769.45,0
2180,15787459,Parkes,Technical Support Engineer,18/12/1962,26/08/1997,,White Collar,Fixed Term,Full Time,Flex and Fixed,Active,High,Male,60,"25  Years, 3 Months",25,50377.85,4,0.45,0.89,0.47,1,1,0,0,0,58578.9,0
2181,15762902,Stanley,Gateway & Procurement Team Leader- Air Logistics,10/04/1956,18/01/1993,,White Collar,Fixed Term,Full Time,Fixed,Active,Medium,Female,66,"29 Years, 11 Months",29,28275.56,2,0.29,0.2,0.72,2,0,1,0,0,40393.65,0
2182,15738605,Fischer,BI Developer,16/05/1990,26/02/1995,10/09/2015,White Collar,Fixed Term,Full Time,Flex and Fixed,Voluntarily Terminated,High,Female,32,"20 Years, 6 Months",20,57467.91,1,0.26,0.99,0.81,3,1,1,1,1,63151.55,1
2183,15724889,Chinweuba,Accountant,28/07/1996,18/02/2016,,White Collar,Fixed Term,Full Time,Fixed,Active,Medium,Male,26,"6 Years, 10 Months",6,28287.63,2,0.96,0.26,0.85,2,1,1,0,1,33675.75,0
2184,15730735,Henning,Project Manager,26/10/1990,18/10/2012,,White Collar,Fixed Term,Full Time,Flex and Fixed,Active,Medium,Male,32,"10  Years, 2 Months",10,35033.29,1,0.55,0.22,0.53,5,1,1,1,1,41706.3,0
2185,15689147,Ogochukwu,Transport Controller,16/06/1991,29/09/2014,,Blue Collar,Fixed Term,Full Time,Fixed,Active,Medium,Female,31,"8 Years, 2 Months",8,24687.42,3,0.69,0.79,0.84,2,0,0,1,0,28706.3,0
2186,15730397,Narelle,IT-Support,19/02/1984,08/11/1998,,White Collar,Fixed Term,Full Time,Fixed,Active,Low,Male,39,"24  Years, 1 Months",24,39041.63,2,0.82,0.73,0.79,1,0,1,1,1,41533.65,0
2187,15762169,Bergman,Transport Controller,23/07/1984,09/03/2006,30/03/2017,Blue Collar,Fixed Term,Full Time,Fixed,Voluntarily Terminated,Low,Male,38,"11 Years, 0 Months",11,26516.33,1,0.16,0.39,0.54,2,0,0,1,1,28822.1,1
2188,15589320,Sagese,Business Development Manager,27/09/1982,18/01/2022,,White Collar,Fixed Term,Full Time,Flex and Fixed,Active,Medium,Male,40,"0 Years, 11 Months",0,50460.83,3,0.4,0.42,0.54,0,1,1,1,1,50460.83,0
2189,15799211,Anenechi,Sales Specialist-Air Logitics ,20/03/2004,10/09/2020,,Blue Collar,Fixed Term,Full Time,Fixed,Active,High,Female,18,"2 Years, 3 Months",2,33210.63,3,0.3,0.18,0.8,1,0,1,1,1,33888.4,0
2190,15798310,Palerma,Project Coordinator,18/07/1981,09/12/2007,,White Collar,Fixed Term,Full Time,Fixed,Active,Low,Male,41,"15 Years, 0 Months",15,31832.28,1,0.26,0.92,0.91,1,0,1,1,1,34600.3,0
2191,15609998,Okwudilichukwu,Software Engineer,11/05/1982,08/06/2015,18/04/2021,White Collar,Fixed Term,Full Time,Flex and Fixed,Voluntarily Terminated,High,Female,40,"5 Years, 10 Months",5,58079.96,2,0.29,0.87,0.52,3,1,0,1,0,65999.95,1
2192,15583548,Harrison,Project Coordinator,02/06/1980,03/01/1987,20/06/2015,White Collar,Fixed Term,Full Time,Fixed,Voluntarily Terminated,Low,Female,42,"28 Years, 5 Months",28,31162,2,0.2,0.23,0.65,1,0,0,1,0,32802.1,1
2193,15761763,Jamieson,Accounts Payable,09/03/1982,02/09/2012,,White Collar,Fixed Term,Full Time,Fixed,Active,Medium,Male,41,"10  Years, 3 Months",10,28525.63,4,0.29,0.64,0.58,1,1,0,1,0,34787.35,0
2194,15764409,Goodman,Technical Support Engineer,30/04/1977,17/02/2022,,White Collar,Fixed Term,Full Time,Flex and Fixed,Active,Low,Male,45,"0 Years, 10 Months",0,61784.2,4,0.91,1,0.66,0,1,1,1,0,61784.2,0
2195,15710161,Ko,BI Developer,06/02/1988,22/12/2016,,White Collar,Fixed Term,Full Time,Flex and Fixed,Active,Low,Female,35,"5 Years, 11 Months",5,61241.99,1,1,0.83,0.65,2,1,1,1,1,64465.25,0
2196,15735246,Norman,National Perishable Air Logistics Development Manager Retail,21/08/1960,10/07/2010,24/03/2014,White Collar,Fixed Term,Full Time,Flex and Fixed,Voluntarily Terminated,Medium,Female,62,"3 Years, 8 Months",3,30657.25,2,0.26,0.98,0.58,1,1,0,0,0,36067.35,1
2197,15791700,Ugochukwutubelum,Accountant,02/08/1972,06/01/2017,30/09/2019,White Collar,Fixed Term,Full Time,Fixed,Voluntarily Terminated,High,Male,50,"2 Years, 8 Months",2,33815.96,2,0.25,0.7,0.87,2,1,1,1,1,35595.75,1
2198,15670753,Uvarova,Gateway & Procurement Specialist - Air Logistics,09/03/1984,14/10/2020,,Blue Collar,Fixed Term,Full Time,Fixed,Active,Medium,Male,39,"2 Years, 2 Months",2,31378.73,4,0.87,0.9,0.79,1,0,1,1,1,34865.25,0
2199,15573876,Chia,Trucking Specialist - Air Logistics,03/05/1989,07/08/2013,,Blue Collar,Fixed Term,Full Time,Fixed,Active,Low,Male,33,"9 Years, 4 Months",9,28507.62,1,0.77,0.55,0.99,2,0,0,1,0,33148.4,0
2200,15770174,Piazza,Customer Servce Administrative Officer,22/07/1986,03/10/2015,,Blue Collar,Fixed Term,Full Time,Fixed,Active,Medium,Male,36,"7 Years, 2 Months",7,30361.07,2,0.26,0.78,0.84,1,0,0,1,0,35718.9,0
2201,15641114,Power,Recruiter,15/08/1973,07/02/2020,,White Collar,Fixed Term,Full Time,Fixed,Active,Low,Male,49,"2 Years, 10 Months",2,36590.21,4,0.3,0.89,0.53,1,0,1,1,0,41112.6,0
2202,15682435,P'eng,Road Logistics Sales Representative,17/07/2001,05/01/2016,,White Collar,Fixed Term,Full Time,Fixed,Active,High,Male,21,"6 Years, 11 Months",6,30104.68,1,0.3,0.17,0.59,2,0,0,1,0,35838.9,0
2203,15751788,Johnson,IT-Support,14/03/1980,10/12/2019,,White Collar,Fixed Term,Full Time,Fixed,Active,High,Male,42,"3 Years, 0 Months",3,39145.08,2,0.87,0.14,0.64,1,0,1,1,1,40355.75,0
2204,15672598,Walker,Sea Logistics Pricing Coordinator,28/03/1984,03/12/2015,,White Collar,Fixed Term,Full Time,Fixed,Active,High,Male,38,"7 Years, 0 Months",7,28897.52,1,0.69,0.85,0.57,2,0,1,1,1,31072.6,0
2205,15762803,Innes,Software Engineer,20/07/1991,27/06/2017,,White Collar,Fixed Term,Full Time,Flex and Fixed,Active,Medium,Male,31,"5 Years, 5 Months",5,60235.56,4,0.29,0.84,0.79,1,1,0,1,0,66928.4,0
2206,15812982,Francis,Revenue Care Specialist- Air Logistics,26/11/1990,16/04/2022,,White Collar,Fixed Term,Full Time,Fixed,Active,High,Male,32,"0 Years, 8 Months",0,41903.15,4,0.7,0.7,0.69,0,1,0,0,0,41903.15,0
2207,15597901,Chidozie,Accountant,06/11/1978,23/01/2013,,White Collar,Fixed Term,Full Time,Fixed,Active,Medium,Male,44,"9 Years, 10 Months",9,31768.76,4,0.85,0.16,0.98,2,1,1,1,1,37819.95,0
2208,15731507,Mackenzie,Perishable Warehouse Specialist - Air Logistics,06/11/1980,22/06/2020,,Blue Collar,Fixed Term,Full Time,Fixed,Active,Medium,Female,42,"2 Years, 5 Months",2,36060.86,1,0.65,0.51,0.69,1,0,0,0,0,36796.8,0
2209,15809826,Craigie,Customer Servce Administrative Officer,01/05/1955,10/04/1995,30/07/2021,Blue Collar,Fixed Term,Full Time,Fixed,Voluntarily Terminated,Low,Female,67,"26 Years, 3 Months",26,24719.05,4,0.4,0.6,0.89,1,0,0,1,0,36351.55,1
2210,15764237,Manfrin,Stock Investigator & Analyst,20/09/1980,10/01/2015,,White Collar,Fixed Term,Full Time,Flex and Fixed,Active,Medium,Male,42,"7 Years, 11 Months",7,44049.73,4,0.65,0.5,0.63,2,1,0,0,0,48406.3,0
2211,15769917,Onyekachi,Software Engineer,19/11/1988,21/10/2020,,White Collar,Fixed Term,Full Time,Flex and Fixed,Active,Medium,Female,34,"2 Years, 1 Months",2,69961.66,3,0.75,0.43,0.39,1,1,1,0,1,71389.45,0
2212,15641850,Pethard,Technical Support Engineer,30/07/1984,28/05/2021,,White Collar,Fixed Term,Full Time,Flex and Fixed,Active,Low,Male,38,"1 Years, 6 Months",1,58681.05,3,0.59,0.5,0.7,0,1,0,1,0,58681.05,0
2213,15770974,Nwabugwu,Accountant,20/10/1995,08/02/2022,,White Collar,Fixed Term,Full Time,Fixed,Active,Medium,Female,27,"0 Years, 10 Months",0,33508.4,2,0.67,0.91,0.89,0,1,0,0,0,33508.4,0
2214,15803749,DeRose,Customer Brokerage Specialist,03/04/1957,20/07/2018,,Blue Collar,Fixed Term,Full Time,Fixed,Active,Medium,Female,65,"4 Years, 4 Months",4,32031.45,1,0.26,0.65,0.93,1,1,1,1,1,35590.5,0
2215,15684999,Ch'eng,National Air Logistics Pharma Compliance Specialist,11/10/1971,30/07/2014,,Blue Collar,Fixed Term,Full Time,Fixed,Active,High,Female,51,"8 Years, 4 Months",8,29793.11,3,0.3,0.59,0.52,3,0,1,0,1,34643.15,0
2216,15770225,Padovesi,Regional Air logistics Trainer Specialist,08/07/1975,23/04/2013,,White Collar,Fixed Term,Full Time,Fixed,Active,High,Male,47,"9 Years, 7 Months",9,28744.19,4,0.45,0.89,0.56,3,0,1,1,1,34631.55,0
2217,15627484,Obielumani,Customer Brokerage Specialist,09/01/1967,03/03/2009,,Blue Collar,Fixed Term,Full Time,Fixed,Active,High,Female,56,"13 Years, 9 Months",13,29035.41,3,0.43,0.97,0.6,4,1,0,1,0,33762.1,0
2218,15610337,Stephens,Warehouse Quality Control Specialist - Air Logistics,03/03/1980,22/09/2019,,Blue Collar,Fixed Term,Full Time,Fixed,Active,High,Male,43,"3 Years, 2 Months",3,23343.29,2,0.26,0.56,0.97,1,0,0,1,0,24065.25,0
2219,15752488,Emery,Accounting Coordinator,13/03/1994,09/08/2014,,White Collar,Fixed Term,Full Time,Fixed,Active,Low,Female,28,"8 Years, 4 Months",8,29057.46,1,0.78,0.76,0.93,1,1,1,1,0,34185.25,0
2220,15610056,Dufresne,Accountant,23/08/1958,28/11/1998,,White Collar,Fixed Term,Full Time,Fixed,Active,Medium,Female,64,"24 Years, 0 Months",24,22288.42,1,0.26,0.28,0.55,3,1,1,0,1,33266.3,0
2221,15806049,Lee,Sales Account Manager,09/08/1955,24/06/2010,,White Collar,Fixed Term,Full Time,Fixed,Active,High,Female,67,"12 Years, 5 Months",12,28645,3,0.27,0.75,0.51,9,1,0,1,0,35364.2,0
2222,15736069,Hsing,Trucking Team Leader- Air Logistics,12/06/1982,28/01/2009,04/08/2018,White Collar,Fixed Term,Full Time,Fixed,Voluntarily Terminated,High,Female,40,"9 Years, 6 Months",9,38678.46,1,0.27,0.78,0.81,1,0,0,1,0,39874.7,1
2223,15763662,Longo,Inventory Clerk,16/06/2002,09/08/2019,,Blue Collar,Fixed Term,Full Time,Fixed,Active,Low,Male,20,"3 Years, 4 Months",3,23328.99,1,0.88,0.26,0.63,1,0,1,1,1,24050.5,0
2224,15615575,Vial,Business Analyst,07/09/1962,23/03/1989,,White Collar,Fixed Term,Full Time,Flex and Fixed,Active,Low,Male,60,"33 Years, 8 Months",33,38698.79,3,0.29,0.53,0.72,1,1,1,1,1,47193.65,0
2225,15691723,Chukwudi,Trucking Specialist - Air Logistics,11/05/1999,25/12/2016,,Blue Collar,Fixed Term,Full Time,Fixed,Active,Low,Male,23,"5 Years, 11 Months",5,32302,2,0.28,0.25,0.41,3,0,0,1,0,34002.1,0
2226,15774098,Grant,National Air Logistics Pharma Compliance Specialist,20/06/1997,30/03/2002,,Blue Collar,Fixed Term,Full Time,Fixed,Active,High,Male,25,"20 Years, 8 Months",20,30138.59,3,0.41,0.82,0.51,3,0,1,0,1,34248.4,0
2227,15750808,Ma,Stock Investigator & Analyst,30/05/1961,27/06/2002,,White Collar,Fixed Term,Full Time,Flex and Fixed,Active,High,Male,61,"20  Years, 5 Months",20,42713.308,2,0.26,0.71,0.57,3,1,1,1,1,48537.85,0
2228,15744368,Sun,Transport Controller,22/03/1985,11/06/1988,,Blue Collar,Fixed Term,Full Time,Fixed,Active,Low,Male,37,"34 Years, 6 Months",34,22488.88,3,0.29,0.61,0.95,4,0,1,1,1,25268.4,0
2229,15610594,Moss,Senior DevOps Engineer,08/04/1972,10/03/2020,,White Collar,Fixed Term,Full Time,Flex and Fixed,Active,Medium,Female,50,"2 Years, 9 Months",2,64761.25,3,0.67,0.89,0.68,2,1,0,1,0,69635.75,0
2230,15756125,Booth,Gateway & Procurement Team Leader- Air Logistics,20/04/1987,02/02/2018,,White Collar,Fixed Term,Full Time,Fixed,Active,Medium,Male,35,"4 Years, 10 Months",4,40146.14,2,0.72,0.57,0.78,2,0,0,1,0,41818.9,0
2231,15623277,Ross,Data Engineer,29/06/1962,16/04/2007,,White Collar,Fixed Term,Full Time,Flex and Fixed,Active,Medium,Female,60,"15 Years, 8 Months",15,65416.83,1,0.39,0.93,0.8,1,1,1,1,0,71105.25,0
2232,15795954,Ndukaku,Accounting Coordinator,09/05/1958,20/07/2015,,White Collar,Fixed Term,Full Time,Fixed,Active,Low,Male,64,"7 Years, 4 Months",7,30341.48,2,0.5,0.61,0.84,2,1,0,1,0,32625.25,0
2233,15671969,Pruneda,Senior DevOps Engineer,24/04/1956,11/06/1990,,White Collar,Fixed Term,Full Time,Flex and Fixed,Active,High,Male,66,"32 Years, 6 Months",32,47612.9,3,0.48,0.56,0.62,3,1,0,1,0,69004.2,0
2234,15791268,Neumann,Business Analyst,27/04/1981,21/03/2018,,White Collar,Fixed Term,Full Time,Flex and Fixed,Active,High,Male,41,"4 Years, 8 Months",4,42341.29,1,0.57,0.7,0.89,3,1,0,0,0,50406.3,0
2235,15713655,Calabrese,Inside Sales Executive/ Account Manager,23/02/1991,31/01/2002,04/03/2017,White Collar,Fixed Term,Full Time,Flex and Fixed,Voluntarily Terminated,Low,Female,32,"15 Years, 1 Months",15,35046.86,2,0.12,0.24,0.64,2,1,1,1,1,35762.1,1
2236,15633930,Yobachukwu,Data Analyst,07/07/1978,05/07/2021,02/05/2022,White Collar,Fixed Term,Full Time,Flex and Fixed,Voluntarily Terminated,Low,Female,44,"1  Years, 5 Months",1,48421.34,2,0.29,0.15,0.74,4,1,0,1,0,50438.9,1
2237,15712849,Tung,Account Manager ,12/06/1997,13/05/2009,23/01/2022,White Collar,Fixed Term,Full Time,Fixed,Voluntarily Terminated,High,Male,25,"12 Years, 8 Months",12,34399.61,1,0.17,0.39,0.36,1,1,0,0,0,36909.45,1
2238,15639077,Marchesi,Perishable Warehouse Specialist - Air Logistics,02/09/1979,12/08/2016,28/05/2017,Blue Collar,Fixed Term,Full Time,Fixed,Voluntarily Terminated,High,Female,43,"0 Years, 9 Months",0,32212.6,1,0.38,0.4,0.72,0,0,0,1,0,32212.6,1
2239,15808784,Hess,Accountant,09/02/1975,01/10/2012,,White Collar,Fixed Term,Full Time,Fixed,Active,High,Male,48,"10  Years, 2 Months",10,26479.31,3,0.27,0.7,0.61,4,1,1,1,1,32690.5,0
2240,15648577,Pickering,National Perishable Air Logistics Development Manager Seafood,18/04/1988,10/03/2009,14/01/2017,White Collar,Fixed Term,Full Time,Flex and Fixed,Voluntarily Terminated,Low,Female,34,"7 Years, 10 Months",7,33832.58,2,0.3,0.72,0.93,1,1,1,1,1,36301.05,1
2241,15670345,Mazzi,Apprentice,05/08/2004,28/02/2022,,Blue Collar,Apprentice,Full Time,Fixed,Active,Medium,Female,18,"0 Years, 9 Months",0,21406.3,4,0.26,0.61,0.97,0,0,0,1,0,21406.3,0
2242,15633112,Madukaego,Human Resoruces Coordinator,29/10/1961,29/05/1985,17/06/2015,White Collar,Fixed Term,Full Time,Fixed,Voluntarily Terminated,High,Male,61,"30 Years, 0 Months",30,34424.77,2,0.58,0.25,1,3,0,0,1,1,35489.45,1
2243,15714397,Trentino,Human Resoruces Coordinator,25/09/1981,05/01/1985,,White Collar,Fixed Term,Full Time,Fixed,Active,Medium,Female,41,"37 Years, 11 Months",37,29012.18,4,0.26,0.7,0.59,1,0,1,1,1,32235.75,0
2244,15780038,Paterson,Data Engineer,26/12/1961,15/12/2007,18/11/2017,White Collar,Fixed Term,Full Time,Flex and Fixed,Voluntarily Terminated,Medium,Male,61,"9 Years, 11 Months",9,62982.04,2,0.18,0.92,0.49,2,1,0,1,0,71570.5,1
2245,15756305,Marchesi,Senior DevOps Engineer,04/02/1980,21/09/2019,,White Collar,Fixed Term,Full Time,Flex and Fixed,Active,High,Female,43,"3 Years, 2 Months",3,65964.39,2,0.46,0.72,0.56,2,1,1,1,1,70929.45,0
2246,15578799,Anayolisa,Warehouse Specialist - Air Logistics,30/12/1982,17/08/2020,24/06/2021,Blue Collar,Fixed Term,Full Time,Fixed,Voluntarily Terminated,Medium,Female,40,"0 Years, 10 Months",0,25655.75,4,0.27,0.53,0.75,0,0,1,1,1,25655.75,1
2247,15800326,Poole,BI Developer,02/01/1981,02/04/2011,,White Collar,Fixed Term,Full Time,Flex and Fixed,Active,High,Female,42,"11 Years, 8 Months",11,56475.26,1,0.98,0.67,0.85,1,1,0,1,0,58828.4,0
2248,15785485,Zhou,Customer Servce Administrative Officer,02/11/1958,22/11/2005,,Blue Collar,Fixed Term,Full Time,Fixed,Active,High,Female,64,"17 Years, 0 Months",17,25905.23,2,0.42,0.78,0.8,1,0,1,0,1,33643.15,0
2249,15783958,Bates,Customer Care Specialist-Key Accounts,26/11/1980,04/07/1990,,White Collar,Fixed Term,Full Time,Fixed,Active,Low,Female,42,"32 Years, 5 Months",32,28704.03,2,0.65,0.53,0.75,1,0,0,0,0,33769.45,0
2250,15727546,Olejuru,Sea Logiscitcs Customer Care Specialist ,01/07/1997,19/04/2015,,Blue Collar,Fixed Term,Full Time,Fixed,Active,High,Male,25,"7 Years, 7 Months",7,33565.46,3,0.3,0.9,0.48,2,0,1,1,1,36484.2,0
2251,15739576,Bustard,Customer Brokerage Specialist,28/01/1989,11/03/2012,,Blue Collar,Fixed Term,Full Time,Fixed,Active,Low,Male,34,"10  Years, 9 Months",10,29912.82,1,0.29,0.16,0.9,2,1,1,1,1,35610.5,0
2252,15631333,Wade,Inside Sales Executive/ Account Manager,29/08/1988,16/01/2015,,White Collar,Fixed Term,Full Time,Flex and Fixed,Active,Low,Female,34,"7 Years, 11 Months",7,33613.13,2,0.43,0.62,0.38,2,1,0,1,0,36143.15,0
2253,15604782,Tan,Gateway & Procurement Specialist - Air Logistics,28/05/1956,20/03/1989,,Blue Collar,Fixed Term,Full Time,Fixed,Active,High,Female,66,"33 Years, 8 Months",33,18686.09,4,0.26,0.62,0.98,3,0,1,0,1,33974.7,0
2254,15589643,Ngozichukwuka,Sales Account Manager,24/12/1985,08/01/1985,,White Collar,Fixed Term,Full Time,Fixed,Active,High,Female,37,"37 Years, 11 Months",37,32960.84,1,0.58,0.22,0.52,3,1,1,1,1,36623.15,0
2255,15585533,Calabrese,BI Developer,04/08/1958,21/05/2013,,White Collar,Fixed Term,Full Time,Flex and Fixed,Active,High,Male,64,"9 Years, 6 Months",9,52396.51,4,1,0.91,0.82,2,1,1,0,0,62376.8,0
2256,15681506,Lane,Data Analyst,29/10/1981,10/11/2007,,White Collar,Fixed Term,Full Time,Flex and Fixed,Active,Low,Male,41,"15 Years, 1 Months",15,44157.08,3,0.26,0.87,0.74,1,1,1,1,1,49614.7,0
2257,15630551,Forbes,Accounts Payable,23/06/1971,01/05/1998,,White Collar,Fixed Term,Full Time,Fixed,Active,Medium,Male,51,"24  Years, 7 Months",24,27857.06,3,0.9,0.95,0.69,3,1,1,1,1,35262.1,0
2258,15698349,Davy,Account Manager ,27/10/1969,13/03/1992,,White Collar,Fixed Term,Full Time,Fixed,Active,Low,Female,53,"30  Years, 9 Months",30,28911.86,4,0.95,0.99,0.75,5,1,1,1,1,35693.65,0
2259,15776631,Ma,Data Engineer,05/07/1981,03/07/1989,,White Collar,Fixed Term,Full Time,Flex and Fixed,Active,High,Female,41,"33 Years, 5 Months",33,60240.72,1,0.48,0.99,0.57,3,1,1,0,1,70047.35,0
2260,15762216,Barrera,National Air Logistics Gateway Trade Lane Specialist,21/03/1975,30/08/2020,,White Collar,Fixed Term,Full Time,Fixed,Active,Low,Female,47,"2 Years, 3 Months",2,31860.29,2,0.39,0.77,0.99,2,0,0,1,0,32510.5,0
2261,15623927,Alexander,Trucking Team Leader- Air Logistics,22/06/1986,01/07/1992,,White Collar,Fixed Term,Full Time,Fixed,Active,Medium,Male,36,"30 Years, 5 Months",30,37516.89,1,0.6,0.75,0.68,1,0,1,1,1,41227.35,0
2262,15681402,Ngozichukwuka,Road Logistics Sales Representative,09/06/2002,05/08/2020,,White Collar,Fixed Term,Full Time,Fixed,Active,Medium,Female,20,"2 Years, 4 Months",2,35240.75,3,0.84,0.83,0.54,2,0,1,1,1,35959.95,0
2263,15586264,Murray,Gateway & Procurement Team Leader- Air Logistics,30/03/1978,10/04/2014,28/03/2019,White Collar,Fixed Term,Full Time,Fixed,Voluntarily Terminated,High,Male,44,"4 Years, 11 Months",4,35002.07,2,0.3,0.61,0.39,3,0,0,1,1,41178.9,1
2264,15594685,Hall,Trucking Specialist - Air Logistics,07/09/1982,15/11/2013,,Blue Collar,Fixed Term,Full Time,Fixed,Active,Medium,Female,40,"9 Years, 1 Months",9,27370.7,1,0.82,0.91,0.97,1,0,0,0,0,33378.9,0
2265,15812945,Padovesi,Trucking Specialist - Air Logistics,19/04/1987,02/09/2016,,Blue Collar,Fixed Term,Full Time,Fixed,Active,Medium,Female,35,"6 Years, 3 Months",6,33838.97,1,0.65,0.47,0.64,1,0,1,1,1,35998.9,0
2266,15734628,Lysaght,Perishable Apprentice- Air Logistics,14/05/2003,15/07/2022,,Blue Collar,Apprentice,Full Time,Fixed,Active,Low,Female,19,"0 Years, 5 Months",0,21587.35,2,0.29,0.77,0.61,0,0,0,1,0,21587.35,0
2267,15629323,Kelechi,Perishable Operational Care Specialist - Air Logistics,08/11/1980,14/09/2011,03/06/2018,Blue Collar,Fixed Term,Full Time,Fixed,Voluntarily Terminated,High,Female,42,"6 Years, 8 Months",6,32661.19,2,0.58,0.55,0.51,1,0,0,1,0,35044.2,1
2268,15666823,Nebechi,Regional Air logistics Trainer Specialist,18/10/1983,09/03/2017,,White Collar,Fixed Term,Full Time,Fixed,Active,Medium,Male,39,"5 Years, 9 Months",5,34397.98,2,0.99,0.32,0.48,1,0,0,1,0,36208.4,0
2269,15777553,Hanson,Customer Servce Administrative Officer,20/03/1984,06/03/2017,21/07/2021,Blue Collar,Fixed Term,Full Time,Fixed,Voluntarily Terminated,Medium,Female,38,"4 Years, 4 Months",4,31140.95,1,0.24,0.96,0.67,2,0,0,1,0,32779.95,1
2270,15613097,Kao,Trucking Specialist - Air Logistics,26/05/1979,28/04/2015,,Blue Collar,Fixed Term,Full Time,Fixed,Active,Medium,Female,43,"7 Years, 7 Months",7,30672.2,3,0.86,0.72,0.79,2,0,1,0,1,34463.15,0
2271,15622217,Tu,Warehouse Specialist - Air Logistics,28/11/1979,23/10/2012,30/08/2017,Blue Collar,Fixed Term,Full Time,Fixed,Voluntarily Terminated,Medium,Female,43,"10  Years, 1 Months",10,21749.78,1,0.18,0.26,0.9,8,0,0,0,0,25892.6,1
2272,15703588,Palerma,Sales Specialist-Air Logitics ,26/06/2002,17/06/2021,,Blue Collar,Fixed Term,Full Time,Fixed,Active,High,Male,20,"1  Years, 6 Months",1,34240.52,3,0.28,0.61,0.55,0,0,0,1,0,34240.52,0
2273,15570835,Fallaci,Sea Logistics Pricing Coordinator,09/02/1982,03/03/2014,08/07/2018,White Collar,Fixed Term,Full Time,Fixed,Voluntarily Terminated,Low,Female,41,"4 Years, 4 Months",4,28983.86,1,0.44,0.41,0.88,3,0,1,1,1,31504.2,1
2274,15679299,Shen,National Perishable Air Logistics Development Manager Retail,03/09/1981,08/08/2016,,White Collar,Fixed Term,Full Time,Flex and Fixed,Active,Low,Female,41,"6 Years, 4 Months",6,35187.63,1,0.99,0.63,0.93,3,1,1,0,1,37433.65,0
2275,15808044,Ts'ui,Project Manager,15/09/1972,07/05/2022,,White Collar,Fixed Term,Full Time,Flex and Fixed,Active,Medium,Female,50,"0 Years, 7 Months",0,43369.45,3,0.8,0.92,0.92,0,1,0,1,0,43369.45,0
2276,15579208,Chikezie,Internal Trainer,28/11/1977,03/09/2013,,White Collar,Fixed Term,Full Time,Fixed,Active,High,Female,45,"9 Years, 3 Months",9,30496.68,4,0.81,0.94,0.74,3,0,1,1,1,35053.65,0
2277,15684951,He,Customer Care Specialist-Key Accounts,10/03/1988,22/05/2009,12/03/2016,White Collar,Fixed Term,Full Time,Fixed,Voluntarily Terminated,Low,Female,34,"6 Years, 9 Months",6,30514.4,2,0.59,0.79,0.72,3,0,0,1,0,32740.77,1
2278,15667620,Dreyer,Accountant,21/06/1974,15/05/2020,,White Collar,Fixed Term,Full Time,Fixed,Active,Medium,Female,48,"2 Years, 7 Months",2,32307.12,3,0.3,0.75,0.73,1,1,0,1,0,35896.8,0
2279,15582960,Short,Perishable Warehouse Specialist - Air Logistics,21/02/1997,13/12/2021,,Blue Collar,Fixed Term,Full Time,Fixed,Active,Medium,Female,26,"1 Years, 0 Months",1,35864.2,2,0.52,0.78,0.99,0,0,1,0,1,35864.2,0
2280,15590730,Hunt,Perishable Customer Care Team Leader - Air Logistics,25/04/1986,18/07/1992,,White Collar,Fixed Term,Full Time,Fixed,Active,High,Male,36,"30 Years, 5 Months",30,39260.73,2,0.27,0.96,0.45,1,0,0,1,0,42125.25,0
2281,15763747,Ricci,Data Engineer,14/09/1957,28/07/1990,,White Collar,Fixed Term,Full Time,Flex and Fixed,Active,Low,Male,65,"32 Years, 4 Months",32,39602.37,4,0.26,0.65,0.68,5,1,1,1,1,69477.85,0
2282,15778320,Teng,Customer Servce Administrative Officer,11/07/2000,13/12/2017,,Blue Collar,Fixed Term,Full Time,Fixed,Active,Low,Female,22,"5 Years, 0 Months",5,28547.96,2,0.45,0.18,0.94,1,0,0,0,0,31719.95,0
2283,15642787,Ijendu,Warehouse Shift Team Leader Healthcare- Air Logistics,21/01/1964,03/04/2000,,White Collar,Fixed Term,Full Time,Fixed,Active,High,Male,59,"22 Years, 8 Months",22,39640.56,3,0.36,0.94,0.51,1,0,0,0,0,43561.05,0
2284,15624633,Kibby,Java Software Engineer ,21/12/1978,05/09/2013,,White Collar,Fixed Term,Full Time,Flex and Fixed,Active,Medium,Male,44,"9 Years, 3 Months",9,61207.56,1,0.86,0.84,0.79,2,1,1,1,1,67261.05,0
2285,15766765,Obiuto,Accountant,09/10/1959,31/10/2003,,White Collar,Fixed Term,Full Time,Fixed,Active,Medium,Male,63,"19 Years, 1 Months",19,29778.62,1,0.91,0.67,0.54,1,1,0,1,0,33087.35,0
2286,15783615,Ramos,Sea Logiscitcs Customer Care Specialist ,26/02/1957,07/01/2005,12/03/2021,Blue Collar,Fixed Term,Full Time,Fixed,Voluntarily Terminated,Low,Male,66,"16 Years, 2 Months",16,27452.96,2,0.43,0.27,0.5,1,0,1,1,1,32682.1,1
2287,15640161,Calabrese,National Perishable Air Logistics Development Manager Seafood,29/01/1986,30/04/2021,,White Collar,Fixed Term,Full Time,Flex and Fixed,Active,High,Male,37,"1  Years, 7 Months",1,33440.22,2,0.6,0.56,0.64,1,1,0,0,0,35574.7,0
2288,15619889,Vasin,Pricing Analyst,11/06/1984,10/02/2018,,White Collar,Fixed Term,Part Time,Flex and Fixed,Active,Medium,Male,38,"4 Years, 10 Months",4,44472.38,3,0.3,0.29,0.56,1,1,0,1,0,50536.8,0
2289,15579166,Munro,Sales Specialist-Air Logitics ,03/05/2002,15/05/2017,,Blue Collar,Fixed Term,Full Time,Fixed,Active,Medium,Female,20,"5 Years, 7 Months",5,30641.8,3,0.94,0.47,0.9,1,0,1,1,0,33306.3,0
2290,15789097,Keeley,Technical Support Engineer,24/07/1991,21/08/2009,05/04/2015,White Collar,Fixed Term,Full Time,Flex and Fixed,Voluntarily Terminated,Low,Male,31,"5 Years, 7 Months",5,60508.4,2,0.42,0.4,0.69,0,1,1,0,1,60508.4,1
2291,15674880,Archer,Transport Controller,04/10/1956,08/03/1987,,Blue Collar,Fixed Term,Full Time,Fixed,Active,High,Male,66,"35 Years, 9 Months",35,16180.79,2,0.27,0.81,0.82,5,0,0,1,0,28387.35,0
2292,15778157,Murray,Forklift Operator,15/10/2001,25/12/2015,,Blue Collar,Fixed Term,Full Time,Fixed,Active,Medium,Male,21,"6 Years, 11 Months",6,25042.59,3,0.95,0.96,0.99,2,0,0,1,0,26641.05,0
2293,15779064,Chidiegwu,Accounting Coordinator,12/10/1978,05/04/2017,,White Collar,Fixed Term,Full Time,Fixed,Active,Medium,Male,44,"5 Years, 8 Months",5,31918.93,1,0.28,0.99,0.75,2,1,1,1,1,35075.75,0
2294,15801265,Tang,Regional Air logistics Trainer Specialist,07/02/1976,09/07/2014,02/02/2020,White Collar,Fixed Term,Full Time,Fixed,Voluntarily Terminated,Low,Female,47,"5 Years, 6 Months",5,32352.03,1,0.28,0.75,0.77,2,0,0,1,1,35165.25,1
2295,15589204,Farrar,Revenue Care Specialist- Air Logistics,20/02/1991,22/04/2015,,White Collar,Fixed Term,Full Time,Fixed,Active,Low,Male,32,"7 Years, 7 Months",7,36279.14,1,0.81,0.75,0.74,1,1,0,1,0,43189.45,0
2296,15664543,Shaw,Sales Specialist-Air Logitics ,04/04/2002,06/04/2017,09/05/2018,Blue Collar,Fixed Term,Full Time,Fixed,Voluntarily Terminated,High,Male,20,"1 Years, 1 Months",1,35088.4,4,0.26,0.42,0.86,0,0,1,0,1,35088.4,1
2297,15582714,Napolitani,Trucking Team Leader- Air Logistics,28/12/1990,18/05/2012,10/10/2017,White Collar,Fixed Term,Full Time,Fixed,Voluntarily Terminated,Low,Male,32,"10  Years, 7 Months",10,40722.48,2,0.29,0.52,0.53,2,0,1,0,1,43693.65,1
2298,15797595,Greenhalgh,Inside Sales Executive/ Account Manager,27/09/1961,18/07/2001,,White Collar,Fixed Term,Full Time,Flex and Fixed,Active,High,Female,61,"21 Years, 5 Months",21,33981.18,4,0.59,0.98,0.74,2,1,1,1,1,36538.9,0
2299,15614034,Martin,Warehouse Specialist - Air Logistics,30/07/1973,27/09/2012,,Blue Collar,Fixed Term,Full Time,Fixed,Active,Medium,Male,49,"10  Years, 2 Months",10,23975.01,2,0.29,0.6,0.64,1,0,1,1,1,26638.9,0
2300,15763171,Hu,Transport Controller,30/12/1990,13/09/2012,,Blue Collar,Fixed Term,Full Time,Fixed,Active,High,Female,32,"10  Years, 3 Months",10,23966,1,0.28,0.38,0.44,1,0,1,1,1,28874.7,0
2301,15647266,Y?an,Senior DevOps Engineer,13/06/1985,01/02/1987,,White Collar,Fixed Term,Full Time,Flex and Fixed,Active,High,Female,37,"35 Years, 10 Months",35,61586.82,4,0.29,0.51,0.41,2,1,0,1,0,70789.45,0
2302,15757577,Odili,Human Resoruces Coordinator,16/02/1984,24/11/2018,,White Collar,Fixed Term,Full Time,Fixed,Active,Medium,Female,39,"4 Years, 0 Months",4,31457.34,3,0.6,0.91,0.61,1,0,1,1,1,33465.25,0
2303,15736656,H?,Customer Care Specialist-Key Accounts,14/09/1994,07/06/2016,,White Collar,Fixed Term,Full Time,Fixed,Active,High,Female,28,"6 Years, 6 Months",6,29270.65,4,0.36,0.56,0.62,2,0,1,0,1,33262.1,0
2304,15635078,Chiemela,Accounts Payable,18/10/1997,28/02/2021,,White Collar,Fixed Term,Full Time,Fixed,Active,High,Male,25,"1  Years, 9 Months",1,34912.66,2,0.28,0.58,0.69,1,1,1,0,1,36367.35,0
2305,15680141,Yuan,National Perishable Air Logistics Development Manager Seafood,15/03/1959,22/01/2020,,White Collar,Fixed Term,Full Time,Flex and Fixed,Active,Low,Female,64,"2 Years, 10 Months",2,35019.99,3,0.27,0.51,0.53,1,1,1,1,1,36863.15,0
2306,15576945,Clements,Account Manager ,10/09/1987,22/12/2015,,White Collar,Fixed Term,Full Time,Fixed,Active,High,Male,35,"6 Years, 11 Months",6,31771.09,4,0.28,0.91,0.55,1,1,0,1,0,35697.85,0
2307,15602034,Kolesnikov,Gateway & Procurement Specialist - Air Logistics,25/01/1974,27/08/2021,,Blue Collar,Fixed Term,Full Time,Fixed,Active,High,Female,49,"1  Years, 3 Months",1,36425.25,4,0.3,0.8,0.98,0,0,0,1,0,36425.25,0
2308,15732020,Rutherford,Business Development Manager,28/10/1990,18/05/2012,,White Collar,Fixed Term,Full Time,Flex and Fixed,Active,Medium,Male,32,"10  Years, 7 Months",10,39871.42,4,0.47,0.55,0.83,1,1,1,0,1,48037.85,0
2309,15611029,Hsiung,Business Development Manager,13/07/1972,20/08/2017,,White Collar,Fixed Term,Full Time,Flex and Fixed,Active,Low,Female,50,"5 Years, 3 Months",5,43680.96,2,0.49,0.62,0.53,1,1,0,1,0,48001.05,0
2310,15621210,Angelo,Sea Logistics Pricing Coordinator,26/08/1980,25/03/2008,17/04/2019,White Collar,Fixed Term,Full Time,Fixed,Voluntarily Terminated,High,Male,42,"14  Years, 8 Months",14,29274.89,4,0.19,0.62,0.6,5,0,1,1,1,34441.05,1
2311,15569222,Mendes,Accounting Coordinator,25/04/1994,07/01/2019,,White Collar,Fixed Term,Full Time,Fixed,Active,Medium,Male,28,"3 Years, 11 Months",3,35227.3,4,0.44,0.87,0.58,1,1,1,1,1,36316.8,0
2312,15664639,McGregor,Senior DevOps Engineer,11/02/1986,05/01/1995,,White Collar,Fixed Term,Full Time,Flex and Fixed,Active,Low,Male,37,"27 Years, 11 Months",27,62968.88,3,0.27,0.65,0.5,2,1,0,0,0,70751.55,0
2313,15724223,Bronner,Road Logistics Sales Representative,21/08/2002,26/01/2020,09/08/2022,White Collar,Fixed Term,Full Time,Fixed,Voluntarily Terminated,Medium,Female,20,"2 Years, 6 Months",2,30782.51,2,0.28,0.51,0.64,2,0,0,0,0,32747.35,1
2314,15644621,Mironova,Recruiter,16/02/1957,06/09/1993,,White Collar,Fixed Term,Full Time,Fixed,Active,Medium,Female,66,"29 Years, 3 Months",29,26972.76,3,0.47,0.98,0.77,2,0,0,1,0,40257.85,0
2315,15756056,Ku,Apprentice,17/11/2001,08/05/2022,,Blue Collar,Apprentice,Full Time,Fixed,Active,High,Female,21,"0 Years, 7 Months",0,21395.75,3,0.45,0.13,0.43,0,0,0,1,0,21395.75,0
2316,15700353,Evans,Perishable Apprentice- Air Logistics,24/03/2003,02/04/2022,,Blue Collar,Apprentice,Full Time,Fixed,Active,Low,Female,19,"0 Years, 8 Months",0,23860.53,1,0.72,0.78,0.76,0,0,0,1,0,23860.53,0
2317,15624388,Henderson,Warehouse Quality Control Specialist - Air Logistics,01/11/1971,14/10/2015,06/09/2016,Blue Collar,Fixed Term,Full Time,Fixed,Voluntarily Terminated,High,Female,51,"0 Years, 10 Months",0,24671.55,2,0.3,0.6,0.98,0,0,1,1,1,24671.55,1
2318,15627212,Smith,Accounts Payable,29/03/1962,20/12/2001,,White Collar,Fixed Term,Full Time,Fixed,Active,High,Female,60,"20 Years, 11 Months",20,33049.4,1,0.98,0.68,0.69,1,1,1,1,0,34071.55,0
2319,15648005,Russell,Regional Air logistics Trainer Specialist,21/08/1959,26/04/2015,,White Collar,Fixed Term,Full Time,Fixed,Active,Low,Male,63,"7 Years, 7 Months",7,33638.53,2,0.69,0.55,0.84,1,0,1,1,1,34678.9,0
2320,15681446,Sun,Aerospace International Logistics Specialist,15/09/1958,15/03/2004,,Blue Collar,Fixed Term,Full Time,Fixed,Active,Medium,Female,64,"18 Years, 9 Months",18,26547.07,1,0.75,0.99,0.79,4,0,1,1,1,34034.7,0
2321,15775888,McDonald,Business Development Executive,05/12/1975,26/05/2012,,White Collar,Fixed Term,Full Time,Flex and Fixed,Active,Medium,Female,47,"10  Years, 6 Months",10,39696.3,4,0.27,0.92,0.68,3,0,1,1,1,42592.6,0
2322,15749019,Wong,Sales Account Manager,10/03/1964,18/02/1988,,White Collar,Fixed Term,Full Time,Fixed,Active,Medium,Male,59,"34  Years, 10 Months",34,26461.81,1,0.49,1,0.65,5,1,1,1,1,32270.5,0
2323,15709928,Niu,Inventory Clerk,24/05/2003,16/10/2022,,Blue Collar,Fixed Term,Full Time,Fixed,Active,Medium,Female,19,"0 Years, 2 Months",0,25111.55,1,0.3,0.77,0.93,0,0,0,1,0,25111.55,0
2324,15784676,Fanucci,National Air Logistics Pharma Compliance Specialist,12/04/1959,17/06/1994,,Blue Collar,Fixed Term,Full Time,Fixed,Active,High,Male,63,"28 Years, 6 Months",28,24198.65,4,0.28,0.86,0.7,2,0,0,1,0,35070.5,0
2325,15748116,Zetticci,Human Resoruces Coordinator,11/05/1994,25/07/2020,,White Collar,Fixed Term,Full Time,Fixed,Active,Medium,Female,28,"2 Years, 4 Months",2,30253.37,3,0.86,0.89,0.84,2,0,1,1,1,32530.5,0
2326,15612193,Hsia,National Perishable Air Logistics Development Manager Retail,26/07/1986,04/02/1991,,White Collar,Fixed Term,Full Time,Flex and Fixed,Active,Low,Male,36,"31 Years, 10 Months",31,30709.87,2,0.26,0.58,0.55,1,1,0,1,0,32950.5,0
2327,15762984,McIntosh,Inside Sales Executive/ Account Manager,16/10/1956,19/11/2001,,White Collar,Fixed Term,Full Time,Flex and Fixed,Active,Low,Male,66,"21 Years, 0 Months",21,27171.25,1,0.95,0.56,0.66,1,1,0,0,0,37737.85,0
2328,15613713,Kozlova,Business Development Manager,27/06/1973,09/09/2014,,White Collar,Fixed Term,Full Time,Flex and Fixed,Active,Medium,Male,49,"8 Years, 3 Months",8,40512.74,3,0.87,0.38,0.64,2,1,1,1,0,48229.45,0
2329,15664204,Meany,National Air Logistics Pharma Compliance Specialist,10/09/1997,01/06/2017,,Blue Collar,Fixed Term,Full Time,Fixed,Active,Low,Male,25,"5 Years, 6 Months",5,33693.98,1,0.36,0.62,0.64,2,0,1,1,1,35467.35,0
2330,15639415,Thompson,Operations Specialist,04/05/1985,19/03/1998,,Blue Collar,Fixed Term,Full Time,Fixed,Active,Medium,Male,37,"24 Years, 8 Months",24,32893.04,1,0.53,0.66,0.77,1,0,0,1,0,34992.6,0
2331,15806332,Le Gallienne,Technical Support Engineer,09/05/1962,17/03/1993,,White Collar,Fixed Term,Full Time,Flex and Fixed,Active,Medium,Female,60,"29  Years, 9 Months",29,57600,1,0.87,0.3,0.44,1,1,1,1,1,60000,0
2332,15614929,Cheng,Java Software Engineer ,17/07/1981,26/09/2018,,White Collar,Fixed Term,Full Time,Flex and Fixed,Active,Medium,Male,41,"4 Years, 2 Months",4,62653.63,3,0.3,0.82,0.83,3,1,0,1,0,65264.2,0
2333,15695492,P'eng,BI Developer,06/07/1969,29/11/2010,,White Collar,Fixed Term,Full Time,Flex and Fixed,Active,Low,Female,53,"12 Years, 0 Months",12,63986.75,2,0.26,0.96,0.68,1,1,0,1,0,65292.6,0
2334,15635972,Lloyd,Transport Controller,27/11/1971,19/03/2014,,Blue Collar,Fixed Term,Full Time,Fixed,Active,High,Male,51,"8 Years, 8 Months",8,23534.11,4,0.89,0.66,0.95,1,0,0,1,0,28016.8,0
2335,15616380,Wheeler,Technical Support Engineer,23/09/1987,03/03/2021,,White Collar,Fixed Term,Full Time,Flex and Fixed,Active,Low,Female,35,"1  Years, 9 Months",1,61491.55,2,0.45,0.79,0.5,0,1,0,0,0,61491.55,0
2336,15581440,Christie,National Air Logistics Transport & QSHE Manager,05/10/1986,24/04/2007,01/06/2016,White Collar,Fixed Term,Full Time,Flex and Fixed,Voluntarily Terminated,Medium,Female,36,"9 Years, 1 Months",9,66426.46,4,0.27,0.28,0.77,1,1,1,1,1,67782.1,1
2337,15654390,He,Perishable Warehouse Specialist - Air Logistics,02/10/1996,12/10/2014,30/10/2015,Blue Collar,Fixed Term,Full Time,Fixed,Voluntarily Terminated,Medium,Male,26,"1 Years, 0 Months",1,32969.23,2,0.18,0.59,0.65,1,0,0,1,1,35073.65,1
2338,15660688,King,National Perishable Air Logistics Development Manager Retail,08/06/1984,06/02/2000,,White Collar,Fixed Term,Full Time,Flex and Fixed,Active,Low,Female,38,"22  Years, 10 Months",22,35742.99,3,0.3,0.57,0.48,1,1,0,0,0,37624.2,0
2339,15806307,Favors,National Perishable Air Logistics Development Manager Seafood,08/09/1973,02/09/2019,,White Collar,Fixed Term,Full Time,Flex and Fixed,Active,Medium,Male,49,"3 Years, 3 Months",3,35123.64,1,0.83,0.64,0.53,2,1,1,1,1,37767.35,0
2340,15647975,Vida,Software Engineer,14/05/1977,24/08/2018,,White Collar,Fixed Term,Full Time,Flex and Fixed,Active,High,Male,45,"4 Years, 3 Months",4,66341.21,4,0.6,0.14,0.51,1,1,0,0,0,70575.75,0
2341,15595728,Thomas,National Perishable Air Logistics Development Manager Retail,02/09/1955,04/07/1983,04/01/2021,White Collar,Fixed Term,Full Time,Flex and Fixed,Voluntarily Terminated,High,Male,67,"37 Years, 6 Months",37,21265.46,1,0.45,0.48,0.55,1,1,0,0,0,36043.15,1
2342,15735388,Wayn,Human Resoruces Coordinator,07/06/1985,17/05/2013,,White Collar,Fixed Term,Full Time,Fixed,Active,High,Female,37,"9 Years, 7 Months",9,26049.76,4,0.49,0.78,1,3,0,0,1,0,31385.25,0
2343,15788535,Tan,Java Software Engineer ,27/08/1986,03/06/2019,,White Collar,Fixed Term,Full Time,Flex and Fixed,Active,Low,Male,36,"3 Years, 6 Months",3,60045,3,0.83,0.96,0.62,1,1,0,1,0,65266.3,0
2344,15765902,Gibson,National Perishable Air Logistics Development Manager Retail,22/11/1980,11/09/2018,,White Collar,Fixed Term,Full Time,Flex and Fixed,Active,High,Male,42,"4 Years, 3 Months",4,29340.01,3,0.47,0.82,0.97,1,1,1,1,1,32966.3,0
2345,15642345,Y?,Customer Servce Administrative Officer,18/10/1979,22/09/2009,07/09/2019,Blue Collar,Fixed Term,Full Time,Fixed,Voluntarily Terminated,Medium,Female,43,"9 Years, 11 Months",9,32081.4,2,0.28,0.94,0.9,2,0,0,1,0,34422.1,1
2346,15641250,Calabresi,Human Resoruces Coordinator,28/10/1975,25/01/2018,,White Collar,Fixed Term,Full Time,Fixed,Active,High,Male,47,"4 Years, 10 Months",4,32468.72,3,0.99,0.95,0.66,2,0,0,1,0,34912.6,0
2347,15706163,Enyinnaya,IT System Engineer,01/07/1971,07/11/2009,06/10/2014,White Collar,Fixed Term,Full Time,Flex and Fixed,Voluntarily Terminated,Low,Male,51,"13  Years, 1 Months",13,61729.76,2,0.12,0.59,0.43,2,1,0,0,0,66233.65,1
2348,15746708,Ritchie,Cloud Service Analyst,05/09/1987,22/07/2006,23/07/2015,White Collar,Fixed Term,Full Time,Flex and Fixed,Voluntarily Terminated,Low,Male,35,"9 Years, 0 Months",9,51752.32,2,0.18,0.69,0.89,1,1,0,1,0,58809.45,1
2349,15775203,Chia,Trucking Team Leader- Air Logistics,10/10/1981,05/10/2022,,White Collar,Fixed Term,Full Time,Fixed,Active,High,Male,41,"0 Years, 2 Months",0,40186.3,4,0.28,0.74,0.72,0,0,0,0,0,40186.3,0
2350,15787907,Wang,Human Resoruces Coordinator,30/08/1989,03/08/2013,12/10/2020,White Collar,Fixed Term,Full Time,Fixed,Voluntarily Terminated,Medium,Female,33,"7 Years, 2 Months",7,32727.42,2,0.42,0.67,0.67,2,0,0,1,0,35964.2,1
2351,15646764,Lorenzo,Perishable Customer Care Team Leader - Air Logistics,25/06/1984,11/06/2008,15/07/2021,White Collar,Fixed Term,Full Time,Fixed,Voluntarily Terminated,Medium,Female,38,"13 Years, 1 Months",13,32469.07,1,0.28,0.83,0.52,4,0,0,1,0,38653.65,1
2352,15678284,Pai,Sales Account Manager,23/11/1981,26/02/2016,27/03/2020,White Collar,Fixed Term,Full Time,Fixed,Voluntarily Terminated,Medium,Male,41,"4 Years, 1 Months",4,30106.7,2,0.28,0.43,0.85,1,1,0,1,0,32028.4,1
2353,15726791,Nuttall,Account Manager ,21/05/1980,19/03/1994,25/07/2022,White Collar,Fixed Term,Full Time,Fixed,Voluntarily Terminated,Medium,Female,42,"28 Years, 4 Months",28,32766.29,2,0.28,0.54,0.73,2,1,1,1,1,34131.55,1
2354,15813144,Osborne,Network Engineer,02/04/1985,11/11/2014,,White Collar,Fixed Term,Full Time,Flex and Fixed,Active,Low,Female,37,"8  Years, 1 Months",8,66921.99,1,0.48,0.89,0.83,1,1,0,1,0,70444.2,0
2355,15669342,Ferri,Regional Air logistics Trainer Specialist,14/01/1986,18/11/1996,,White Collar,Fixed Term,Full Time,Fixed,Active,Medium,Male,37,"26  Years, 1 Months",26,28025.24,4,0.3,0.79,0.74,1,0,0,1,0,35031.55,0
2356,15710366,Hamilton,Cloud Service Analyst,09/01/1987,28/11/2021,,White Collar,Fixed Term,Full Time,Flex and Fixed,Active,High,Female,36,"1  Years, 0 Months",1,58793.65,3,0.59,0.46,0.58,0,1,1,1,0,58793.65,0
2357,15614934,McEwan,Java Software Engineer ,22/03/1981,07/08/2012,,White Collar,Fixed Term,Full Time,Flex and Fixed,Active,Low,Female,41,"10  Years, 4 Months",10,65603.95,1,0.81,0.99,0.93,2,1,0,1,0,70390.5,0
2358,15588701,Lai,National Air Logistics Pharma Compliance Specialist,18/08/1980,23/09/2009,,Blue Collar,Fixed Term,Full Time,Fixed,Active,High,Female,42,"13 Years, 2 Months",13,30790.83,3,0.74,0.75,0.9,4,0,0,1,0,36655.75,0
2359,15665438,Hs?,Java Software Engineer ,12/04/1981,19/08/2016,,White Collar,Fixed Term,Full Time,Flex and Fixed,Active,Medium,Male,41,"6 Years, 3 Months",6,58214.65,4,0.39,0.93,0.82,2,1,1,0,1,69303.15,0
2360,15644896,Thompson,Recruiter,09/12/1959,19/12/1987,,White Collar,Fixed Term,Full Time,Fixed,Active,Medium,Male,63,"34 Years, 11 Months",34,35558.51,4,0.27,0.65,0.6,2,0,1,1,1,39509.45,0
2361,15670205,Boyd,National Air Logistics Gateway Trade Lane Specialist,25/12/1979,11/07/2014,,White Collar,Fixed Term,Full Time,Fixed,Active,Low,Female,43,"8 Years, 5 Months",8,27640.41,1,0.57,0.19,0.63,2,0,0,1,0,32905.25,0
2362,15635776,Trevisani,Java Software Engineer ,16/05/1962,14/03/2016,,White Collar,Fixed Term,Full Time,Flex and Fixed,Active,Medium,Female,60,"6 Years, 9 Months",6,65095.29,4,0.27,0.48,0.61,2,1,1,1,1,70755.75,0
2363,15791053,Lucciano,Operations Specialist,22/03/1990,16/05/2011,01/07/2014,Blue Collar,Fixed Term,Full Time,Fixed,Voluntarily Terminated,Medium,Male,32,"3 Years, 1 Months",3,33018.62,2,0.16,0.29,0.64,2,0,1,1,1,36687.35,1
2364,15644005,Holman,Material Handler ,25/02/2003,01/07/2020,,Blue Collar,Fixed Term,Full Time,Fixed,Active,High,Female,20,"2 Years, 5 Months",2,25165.89,3,0.73,0.92,0.77,1,0,1,0,1,27962.1,0
2365,15796343,Bazhenov,Apprentice,21/06/2004,26/11/2021,,Blue Collar,Apprentice,Full Time,Fixed,Active,Medium,Female,18,"1  Years, 0 Months",1,22632.6,3,0.82,0.84,0.54,0,0,0,1,0,22632.6,0
2366,15751057,Douglas,Project Manager,17/11/1984,13/07/2019,,White Collar,Fixed Term,Full Time,Flex and Fixed,Active,High,Male,38,"3 Years, 5 Months",3,39947.87,2,0.9,0.37,0.63,1,1,0,0,0,44885.25,0
2367,15623430,Hill,Customer Care Specialist-Key Accounts,22/11/1961,10/05/1986,,White Collar,Fixed Term,Full Time,Fixed,Active,High,Male,61,"36 Years, 7 Months",36,31867.99,1,0.3,0.22,0.74,1,0,0,1,0,33545.25,0
2368,15682600,Lo,Material Handler ,15/08/2002,12/06/2009,07/02/2020,Blue Collar,Fixed Term,Full Time,Fixed,Voluntarily Terminated,Low,Male,20,"10 Years, 7 Months",10,26452.12,1,0.11,0.64,0.54,2,0,0,1,0,28382.1,1
2369,15769312,Forbes,National Air Logistics Gateway Trade Lane Specialist,22/09/1989,10/01/2020,,White Collar,Fixed Term,Full Time,Fixed,Active,Low,Male,33,"2 Years, 11 Months",2,31525.67,2,0.88,0.72,0.88,1,0,1,1,1,35422.1,0
2370,15708212,Lin,Operations Specialist,02/02/1999,18/10/2019,22/05/2021,Blue Collar,Fixed Term,Full Time,Fixed,Voluntarily Terminated,Medium,Female,24,"1 Years, 7 Months",1,34963.15,2,0.15,0.48,0.69,0,0,0,1,0,34963.15,1
2371,15650258,Sinclair,National Air Logistics Pharma Compliance Specialist,16/03/1980,06/10/1989,,Blue Collar,Fixed Term,Full Time,Fixed,Active,Low,Female,42,"33 Years, 2 Months",33,30299.76,2,0.92,0.12,0.55,1,0,0,1,0,34431.55,0
2372,15604345,Kemp,Warehouse Quality Control Specialist - Air Logistics,27/07/1962,13/07/2007,,Blue Collar,Fixed Term,Full Time,Fixed,Active,High,Female,60,"15 Years, 5 Months",15,25013.73,1,0.94,0.78,0.98,1,0,1,1,1,25787.35,0
2373,15578297,Ebelegbulam,Human resources Manager,05/07/1983,13/02/2007,26/12/2016,White Collar,Fixed Term,Full Time,Flex and Fixed,Voluntarily Terminated,High,Female,39,"15  Years, 10 Months",15,72072.03,1,0.09,0.71,0.74,2,1,0,1,0,77330.5,1
2374,15671789,Woods,Stock Investigator & Analyst,12/06/1973,15/09/2015,,White Collar,Fixed Term,Full Time,Flex and Fixed,Active,Medium,Male,49,"7 Years, 3 Months",7,42591.96,4,0.86,0.38,0.69,1,1,0,1,0,48399.95,0
2375,15726186,Genovese,Business Development Executive,06/09/1956,25/09/2004,,White Collar,Fixed Term,Full Time,Flex and Fixed,Active,Low,Male,66,"18 Years, 2 Months",18,30592.77,3,0.26,0.57,0.85,4,0,0,1,0,40253.65,0
2376,15764618,Tseng,Software Engineer,20/09/1955,11/02/1988,,White Collar,Fixed Term,Full Time,Flex and Fixed,Active,Medium,Female,67,"34 Years, 10 Months",34,42895.51,4,0.27,0.72,0.51,2,1,1,1,0,69186.3,0
2377,15730738,Chiang,Customer Care Specialist-Key Accounts,15/10/1980,18/11/1993,,White Collar,Fixed Term,Full Time,Fixed,Active,Low,Male,42,"29 Years, 1 Months",29,32201.93,2,0.84,0.6,0.57,1,0,1,1,1,35002.1,0
2378,15637650,Williams,National Air Logistics Pharma Compliance Specialist,05/10/1989,15/12/2014,,Blue Collar,Fixed Term,Full Time,Fixed,Active,Medium,Male,33,"8 Years, 0 Months",8,32323.92,3,0.5,0.61,0.55,3,0,1,0,1,35134.7,0
2379,15606267,Wilson,Customer Care Specialist-Key Accounts,04/08/1986,09/03/2016,,White Collar,Fixed Term,Full Time,Fixed,Active,Low,Female,36,"6 Years, 9 Months",6,30827.02,3,0.27,0.67,0.64,1,0,1,1,1,32794.7,0
2380,15625904,Wang,Customer Brokerage Specialist,16/07/1988,29/04/2014,,Blue Collar,Fixed Term,Full Time,Fixed,Active,Low,Male,34,"8 Years, 7 Months",8,31174.39,2,0.44,0.97,0.97,2,1,0,0,0,36675.75,0
2381,15654463,Moore,Accounting Coordinator,23/07/1999,09/02/2018,,White Collar,Fixed Term,Full Time,Fixed,Active,Low,Male,23,"4 Years, 10 Months",4,33301.89,2,0.26,0.22,0.6,1,1,0,1,0,37417.85,0
2382,15774151,Iadanza,National Air Logistics Healthcare Manager ,13/01/1991,05/10/1995,11/06/2014,White Collar,Fixed Term,Full Time,Flex and Fixed,Voluntarily Terminated,Low,Female,32,"18 Years, 8 Months",18,64864.75,2,0.16,0.15,0.53,3,1,0,0,0,71279.95,1
2383,15693259,Wallace,Apprentice,06/06/2004,29/08/2022,,Blue Collar,Apprentice,Full Time,Fixed,Active,Medium,Male,18,"0 Years, 3 Months",0,21941.05,4,0.29,0.6,0.6,0,0,1,1,1,21941.05,0
2384,15642468,Clark,Network Engineer,11/03/1987,30/08/2016,,White Collar,Fixed Term,Full Time,Flex and Fixed,Active,Low,Male,35,"6 Years, 3 Months",6,62608.21,4,0.39,0.15,0.8,9,1,0,0,0,70346.3,0
2385,15758531,Y?,National Service Excellence Specialist- Air Logistics,08/06/1969,27/10/2017,,White Collar,Fixed Term,Full Time,Flex and Fixed,Active,Low,Female,53,"5 Years, 1 Months",5,32275.61,2,0.92,0.5,0.81,1,0,0,1,0,34335.75,0
2386,15728352,Yermakov,Project Coordinator,11/02/1985,28/09/2018,,White Collar,Fixed Term,Full Time,Fixed,Active,High,Male,38,"4 Years, 2 Months",4,31012.03,2,0.27,0.9,0.67,2,0,0,0,0,32304.2,0
2387,15637240,Wei,Apprentice,02/08/2001,26/07/2022,,Blue Collar,Apprentice,Full Time,Fixed,Active,High,Male,21,"0 Years, 4 Months",0,21461.05,2,0.27,0.84,0.51,0,0,0,1,0,21461.05,0
2388,15595588,Chukwunonso,Business Analyst,09/09/1981,10/03/2000,,White Collar,Fixed Term,Full Time,Flex and Fixed,Active,Low,Female,41,"22 Years, 9 Months",22,41961.36,1,0.28,0.74,0.78,1,1,1,0,1,49366.3,0
2389,15778395,McIntyre,Trucking Team Leader- Air Logistics,09/08/1985,21/05/2000,15/02/2017,White Collar,Fixed Term,Full Time,Fixed,Voluntarily Terminated,High,Male,37,"16 Years, 8 Months",16,40805.42,2,0.53,0.72,0.51,1,0,0,1,0,43876.8,1
2390,15711825,Ts'ai,Account Manager ,24/05/1980,13/11/2014,,White Collar,Fixed Term,Full Time,Fixed,Active,High,Female,42,"8 Years, 1 Months",8,30411.5,4,0.89,0.93,0.63,1,1,0,1,0,34955.75,0
2391,15599251,Chung,Analyst Programmer ,27/09/1984,26/02/2008,,White Collar,Fixed Term,Full Time,Flex and Fixed,Active,High,Male,38,"14 Years, 9 Months",14,59339.93,3,0.38,0.54,0.69,2,1,0,1,0,63669.45,0
2392,15570004,Tsou,Java Software Engineer ,26/10/1980,26/01/2007,,White Collar,Fixed Term,Full Time,Flex and Fixed,Active,High,Male,42,"15 Years, 10 Months",15,64075.1,2,0.81,0.87,0.65,1,1,0,1,0,66056.8,0
2393,15656912,Aitken,Account Manager ,26/06/1980,08/07/2013,,White Collar,Fixed Term,Full Time,Fixed,Active,Low,Male,42,"9 Years, 5 Months",9,27445.03,1,0.29,0.19,0.98,1,1,1,1,1,33066.3,0
2394,15657342,Dawson,Technical Support Engineer,09/06/1980,02/05/1986,,White Collar,Fixed Term,Full Time,Flex and Fixed,Active,High,Male,42,"36  Years, 7 Months",36,49214.26,4,0.81,0.33,0.4,3,1,0,1,0,58588.4,0
2395,15716284,Ward,Inventory Clerk,03/06/2003,19/07/2022,,Blue Collar,Fixed Term,Full Time,Fixed,Active,Medium,Male,19,"0 Years, 4 Months",0,27815.75,3,0.52,0.94,0.93,0,0,1,1,1,27815.75,0
2396,15672374,Pai,Senior DevOps Engineer,13/03/1985,28/10/2013,06/08/2022,White Collar,Fixed Term,Full Time,Flex and Fixed,Voluntarily Terminated,Medium,Male,37,"8 Years, 9 Months",8,57422.36,1,0.53,0.77,0.49,3,1,0,0,0,68359.95,1
2397,15732476,Ifeanyichukwu,National Air Logistics Pharma Compliance Specialist,04/05/1982,21/08/2021,,Blue Collar,Fixed Term,Full Time,Fixed,Active,Medium,Female,40,"1  Years, 3 Months",1,32691.97,3,0.27,0.48,0.82,1,0,1,0,1,34412.6,0
2398,15747724,Briggs,Sea Logiscitcs Customer Care Specialist ,01/11/1974,19/05/2014,,Blue Collar,Fixed Term,Full Time,Fixed,Active,Medium,Female,48,"8 Years, 6 Months",8,29630.07,3,0.28,0.7,0.74,1,0,0,1,0,34858.9,0
2399,15633877,Morrison,Sea Logiscitcs Customer Care Specialist ,07/10/1984,19/05/2014,,Blue Collar,Fixed Term,Full Time,Fixed,Active,High,Female,38,"8 Years, 6 Months",8,30903.26,3,0.84,0.54,0.93,2,0,1,1,1,33590.5,0
2400,15672516,Wall,Project Coordinator,26/10/1980,06/01/2012,,White Collar,Fixed Term,Full Time,Fixed,Active,High,Male,42,"10  Years, 11 Months",10,32554.25,3,0.89,0.61,0.98,2,0,0,1,0,34929.45,0
2401,15607827,Nebechukwu,Data Analyst,23/11/1962,07/09/1990,,White Collar,Fixed Term,Full Time,Flex and Fixed,Active,High,Male,60,"32 Years, 3 Months",32,41224.76,3,0.44,0.97,0.4,1,1,1,1,1,46319.95,0
2402,15751336,Yao,Senior DevOps Engineer,24/06/1981,01/08/1993,,White Collar,Fixed Term,Full Time,Flex and Fixed,Active,Low,Male,41,"29 Years, 4 Months",29,63922.1,3,0.8,0.6,0.85,1,1,1,0,1,69480.54,0
2403,15646539,Liao,Aerospace International Logistics Specialist,28/09/2000,07/06/2016,,Blue Collar,Fixed Term,Full Time,Fixed,Active,High,Male,22,"6 Years, 6 Months",6,32637.33,2,0.3,0.93,0.84,1,0,0,1,0,34720.56,0
2404,15756901,Ch'ang,IT-Support,12/12/1978,24/11/2013,,White Collar,Fixed Term,Part Time,Fixed,Active,Medium,Female,44,"9 Years, 0 Months",9,28715.61,2,0.67,0.48,0.69,2,0,1,0,1,34185.25,0
2405,15809286,Burke,Java Software Engineer ,06/04/1959,19/04/2020,17/05/2020,White Collar,Fixed Term,Part Time,Flex and Fixed,Voluntarily Terminated,High,Male,63,"0 Years, 0 Months",0,65604.2,1,0.22,0.16,0.76,0,1,0,0,1,65604.2,1
2406,15759021,Kay,National Air Logistics Pharma Compliance Specialist,17/07/1996,15/06/2022,,Blue Collar,Fixed Term,Part Time,Fixed,Active,Low,Male,26,"0 Years, 6 Months",0,36703.15,3,0.54,0.18,0.75,0,0,0,1,0,36703.15,0
2407,15725039,McIntyre,Customer Brokerage Specialist,02/08/1990,17/05/2015,,Blue Collar,Fixed Term,Part Time,Fixed,Active,Medium,Male,32,"7 Years, 7 Months",7,32822.66,2,0.42,0.84,0.75,1,1,1,1,0,35676.8,0
2408,15579130,Chidiegwu,Accounts Payable,27/03/1991,22/02/2019,29/05/2019,White Collar,Fixed Term,Part Time,Fixed,Voluntarily Terminated,Low,Female,31,"0 Years, 3 Months",0,37660.43,1,0.26,0.69,0.63,0,1,0,1,1,37660.43,1
2409,15754112,Musgrove,Trucking Team Leader- Air Logistics,21/01/1981,09/07/2006,,White Collar,Fixed Term,Part Time,Fixed,Active,High,Male,42,"16 Years, 5 Months",16,35377.36,1,0.27,0.22,0.88,2,0,1,1,1,38453.65,0
2410,15735522,Boulger,Aerospace International Logistics Specialist,21/04/1982,11/06/2012,,Blue Collar,Fixed Term,Part Time,Fixed,Active,Medium,Male,40,"10  Years, 6 Months",10,31255.56,4,0.27,0.83,0.52,1,0,0,0,0,34728.4,0
2411,15613326,Gow,Account Manager ,26/01/1961,07/02/2018,,White Collar,Fixed Term,Full Time,Fixed,Active,High,Female,62,"4  Years, 10 Months",4,31557.03,4,0.29,0.58,0.5,2,1,0,1,0,32201.05,0
2412,15739502,Amaechi,Customer Care Specialist-Key Accounts,23/12/1969,19/01/2013,,White Collar,Fixed Term,Full Time,Fixed,Active,High,Female,53,"9 Years, 10 Months",9,28022.64,3,1,0.61,0.62,2,0,1,1,1,33360.28,0
2413,15670914,Robe,Aerospace International Logistics Specialist,26/10/1986,02/09/2019,,Blue Collar,Fixed Term,Full Time,Fixed,Active,Low,Male,36,"3 Years, 3 Months",3,31086.56,3,0.58,0.67,0.5,2,0,0,1,0,34161.05,0
2414,15604073,Bibi,Accounting Coordinator,15/10/1981,01/08/2016,,White Collar,Fixed Term,Full Time,Fixed,Active,Medium,Female,41,"6 Years, 4 Months",6,29512.45,2,0.59,0.56,0.76,2,1,1,1,1,34316.8,0
2415,15806027,Niu,Business Analyst,01/04/1985,26/06/2014,08/03/2020,White Collar,Fixed Term,Full Time,Flex and Fixed,Voluntarily Terminated,High,Female,37,"5 Years, 8 Months",5,41426.63,2,0.44,0.44,0.74,2,1,0,1,1,48170.5,1
2416,15574886,Palerma,Customer Care Specialist-Key Accounts,02/08/1972,06/06/2012,,White Collar,Fixed Term,Full Time,Fixed,Active,Low,Male,50,"10  Years, 6 Months",10,32427.45,3,0.81,0.92,0.97,3,0,1,1,1,36030.5,0
2417,15707120,Cocci,National Service Excellence Specialist- Air Logistics,18/11/1989,11/07/2012,,White Collar,Fixed Term,Full Time,Flex and Fixed,Active,Low,Male,33,"10  Years, 5 Months",10,29372.6,1,0.38,0.81,0.68,2,0,0,1,0,36715.75,0
2418,15800845,Artemieva,Perishable Customer Care Team Leader - Air Logistics,11/09/1975,25/11/2006,,White Collar,Fixed Term,Full Time,Fixed,Active,Low,Female,47,"16 Years, 0 Months",16,32419.4,2,0.29,0.48,0.49,3,0,1,1,1,38140.47,0
2419,15603914,Arcuri,Revenue Care Specialist- Air Logistics,06/03/1976,30/11/2014,25/08/2021,White Collar,Fixed Term,Full Time,Fixed,Voluntarily Terminated,Medium,Male,47,"6 Years, 8 Months",6,35325.65,1,0.42,0.3,0.72,1,1,1,1,1,40604.2,1
2420,15722765,Owen,Perishable Customer Care Team Leader - Air Logistics,16/03/1960,01/07/2012,,White Collar,Fixed Term,Full Time,Fixed,Active,High,Female,62,"10  Years, 5 Months",10,39160,4,0.82,0.97,0.66,1,0,1,0,1,41221.05,0
2421,15783305,Franklin,Account Manager ,08/01/1995,21/08/2022,,White Collar,Fixed Term,Full Time,Fixed,Active,Medium,Female,28,"0 Years, 3 Months",0,37581.05,2,0.27,0.15,0.51,0,1,0,1,0,37581.05,0
2422,15574842,Lorenzo,Accountant,16/11/1974,23/11/2013,,White Collar,Fixed Term,Full Time,Fixed,Active,Low,Female,48,"9 Years, 0 Months",9,30664.85,1,0.28,0.69,0.76,3,1,1,1,1,35656.8,0
2423,15607837,Muriel,Operations Specialist,11/12/1996,06/11/2020,,Blue Collar,Fixed Term,Full Time,Fixed,Active,High,Female,26,"2 Years, 1 Months",2,32621.95,2,0.28,0.61,0.68,2,0,1,1,1,34704.2,0
2424,15714877,MacDevitt,Finance Analyst,12/03/1978,08/09/2013,,White Collar,Fixed Term,Full Time,Flex and Fixed,Active,High,Female,44,"9 Years, 3 Months",9,44572.44,1,0.48,0.86,0.58,2,1,0,1,0,50650.5,0
2425,15782941,Chijindum,Finance Analyst,20/10/1957,04/02/1985,,White Collar,Fixed Term,Full Time,Flex and Fixed,Active,Low,Male,65,"37  Years, 10 Months",37,29626.72,3,0.84,0.55,0.88,4,1,1,1,1,48568.4,0
2426,15630167,Gibson,Warehouse Quality Control Specialist - Air Logistics,28/06/1997,13/06/2012,,Blue Collar,Fixed Term,Part Time,Fixed,Active,Medium,Female,25,"10  Years, 6 Months",10,23127.44,3,0.4,0.9,0.74,2,0,1,1,1,28204.2,0
2427,15759038,Whitehead,Revenue Care Specialist- Air Logistics,09/01/1960,23/09/2009,,White Collar,Fixed Term,Full Time,Fixed,Active,Low,Female,63,"13  Years, 2 Months",13,41778.96,4,0.73,0.65,0.4,1,1,0,1,0,43977.85,0
2428,15661821,Johnstone,Sea Logistics Pricing Coordinator,23/01/1995,03/09/2012,04/10/2020,White Collar,Fixed Term,Full Time,Fixed,Voluntarily Terminated,Low,Female,28,"10  Years, 3 Months",10,28698.92,4,0.29,0.81,0.92,5,0,1,1,1,35873.65,1
2429,15728006,Endrizzi,Accounting Coordinator,15/12/1982,26/12/2017,,White Collar,Fixed Term,Full Time,Fixed,Active,Medium,Male,40,"4 Years, 11 Months",4,33833.75,2,0.3,0.65,0.86,1,1,0,1,0,37179.95,0
2430,15712176,Burke,IT-Support,25/09/1979,14/07/2015,,White Collar,Fixed Term,Full Time,Fixed,Active,Medium,Male,43,"7 Years, 5 Months",7,35309.55,2,0.51,0.47,0.86,2,0,1,1,1,38379.95,0
2431,15689351,Johnson,Business Development Executive,22/09/1989,19/01/2011,03/05/2017,White Collar,Fixed Term,Full Time,Flex and Fixed,Voluntarily Terminated,Medium,Female,33,"6 Years, 3 Months",6,37253.19,2,0.55,0.93,0.53,1,0,1,0,1,40492.6,1
2432,15782247,Yeh,Transport Controller,21/07/2001,29/04/2019,17/03/2020,Blue Collar,Fixed Term,Full Time,Fixed,Voluntarily Terminated,Low,Male,21,"0 Years, 10 Months",0,28634.7,2,0.41,0.77,0.9,0,0,1,1,1,28634.7,1
2433,15769064,Marshall,Warehouse Specialist - Air Logistics,19/11/1994,16/10/2019,04/01/2021,Blue Collar,Fixed Term,Full Time,Fixed,Voluntarily Terminated,Low,Male,28,"1 Years, 2 Months",1,28944.2,2,0.22,0.31,0.82,0,0,0,1,1,28944.2,1
2434,15718153,Kao,IT-Support,03/04/1992,14/07/2014,,White Collar,Fixed Term,Full Time,Fixed,Active,Medium,Female,30,"8 Years, 5 Months",8,35954.79,2,0.98,0.87,0.84,1,0,1,1,1,41327.35,0
2435,15613189,Browne,Transport Controller,05/08/1997,22/09/2014,14/11/2018,Blue Collar,Fixed Term,Full Time,Fixed,Voluntarily Terminated,High,Female,25,"4 Years, 1 Months",4,25974.96,2,0.16,0.65,0.75,3,0,0,1,1,28233.65,1
2436,15661734,Taylor,Project Coordinator,03/10/1959,26/11/2020,,White Collar,Fixed Term,Full Time,Fixed,Active,Medium,Male,63,"2 Years, 0 Months",2,28838.5,4,0.27,0.21,0.7,2,0,0,1,0,34331.55,0
2437,15592645,Gibbons,Perishable Operational Care Specialist - Air Logistics,03/12/1997,13/06/2021,,Blue Collar,Fixed Term,Full Time,Fixed,Active,Medium,Male,25,"1  Years, 6 Months",1,33146.37,4,0.29,0.75,0.59,1,0,0,0,0,35262.1,0
2438,15768387,Nott,Regional Air logistics Trainer Specialist,18/10/1979,19/09/2012,,White Collar,Fixed Term,Full Time,Fixed,Active,Medium,Male,43,"10  Years, 2 Months",10,28778.92,3,0.29,0.72,0.86,2,0,0,0,0,35973.65,0
2439,15792525,Lei,Trucking Specialist - Air Logistics,03/06/1971,09/07/2013,21/03/2016,Blue Collar,Fixed Term,Full Time,Fixed,Voluntarily Terminated,Medium,Female,51,"2 Years, 8 Months",2,29629.17,2,0.28,0.88,0.63,2,0,1,1,1,34857.85,1
2440,15586976,Alexeeva,Warehouse Quality Control Specialist - Air Logistics,13/10/1986,07/05/2008,30/12/2019,Blue Collar,Fixed Term,Full Time,Fixed,Voluntarily Terminated,Medium,Female,36,"11 Years, 7 Months",11,25126.67,2,0.26,0.66,0.58,1,0,0,1,0,26959.95,1
2441,15790659,Sheets,Software Engineer,16/03/1984,13/06/1998,,White Collar,Fixed Term,Full Time,Flex and Fixed,Active,Medium,Male,38,"24 Years, 6 Months",24,60974.17,1,0.37,0.8,0.75,3,1,1,0,0,70085.25,0
2442,15691446,Tokaryev,Accounting Coordinator,08/11/1997,12/08/2018,,White Collar,Fixed Term,Full Time,Fixed,Active,High,Male,25,"4 Years, 4 Months",4,30452.11,3,0.84,0.22,0.55,1,1,1,1,1,32744.2,0
2443,15772632,Ts'ui,Accounts Payable,21/02/1980,09/12/2012,,White Collar,Fixed Term,Full Time,Fixed,Active,High,Female,43,"10  Years, 0 Months",10,30629.5,4,0.88,0.92,0.69,4,1,0,1,0,36034.7,0
2444,15706587,Johnston,Customer Servce Administrative Officer,28/10/1991,22/06/2018,,Blue Collar,Fixed Term,Full Time,Fixed,Active,Low,Male,31,"4 Years, 5 Months",4,30290.53,1,0.45,0.54,0.77,1,0,1,0,1,33286.3,0
2445,15572461,Kung,Customer Servce Administrative Officer,09/10/1977,02/02/2015,,Blue Collar,Fixed Term,Full Time,Fixed,Active,High,Female,45,"7 Years, 10 Months",7,31093.89,4,0.28,0.91,0.56,1,0,0,0,0,36581.05,0
2446,15654409,Unwin,Transport Controller,20/06/2003,26/06/2022,,Blue Collar,Fixed Term,Full Time,Fixed,Active,High,Female,19,"0 Years, 5 Months",0,26660.93,4,0.27,0.77,0.83,0,0,1,1,1,26660.93,0
2447,15568025,Hsueh,Network Engineer,18/05/1956,25/04/2019,,White Collar,Fixed Term,Full Time,Flex and Fixed,Active,High,Male,66,"3 Years, 7 Months",3,59679.62,3,0.39,0.61,0.51,2,1,1,1,1,67055.75,0
2448,15715769,Hao,Cloud Service Analyst,03/08/1959,25/10/2019,,White Collar,Fixed Term,Full Time,Flex and Fixed,Active,High,Male,63,"3  Years, 1 Months",3,58355.99,3,0.26,0.48,0.9,1,1,1,0,1,62080.84,0
2449,15667458,L?,Apprentice,20/08/2004,29/09/2022,,Blue Collar,Apprentice,Full Time,Fixed,Active,High,Male,18,"0 Years, 2 Months",0,21773.65,3,0.26,0.25,0.69,0,0,0,1,0,21773.65,0
2450,15567980,Frater,Recruiter,01/06/1983,26/07/2012,12/12/2014,White Collar,Fixed Term,Full Time,Fixed,Voluntarily Terminated,Medium,Female,39,"10  Years, 4 Months",10,36402.62,2,0.3,0.45,0.7,3,0,1,0,1,40447.35,1
2451,15679294,Brennan,Operations Specialist,11/10/1994,26/10/2016,,Blue Collar,Fixed Term,Full Time,Fixed,Active,Medium,Female,28,"6 Years, 1 Months",6,28933.11,4,0.66,0.72,0.58,2,0,0,1,0,33643.15,0
2452,15606507,Pisani,Warehouse Quality Control Specialist - Air Logistics,27/07/1981,23/12/2017,,Blue Collar,Fixed Term,Full Time,Fixed,Active,High,Male,41,"4 Years, 11 Months",4,26409.02,1,0.66,0.77,0.71,1,0,0,1,0,28094.7,0
2453,15578825,Golubev,Transport Controller,28/07/2004,14/05/2021,,Blue Collar,Fixed Term,Full Time,Fixed,Active,High,Female,18,"1  Years, 7 Months",1,27334.7,2,0.3,0.41,0.4,0,0,0,1,0,27334.7,0
2454,15619935,Vanmeter,National Air Logistics Gateway Trade Lane Specialist,06/12/1981,20/08/2013,,White Collar,Fixed Term,Full Time,Fixed,Active,High,Female,41,"9 Years, 3 Months",9,28883.32,2,0.41,0.51,0.49,3,0,1,1,1,33585.25,0
2455,15636089,Hs?,National Perishable Air Logistics Development Manager Retail,14/03/1996,20/08/2018,,White Collar,Fixed Term,Full Time,Flex and Fixed,Active,Medium,Female,26,"4 Years, 3 Months",4,31849,2,0.99,0.72,0.79,2,1,0,0,0,34998.9,0
2456,15727490,Scott,National Perishable Air Logistics Development Manager Seafood,25/11/2000,02/08/2016,,White Collar,Fixed Term,Full Time,Flex and Fixed,Active,Low,Male,22,"6 Years, 4 Months",6,31095.15,4,0.3,0.47,0.57,2,1,1,0,0,33079.95,0
2457,15591766,Crawford,Project Manager,08/08/1990,24/07/2017,,White Collar,Fixed Term,Part Time,Flex and Fixed,Active,Medium,Female,32,"5 Years, 4 Months",5,38974.81,2,0.67,0.53,0.67,2,1,1,0,1,41908.4,0
2458,15641629,P'eng,Stock Investigator & Analyst,04/09/1981,20/10/2016,,White Collar,Fixed Term,Part Time,Flex and Fixed,Active,Low,Female,41,"6 Years, 1 Months",6,44374.22,3,0.58,0.65,0.52,2,1,1,0,1,50425.25,0
2459,15813303,Rearick,Material Handler ,26/11/2001,28/11/2016,,Blue Collar,Fixed Term,Part Time,Fixed,Active,Low,Male,21,"6 Years, 0 Months",6,22980.82,2,0.41,0.18,0.75,2,0,1,1,1,25253.65,0
2460,15756920,Genovesi,Accounts Payable,28/05/1984,26/04/2009,31/07/2015,White Collar,Fixed Term,Part Time,Fixed,Voluntarily Terminated,Low,Male,38,"6 Years, 3 Months",6,29741.67,2,0.39,0.61,0.48,2,1,0,0,0,33046.3,1
2461,15726403,Glenny,Inside Sales Executive/ Account Manager,08/12/1977,05/05/2021,10/02/2022,White Collar,Fixed Term,Part Time,Flex and Fixed,Voluntarily Terminated,Medium,Male,45,"1  Years, 7 Months",1,36508.4,2,0.27,0.86,0.72,0,1,0,1,0,36508.4,1
2462,15592765,Marks,Business Development Executive,11/11/1979,24/08/2016,,White Collar,Fixed Term,Part Time,Flex and Fixed,Active,High,Male,43,"6 Years, 3 Months",6,39635.34,1,0.43,0.14,0.77,1,0,1,1,1,42165.25,0
2463,15704442,Fleming,Customer Care Specialist-Key Accounts,05/11/1979,10/05/2021,24/11/2022,White Collar,Fixed Term,Part Time,Fixed,Voluntarily Terminated,Low,Female,43,"1  Years, 7 Months",1,33905.25,1,0.26,0.63,0.8,0,0,1,1,1,33905.25,1
2464,15641136,Davison,Data Analyst,21/02/1991,24/09/2016,,White Collar,Fixed Term,Part Time,Flex and Fixed,Active,Low,Male,32,"6 Years, 2 Months",6,44268.42,3,0.49,0.79,0.57,2,1,1,0,1,48117.85,0
2465,15725818,Chibuzo,Transport Controller,21/09/2004,20/03/2022,,Blue Collar,Fixed Term,Part Time,Fixed,Active,High,Male,18,"0 Years, 8 Months",0,28172.6,4,0.29,0.78,0.97,0,0,1,1,1,28172.6,0
2466,15612071,Wilson,Warehouse Specialist - Air Logistics,11/02/1959,08/07/2002,,Blue Collar,Fixed Term,Part Time,Fixed,Active,High,Female,64,"20 Years, 5 Months",20,19255.58,3,0.57,0.14,0.52,2,0,1,0,1,26021.05,0
2467,15719809,Endrizzi,Material Handler ,27/05/2004,01/10/2022,,Blue Collar,Fixed Term,Part Time,Fixed,Active,High,Male,18,"0 Years, 2 Months",0,24343.15,3,0.7,0.85,0.54,0,0,0,0,0,24343.15,0
2468,15716518,Yuryeva,Perishable Apprentice- Air Logistics,03/08/2004,18/01/2022,,Blue Collar,Apprentice,Part Time,Fixed,Active,Medium,Female,18,"0 Years, 11 Months",0,22829.45,4,0.26,0.85,0.75,0,0,0,1,0,22829.45,0
2469,15742210,Ugochukwu,National Service Excellence Specialist- Air Logistics,13/12/1997,03/12/2014,,White Collar,Fixed Term,Part Time,Flex and Fixed,Active,Low,Male,25,"8 Years, 0 Months",8,30350.36,4,0.55,0.91,0.76,1,0,1,1,1,35706.3,0
2470,15630617,Lo Duca,National Service Excellence Specialist- Air Logistics,21/08/1974,02/05/2013,11/09/2022,White Collar,Fixed Term,Part Time,Flex and Fixed,Voluntarily Terminated,High,Male,48,"9 Years, 4 Months",9,29810.07,2,0.3,0.32,0.74,2,0,1,1,1,35915.75,1
2471,15720838,Gallo,Apprentice,21/07/2003,03/09/2021,,Blue Collar,Apprentice,Part Time,Fixed,Active,Medium,Female,19,"1 Years, 3 Months",1,21133.65,3,0.27,0.62,0.72,0,0,1,1,1,21133.65,0
2472,15595537,Trout,Customer Brokerage Specialist,11/10/1981,03/06/2014,,Blue Collar,Fixed Term,Part Time,Fixed,Active,Low,Male,41,"8 Years, 6 Months",8,28683.24,2,0.29,0.53,0.69,3,1,0,1,0,33352.6,0
2473,15623196,Morley,Stock Investigator & Analyst,20/11/1978,18/11/2020,,White Collar,Fixed Term,Part Time,Flex and Fixed,Active,High,Male,44,"2 Years, 1 Months",2,43013.94,1,0.39,0.97,0.63,2,1,1,1,1,46251.55,0
2474,15679249,Chou,Transport Controller,14/04/1999,23/05/2019,12/09/2020,Blue Collar,Fixed Term,Part Time,Fixed,Voluntarily Terminated,High,Female,23,"1 Years, 3 Months",1,24931.55,2,0.08,0.48,0.53,0,0,0,1,0,24931.55,1
2475,15693199,Shao,Accounting Coordinator,04/05/1957,29/03/2010,14/02/2020,White Collar,Fixed Term,Part Time,Fixed,Voluntarily Terminated,High,Female,65,"9 Years, 10 Months",9,29567.21,2,0.23,0.5,0.55,2,1,0,1,0,35623.15,1
2476,15661219,Trentino,Perishable Operational Care Specialist - Air Logistics,12/10/1960,02/10/1990,,Blue Collar,Fixed Term,Part Time,Fixed,Active,Low,Male,62,"32 Years, 2 Months",32,31973.82,3,0.75,0.32,0.42,2,0,0,1,0,34014.7,0
2477,15617136,Mazzanti,Regional Air logistics Trainer Specialist,19/05/1978,30/07/2009,,White Collar,Fixed Term,Part Time,Fixed,Active,High,Female,44,"13  Years, 4 Months",13,33779.59,4,0.46,0.58,0.77,3,0,1,1,1,36244.2,0
2478,15760294,Endrizzi,National Perishable Air Logistics Development Manager Retail,26/10/1986,17/09/2002,23/09/2016,White Collar,Fixed Term,Part Time,Flex and Fixed,Voluntarily Terminated,High,Female,36,"14 Years, 0 Months",14,34474.59,3,0.28,0.2,0.83,2,1,0,1,0,37069.45,1
2479,15652808,Monaldo,Java Software Engineer ,14/05/1985,27/03/1985,,White Collar,Fixed Term,Part Time,Flex and Fixed,Active,Medium,Female,37,"37 Years, 8 Months",37,64134.84,1,0.27,0.48,0.84,2,1,0,1,0,70477.85,0
2480,15657139,Otutodilinna,Business Development Manager,04/07/1981,03/12/2018,,White Collar,Fixed Term,Part Time,Flex and Fixed,Active,Medium,Female,41,"4 Years, 0 Months",4,46894.11,2,0.84,0.96,0.88,2,1,1,0,1,49887.35,0
2481,15803790,Allen,Accountant,21/07/1958,02/04/1985,,White Collar,Fixed Term,Part Time,Fixed,Active,Medium,Male,64,"37 Years, 8 Months",37,19270.71,1,0.65,0.56,0.9,5,1,1,1,0,32117.85,0
2482,15764105,Milne,Sales Account Manager,03/03/1997,22/09/2022,,White Collar,Fixed Term,Part Time,Fixed,Active,Medium,Female,26,"0 Years, 2 Months",0,33926.3,4,0.29,0.63,0.96,0,1,0,1,0,33926.3,0
2483,15672610,Somadina,Transport Controller,14/07/1982,21/07/2017,,Blue Collar,Fixed Term,Part Time,Fixed,Active,High,Male,40,"5 Years, 4 Months",5,26496.11,4,0.88,0.21,0.5,1,0,0,0,0,28187.35,0
2484,15766896,Chieloka,Accounts Payable,25/02/1960,19/05/2003,,White Collar,Fixed Term,Part Time,Fixed,Active,Medium,Male,63,"19 Years, 6 Months",19,30656.27,1,0.68,0.94,0.78,1,1,0,1,0,34445.25,0
2485,15587735,Chukwuebuka,Trucking Specialist - Air Logistics,21/12/1980,20/03/2013,,Blue Collar,Fixed Term,Part Time,Fixed,Active,Low,Male,42,"9 Years, 8 Months",9,30497.07,4,0.59,0.94,0.89,1,0,1,1,1,35878.9,0
2486,15659501,Chioke,Gateway & Procurement Specialist - Air Logistics,04/06/1973,24/09/2014,,Blue Collar,Fixed Term,Part Time,Fixed,Active,High,Female,49,"8 Years, 2 Months",8,32764.56,1,0.5,0.96,0.54,1,0,1,0,1,35613.65,0
2487,15745001,Kovalev,Sales Account Manager,23/05/1956,13/12/2006,,White Collar,Fixed Term,Part Time,Fixed,Active,High,Female,66,"16 Years, 0 Months",16,29415.36,1,0.41,0.49,0.5,3,1,0,1,0,34606.3,0
2488,15651140,Doherty,Pricing Analyst,26/11/1980,11/11/2019,,White Collar,Fixed Term,Part Time,Flex and Fixed,Active,Medium,Female,42,"3 Years, 1 Months",3,46249.37,2,0.95,0.82,0.68,2,1,0,1,0,49730.5,0
2489,15571148,Baranov,Accounting Coordinator,06/06/1986,01/06/2019,,White Collar,Fixed Term,Part Time,Fixed,Active,High,Female,36,"3 Years, 6 Months",3,35142.24,1,0.41,0.6,0.5,2,1,0,0,0,37787.35,0
2490,15776824,Rossi,Perishable Warehouse Specialist - Air Logistics,12/01/1959,19/03/1990,,Blue Collar,Fixed Term,Part Time,Fixed,Active,High,Male,64,"32 Years, 8 Months",32,19544.19,4,0.44,0.76,0.5,5,0,1,1,1,32573.65,0
2491,15633141,Robinson,Aerospace International Logistics Specialist,09/05/1956,24/03/1996,,Blue Collar,Fixed Term,Part Time,Fixed,Active,Low,Female,66,"26 Years, 8 Months",26,24726.94,3,0.8,0.69,0.64,4,0,0,1,0,35324.2,0
2492,15764174,Bidencope,Business Development Executive,28/11/1989,07/06/2015,,White Collar,Fixed Term,Part Time,Flex and Fixed,Active,High,Female,33,"7 Years, 6 Months",7,38238.39,3,0.97,1,0.94,1,0,1,1,1,42020.21,0
2493,15778155,T'ien,Sales Account Manager,14/03/1990,19/07/2013,22/05/2018,White Collar,Fixed Term,Part Time,Fixed,Voluntarily Terminated,Low,Female,32,"4 Years, 10 Months",4,31028.09,4,0.48,0.62,0.66,1,1,1,1,1,34096.8,1
2494,15715920,De Bernales,Transport Controller,31/08/1981,29/08/2019,,Blue Collar,Fixed Term,Part Time,Fixed,Active,Medium,Male,41,"3  Years, 3 Months",3,24101.05,3,0.29,0.4,0.99,0,0,1,1,1,24101.05,0
2495,15671917,Wade,Software Engineer,04/11/1984,27/08/2020,,White Collar,Fixed Term,Part Time,Flex and Fixed,Active,Low,Male,38,"2 Years, 3 Months",2,57009.71,3,0.3,0.94,0.91,2,1,1,1,1,65528.4,0
2496,15666548,Chung,National Air Logistics Gateway Trade Lane Specialist,17/02/1960,16/08/2000,07/03/2013,White Collar,Fixed Term,Part Time,Fixed,Voluntarily Terminated,Low,Female,63,"12 Years, 6 Months",12,34005.13,3,0.29,0.76,0.84,2,0,0,1,0,36962.1,1
2497,15625623,Stevenson,Project Coordinator,13/06/1980,08/08/2021,,White Collar,Fixed Term,Part Time,Fixed,Active,Medium,Female,42,"1  Years, 4 Months",1,33090.5,1,0.3,0.58,0.69,0,0,1,0,1,33090.5,0
2498,15748123,Chienezie,Cloud Service Analyst,27/02/1980,17/11/2013,,White Collar,Fixed Term,Part Time,Flex and Fixed,Active,Medium,Male,43,"9 Years, 1 Months",9,59539.84,2,0.78,0.85,0.78,3,1,1,1,0,65428.4,0
2499,15648735,Cashin,Inside Sales Executive/ Account Manager,15/09/1980,21/08/2022,,White Collar,Fixed Term,Part Time,Flex and Fixed,Active,Low,Male,42,"0 Years, 3 Months",0,34839.95,2,0.59,0.45,0.52,0,1,1,1,1,34839.95,0
2500,15634974,Seppelt,Customer Servce Administrative Officer,13/02/1975,04/01/2017,24/12/2018,Blue Collar,Fixed Term,Part Time,Fixed,Voluntarily Terminated,Low,Female,48,"1 Years, 11 Months",1,32651.55,3,0.52,0.13,0.67,0,0,1,0,1,32651.55,1
2501,15713378,Brownless,Analyst Programmer ,11/11/1960,16/12/2016,,White Collar,Fixed Term,Part Time,Flex and Fixed,Active,High,Male,62,"6 Years, 0 Months",6,55268.41,4,0.27,0.24,0.5,3,1,0,0,0,59428.4,0
2502,15753370,McDonald,Accounts Payable,07/05/1980,21/03/1989,,White Collar,Fixed Term,Part Time,Fixed,Active,Medium,Female,42,"33  Years, 8 Months",33,25650.21,3,0.73,0.64,0.69,1,1,0,1,0,36643.15,0
2503,15782659,Mamelu,Trucking Specialist - Air Logistics,28/05/1997,27/10/2014,,Blue Collar,Fixed Term,Part Time,Fixed,Active,High,Male,25,"8 Years, 1 Months",8,30222.84,3,0.26,0.63,0.61,1,0,0,1,0,34738.9,0
2504,15583364,McGregor,Transport Controller,03/02/2002,02/04/2014,,Blue Collar,Fixed Term,Part Time,Fixed,Active,Medium,Female,21,"8 Years, 8 Months",8,23206.26,3,0.28,0.61,0.99,3,0,0,0,0,25224.2,0
2505,15625942,McDonald,Pricing Analyst,11/09/1958,13/09/2008,,White Collar,Fixed Term,Part Time,Flex and Fixed,Active,High,Female,64,"14 Years, 3 Months",14,40306.52,3,0.52,0.71,0.99,4,1,0,0,0,50383.15,0
2506,15720284,Crawford,National Air Logistics Pharma Compliance Specialist,22/11/1980,18/11/2016,,Blue Collar,Fixed Term,Part Time,Fixed,Active,Medium,Female,42,"6 Years, 1 Months",6,33924.08,4,0.28,0.9,0.89,1,0,0,0,0,36089.45,0
2507,15679642,Feng,Account Manager ,25/01/1980,25/12/2015,,White Collar,Fixed Term,Part Time,Fixed,Active,High,Male,43,"6 Years, 11 Months",6,32918.18,1,0.49,0.17,0.76,9,1,1,1,0,36575.75,0
2508,15628007,Genovese,Warehouse Specialist - Air Logistics,02/01/1955,01/07/1995,,Blue Collar,Fixed Term,Part Time,Fixed,Active,Medium,Male,68,"27  Years, 5 Months",27,20837.27,4,0.42,0.93,0.97,2,0,0,0,0,28544.2,0
2509,15661974,Pirozzi,Aerospace International Logistics Specialist,20/11/1994,01/03/2014,,Blue Collar,Fixed Term,Part Time,Fixed,Active,Low,Male,28,"8 Years, 9 Months",8,29664.66,1,0.29,0.83,0.89,3,0,1,1,1,32244.2,0
2510,15689341,Gibbs,Regional Air logistics Trainer Specialist,30/07/1971,16/12/2013,02/05/2022,White Collar,Fixed Term,Part Time,Fixed,Voluntarily Terminated,High,Female,51,"8 Years, 4 Months",8,29571.03,3,0.59,0.58,0.75,1,0,0,1,0,34789.45,1
2511,15607993,Milne,Sea Logistics Pricing Coordinator,09/11/1980,25/03/2018,,White Collar,Fixed Term,Part Time,Fixed,Active,Low,Female,42,"4 Years, 8 Months",4,30484.12,3,0.3,0.76,0.5,3,0,1,1,1,34641.05,0
2512,15693267,Dickson,Sales Specialist-Air Logitics ,28/05/2004,11/02/2021,,Blue Collar,Fixed Term,Part Time,Fixed,Active,Low,Female,18,"1  Years, 10 Months",1,32868.4,3,0.84,0.5,0.78,0,0,0,1,0,32868.4,0
2513,15769522,O'Connor,Accounts Payable,24/04/1997,04/08/2022,,White Collar,Fixed Term,Part Time,Fixed,Active,Medium,Male,25,"0 Years, 4 Months",0,34851.55,4,0.53,0.22,0.81,0,1,1,1,1,34851.55,0
2514,15755825,McGuirk,Cloud Service Analyst,07/02/1967,25/04/2005,,White Collar,Fixed Term,Part Time,Flex and Fixed,Active,Medium,Male,56,"17  Years, 7 Months",17,58665.95,4,0.27,0.9,0.88,3,1,0,1,0,62946.3,0
2515,15598175,Toscani,National Perishable Air Logistics Development Manager Retail,22/05/1985,24/10/1991,,White Collar,Fixed Term,Part Time,Flex and Fixed,Active,Medium,Female,37,"31 Years, 1 Months",31,34435.91,3,0.51,0.7,0.63,1,1,0,1,0,36948.4,0
2516,15744327,Ruth,Warehouse Manager - Air Logistics,25/06/1978,30/09/2014,23/01/2018,White Collar,Fixed Term,Part Time,Fixed,Voluntarily Terminated,Medium,Male,44,"3 Years, 3 Months",3,59336.74,1,0.43,0.73,0.85,1,1,0,1,1,68203.15,1
2517,15798666,Hughes,Business Analyst,26/10/1986,05/06/1998,,White Collar,Fixed Term,Part Time,Flex and Fixed,Active,Low,Female,36,"24  Years, 6 Months",24,39422.12,4,0.28,0.84,0.87,3,1,1,1,1,48075.75,0
2518,15577064,Onyekaozulu,National Air Logistics Gateway Trade Lane Specialist,15/03/1983,27/08/2013,,White Collar,Fixed Term,Part Time,Fixed,Active,Low,Male,39,"9 Years, 3 Months",9,31994.91,2,0.72,0.55,0.63,2,0,0,1,0,36357.85,0
2519,15759436,Aksenov,Java Software Engineer ,08/03/1955,14/04/2014,02/11/2021,White Collar,Fixed Term,Part Time,Flex and Fixed,Voluntarily Terminated,Low,Female,68,"7 Years, 6 Months",7,61039.29,4,0.11,0.63,0.98,2,1,1,1,1,65633.65,1
2520,15690231,K'ung,Apprentice,25/02/2003,11/04/2022,,Blue Collar,Apprentice,Part Time,Fixed,Active,Low,Female,20,"0 Years, 8 Months",0,21908.4,2,0.74,0.51,0.92,0,0,1,1,1,21908.4,0
2521,15751561,Meng,Business Development Manager,31/12/1984,25/10/2011,27/01/2017,White Collar,Fixed Term,Part Time,Flex and Fixed,Voluntarily Terminated,Low,Male,38,"5 Years, 3 Months",5,44253.6,3,0.09,0.46,0.76,2,1,0,1,1,49723.15,1
2522,15739068,Nwoye,Account Manager ,28/07/1991,13/11/2013,,White Collar,Fixed Term,Full Time,Fixed,Active,Medium,Male,31,"9 Years, 1 Months",9,27552.66,4,0.91,0.8,0.96,3,1,1,1,1,33600.8,0
2523,15758056,Calabresi,Accounting Coordinator,13/12/1980,26/02/2017,,White Collar,Fixed Term,Full Time,Fixed,Active,Low,Male,42,"5 Years, 9 Months",5,34118.26,3,0.43,0.99,0.97,1,1,0,0,0,36686.3,0
2524,15742269,Milano,IT-Support,01/10/1986,30/12/2014,,White Collar,Fixed Term,Full Time,Fixed,Active,Medium,Female,36,"7 Years, 11 Months",7,38109.4,4,0.4,0.9,0.87,1,0,0,1,0,40977.85,0
2525,15726490,Kirby,Material Handler ,31/12/2003,30/05/2020,11/05/2021,Blue Collar,Fixed Term,Full Time,Fixed,Voluntarily Terminated,Low,Male,19,"0 Years, 11 Months",0,28805.25,4,0.13,0.65,0.67,0,0,1,1,1,28805.25,1
2526,15738411,Ho,National Air Logistics Pharma Compliance Specialist,01/03/1986,21/07/2014,,Blue Collar,Fixed Term,Full Time,Fixed,Active,Medium,Male,37,"8 Years, 4 Months",8,28075.34,1,0.28,0.75,0.75,3,0,1,0,1,32270.5,0
2527,15727919,Chukwuemeka,Recruiter,19/08/1956,11/11/2002,,White Collar,Fixed Term,Full Time,Fixed,Active,Low,Female,66,"20 Years, 1 Months",20,33617.38,4,0.36,0.62,0.49,1,0,0,0,0,40996.8,0
2528,15709396,Hale,Pricing Analyst,09/11/1957,19/09/2016,,White Collar,Fixed Term,Full Time,Flex and Fixed,Active,Medium,Male,65,"6 Years, 2 Months",6,47207.71,2,0.85,0.61,0.63,3,1,1,1,1,49174.7,0
2529,15654106,K?,Trucking Specialist - Air Logistics,07/11/1960,21/05/2003,,Blue Collar,Fixed Term,Full Time,Fixed,Active,High,Male,62,"19 Years, 6 Months",19,32199.64,4,0.43,0.24,0.6,2,0,1,0,1,36590.5,0
2530,15621653,Rice,Account Manager ,22/10/1973,25/10/2017,,White Collar,Fixed Term,Full Time,Fixed,Active,Medium,Female,49,"5 Years, 1 Months",5,30816.09,3,0.92,0.71,0.63,2,1,1,1,1,33495.75,0
2531,15598086,Brown,Sea Logistics Pricing Coordinator,01/06/1990,30/04/2012,09/10/2019,White Collar,Fixed Term,Full Time,Fixed,Voluntarily Terminated,Medium,Female,32,"10  Years, 7 Months",10,26411.71,3,0.2,0.49,0.8,3,0,0,1,1,31072.6,1
2532,15752300,Sagese,National Air Logistics Gateway Trade Lane Specialist,26/04/1980,21/04/2021,,White Collar,Fixed Term,Full Time,Fixed,Active,High,Male,42,"1  Years, 7 Months",1,32390.66,2,0.28,0.44,0.66,1,0,1,1,1,33740.27,0
2533,15658693,Aksyonova,Trucking Team Leader- Air Logistics,20/09/1957,07/08/1992,,White Collar,Fixed Term,Full Time,Fixed,Active,Low,Female,65,"30 Years, 4 Months",30,25638.73,4,0.94,0.75,0.87,2,0,1,0,1,39444.2,0
2534,15631838,Findlay,Perishable Warehouse Specialist - Air Logistics,22/03/1992,14/01/2021,,Blue Collar,Fixed Term,Full Time,Fixed,Active,High,Male,30,"1  Years, 11 Months",1,33880.56,3,0.59,0.74,0.84,1,0,1,0,1,36043.15,0
2535,15803804,Walker,BI Developer,09/11/1961,19/05/2015,,White Collar,Fixed Term,Full Time,Flex and Fixed,Active,Low,Female,61,"7 Years, 6 Months",7,54536.68,1,0.28,0.62,0.87,1,1,0,1,0,58515.75,0
2536,15578809,Hao,Accounts Payable,03/06/1980,01/05/2018,09/04/2022,White Collar,Fixed Term,Full Time,Fixed,Voluntarily Terminated,Low,Male,42,"3 Years, 11 Months",3,29233.21,2,0.26,0.51,0.58,1,1,0,0,1,32846.3,1
2537,15752026,Hammer,Recruiter,05/11/1981,29/11/2013,06/07/2015,White Collar,Fixed Term,Full Time,Fixed,Voluntarily Terminated,Low,Male,41,"1 Years, 7 Months",1,40093.65,3,0.27,0.61,0.59,0,0,1,0,1,40093.65,1
2538,15723706,Abbott,Account Manager ,17/03/1973,16/09/2012,,White Collar,Fixed Term,Full Time,Fixed,Active,Medium,Female,49,"10  Years, 3 Months",10,31871.36,3,0.56,0.56,0.49,2,1,0,1,0,37942.1,0
2539,15752838,Lucas,Business Development Manager,28/02/1962,13/05/2014,,White Collar,Fixed Term,Full Time,Flex and Fixed,Active,Low,Male,61,"8 Years, 7 Months",8,45277.76,2,0.9,0.79,0.76,2,1,1,1,0,53902.1,0
2540,15569571,Davydova,Sales Specialist-Air Logitics ,24/06/2003,30/09/2011,19/04/2013,Blue Collar,Fixed Term,Full Time,Fixed,Voluntarily Terminated,Medium,Female,19,"1 Years, 6 Months",1,33574.7,3,0.56,0.68,0.75,0,0,0,1,0,33574.7,1
2541,15769703,West,Inventory Clerk,06/08/2001,04/08/2009,21/12/2019,Blue Collar,Fixed Term,Full Time,Fixed,Voluntarily Terminated,Medium,Female,21,"10 Years, 4 Months",10,24261.4,1,0.3,0.33,0.84,3,0,0,0,0,26031.55,1
2542,15679770,Smith,Accounts Payable,13/01/1980,31/05/2020,03/11/2020,White Collar,Fixed Term,Full Time,Fixed,Voluntarily Terminated,Medium,Female,43,"0 Years, 5 Months",0,34635.75,2,0.39,0.83,0.93,0,1,1,0,1,34635.75,1
2543,15791102,Mai,Sea Logiscitcs Customer Care Specialist ,24/08/1984,23/03/2014,09/09/2019,Blue Collar,Fixed Term,Full Time,Fixed,Voluntarily Terminated,High,Male,38,"5 Years, 5 Months",5,28367.22,3,0.45,0.94,0.82,1,0,1,1,1,33770.5,1
2544,15655192,Fiorentino,Sales Account Manager,28/05/1983,01/05/2018,,White Collar,Fixed Term,Full Time,Fixed,Active,High,Female,39,"4 Years, 7 Months",4,33679.68,2,0.3,0.21,0.65,2,1,1,0,1,35829.45,0
2545,15709487,Freeman,Sea Logistics Pricing Coordinator,26/01/1982,07/02/2019,,White Collar,Fixed Term,Full Time,Fixed,Active,Medium,Male,41,"3 Years, 10 Months",3,28341.22,4,0.6,0.58,0.87,2,0,0,0,0,31144.2,0
2546,15687130,Nkemjika,Stock Investigator & Analyst,02/03/1974,20/09/2021,,White Collar,Fixed Term,Full Time,Flex and Fixed,Active,High,Female,49,"1  Years, 2 Months",1,51777.85,2,0.26,0.52,0.38,0,1,1,1,1,51777.85,0
2547,15755178,Ramos,Accounting Coordinator,02/07/1990,23/02/2012,,White Collar,Fixed Term,Full Time,Fixed,Active,High,Male,32,"10  Years, 9 Months",10,26375.3,4,0.27,0.18,0.67,2,1,1,1,1,32562.1,0
2548,15634772,Mario,Project Coordinator,24/01/1981,17/08/2021,,White Collar,Fixed Term,Full Time,Fixed,Active,Low,Female,42,"1  Years, 4 Months",1,32648.64,2,0.26,0.94,0.91,1,0,1,0,1,34732.6,0
2549,15617197,Chien,Stock Investigator & Analyst,27/05/1988,21/10/2002,22/09/2014,White Collar,Permanent,Full Time,Flex and Fixed,Voluntarily Terminated,Low,Male,34,"11 Years, 11 Months",11,45889.13,3,0.12,0.69,0.5,2,1,1,1,1,49343.15,1
2550,15631240,Dubinina,Warehouse Quality Control Specialist - Air Logistics,18/04/1969,09/04/1991,27/10/2021,Blue Collar,Permanent,Full Time,Fixed,Voluntarily Terminated,Low,Female,53,"30 Years, 6 Months",30,23525.04,3,0.49,0.65,0.83,2,0,1,1,1,27354.7,1
2551,15784301,Wang,Cloud Service Analyst,01/08/1984,09/06/2017,,White Collar,Permanent,Full Time,Flex and Fixed,Active,Medium,Male,38,"5 Years, 6 Months",5,62415.81,4,0.99,0.46,0.62,1,1,0,1,0,65700.85,0
2552,15631310,Hsieh,Revenue Care Specialist- Air Logistics,30/06/1987,09/09/2013,,White Collar,Permanent,Full Time,Fixed,Active,Medium,Female,35,"9 Years, 3 Months",9,36466.7,4,0.29,0.72,0.62,2,1,1,1,1,41915.75,0
2553,15756560,Moran,Aerospace International Logistics Specialist,22/09/1957,28/01/2016,,Blue Collar,Permanent,Full Time,Fixed,Active,Low,Female,65,"6  Years, 10 Months",6,31108.97,4,0.49,0.3,0.37,1,0,0,1,0,33450.5,0
2554,15732270,Hung,Warehouse Shift Team Leader- Air Logistics,30/06/1974,26/02/2012,04/01/2015,White Collar,Permanent,Full Time,Fixed,Voluntarily Terminated,Medium,Male,48,"10  Years, 9 Months",10,34731.77,2,0.44,0.51,0.51,4,0,1,1,1,41347.35,1
2555,15739357,Moss,Trucking Team Leader- Air Logistics,12/07/1986,18/11/2012,,White Collar,Permanent,Full Time,Fixed,Active,Low,Male,36,"10  Years, 1 Months",10,34520.71,2,0.42,0.43,0.75,1,0,0,0,0,40612.6,0
2556,15771540,Fedorova,National Perishable Air Logistics Development Manager Seafood,16/06/2000,17/12/2018,,White Collar,Permanent,Full Time,Flex and Fixed,Active,Low,Male,22,"4 Years, 0 Months",4,32428.44,4,0.28,0.56,0.94,2,1,0,1,0,36850.5,0
2557,15567486,Li,Project Manager,13/06/1982,11/06/2017,,White Collar,Permanent,Full Time,Flex and Fixed,Active,Medium,Female,40,"5 Years, 6 Months",5,40271.08,1,0.29,0.63,0.91,2,1,1,1,1,45248.4,0
2558,15714634,Nebechi,Regional Air logistics Trainer Specialist,10/10/1997,19/10/2019,,White Collar,Permanent,Full Time,Fixed,Active,Low,Male,25,"3 Years, 1 Months",3,32710.44,4,0.9,0.61,0.55,1,0,0,1,0,33722.1,0
2559,15727021,Obialo,Perishable Warehouse Specialist - Air Logistics,30/07/1980,16/08/2014,,Blue Collar,Permanent,Full Time,Fixed,Active,Low,Female,42,"8 Years, 4 Months",8,31339.09,4,0.29,0.53,0.73,3,0,1,1,1,35612.6,0
2560,15650670,Bateson,Sales Account Manager,20/03/1958,13/03/2016,,White Collar,Permanent,Full Time,Fixed,Active,Low,Female,64,"6 Years, 9 Months",6,28623.01,1,0.92,0.87,0.75,1,1,0,1,0,32160.68,0
2561,15711834,Long,Trucking Team Leader- Air Logistics,25/12/1984,10/12/1991,09/10/2014,White Collar,Permanent,Full Time,Fixed,Voluntarily Terminated,High,Female,38,"22 Years, 9 Months",22,39033.45,3,0.55,0.68,0.7,1,0,0,0,0,43370.5,1
2562,15729763,Nelson,National Perishable Air Logistics Development Manager Seafood,12/04/1997,30/03/2022,,White Collar,Permanent,Full Time,Flex and Fixed,Active,Medium,Male,25,"0 Years, 8 Months",0,34277.85,3,0.29,0.78,0.84,0,1,1,1,1,34277.85,0
2563,15646566,Bell,Perishable Apprentice- Air Logistics,07/09/2002,19/03/2022,,Blue Collar,Apprentice,Full Time,Fixed,Active,Low,Female,20,"0 Years, 8 Months",0,23414.7,1,0.65,0.49,0.95,0,0,1,1,1,23414.7,0
2564,15645463,Udinese,Sea Logistics Pricing Coordinator,17/01/1980,27/10/2018,,White Collar,Permanent,Full Time,Fixed,Active,Low,Female,43,"4 Years, 1 Months",4,29842.82,4,0.86,0.96,0.81,1,0,1,1,1,32437.85,0
2565,15672144,Mao,Regional Air logistics Trainer Specialist,30/06/2000,20/08/2009,01/01/2013,White Collar,Permanent,Full Time,Fixed,Voluntarily Terminated,Low,Female,22,"3 Years, 4 Months",3,36095.75,3,0.18,0.83,0.74,0,0,1,1,1,36095.75,1
2566,15596088,Fanucci,Regional Air logistics Trainer Specialist,21/03/1962,12/11/2017,,White Collar,Permanent,Full Time,Fixed,Active,Medium,Female,60,"5  Years, 1 Months",5,36908.4,1,0.75,0.48,0.67,0,0,1,0,1,36908.4,0
2567,15614878,Yeh,Analyst Programmer ,29/06/1959,16/04/1985,,White Collar,Permanent,Full Time,Flex and Fixed,Active,Medium,Female,63,"37  Years, 8 Months",37,48391.95,4,0.28,0.63,0.86,4,1,1,1,1,59743.15,0
2568,15635240,Onuoha,Accounting Coordinator,02/11/1962,23/07/2010,,White Collar,Permanent,Full Time,Fixed,Active,Medium,Male,60,"12  Years, 4 Months",12,34651.71,3,0.6,0.87,0.38,1,1,0,0,0,37179.95,0
2569,15775905,Moore,Java Software Engineer ,05/01/1959,02/05/2004,04/02/2021,White Collar,Permanent,Full Time,Flex and Fixed,Voluntarily Terminated,High,Female,64,"18  Years, 7 Months",18,52542.34,1,0.5,0.21,0.9,5,1,1,1,1,68236.8,1
2570,15700657,Thornton,Technical Support Engineer,02/07/1978,16/02/2012,,White Collar,Permanent,Full Time,Flex and Fixed,Active,Medium,Female,44,"10  Years, 10 Months",10,48432.64,1,0.89,0.79,0.58,3,1,0,1,0,59064.2,0
2571,15611905,Warlow-Davies,Java Software Engineer ,17/02/1972,22/02/2019,,White Collar,Permanent,Full Time,Flex and Fixed,Active,Medium,Female,51,"3 Years, 9 Months",3,61451.42,4,0.27,0.8,0.96,2,1,0,1,0,66076.8,0
2572,15652527,Champion,Internal Trainer,31/05/1980,20/08/2014,,White Collar,Permanent,Full Time,Fixed,Active,Medium,Male,42,"8 Years, 3 Months",8,31571.03,3,0.49,0.78,0.82,2,0,1,0,0,36710.5,0
2573,15785865,Mazzanti,Perishable Customer Care Team Leader - Air Logistics,17/04/1980,24/10/2010,,White Collar,Permanent,Full Time,Fixed,Active,Medium,Male,42,"12 Years, 1 Months",12,39212.64,2,0.27,0.67,0.65,2,0,1,1,1,42073.65,0
2574,15645942,Macleod,Network Engineer,12/05/1989,18/08/2014,,White Collar,Permanent,Full Time,Flex and Fixed,Active,High,Male,33,"8 Years, 4 Months",8,60076.19,3,0.26,0.67,0.71,1,1,1,1,1,68268.4,0
2575,15688691,Lei,Business Development Manager,01/10/1988,14/09/2014,12/04/2021,White Collar,Permanent,Full Time,Flex and Fixed,Voluntarily Terminated,High,Female,34,"6 Years, 6 Months",6,42857.68,4,0.13,0.26,0.67,3,1,1,0,1,51021.05,1
2576,15592736,Lucchese,Trucking Specialist - Air Logistics,01/09/1997,21/11/2014,06/04/2022,Blue Collar,Permanent,Full Time,Fixed,Voluntarily Terminated,Medium,Male,25,"7 Years, 4 Months",7,27966.67,3,0.49,0.47,0.83,1,0,0,1,0,33293.65,1
2577,15673529,Lombardo,Recruiter,22/12/1958,27/10/1989,,White Collar,Permanent,Full Time,Fixed,Active,Medium,Male,64,"33 Years, 1 Months",33,21047.04,4,0.26,0.7,0.53,2,0,0,1,0,38267.35,0
2578,15724145,William,Road Logistics Sales Representative,16/04/2003,04/02/2022,,White Collar,Permanent,Full Time,Fixed,Active,High,Male,19,"0 Years, 10 Months",0,32757.85,1,0.85,0.51,0.48,0,0,0,1,0,32757.85,0
2579,15704629,Wright,Operations Specialist,22/01/1962,03/09/2010,,Blue Collar,Permanent,Full Time,Fixed,Active,Medium,Female,61,"12 Years, 3 Months",12,32366.84,3,0.93,0.53,0.88,2,0,1,0,1,35963.15,0
2580,15597896,Ozoemena,Sea Logiscitcs Customer Care Specialist ,29/05/1961,03/01/1992,21/10/2018,Blue Collar,Permanent,Full Time,Fixed,Voluntarily Terminated,Medium,Male,61,"30  Years, 11 Months",30,32207.92,3,0.3,0.34,0.51,1,0,0,1,0,34557.85,1
2581,15731790,Boyle,Customer Brokerage Specialist,29/01/1979,16/05/2014,10/04/2021,Blue Collar,Permanent,Full Time,Fixed,Voluntarily Terminated,High,Female,44,"6 Years, 10 Months",6,30177.21,2,0.26,0.86,0.93,3,1,1,1,1,35925.25,1
2582,15634719,Chinwendu,Customer Servce Administrative Officer,05/06/1961,21/09/1984,,Blue Collar,Permanent,Full Time,Fixed,Active,Medium,Male,61,"38 Years, 2 Months",38,28759.15,3,0.29,0.63,0.96,1,0,0,1,0,31259.95,0
2583,15703205,Uwaezuoke,Perishable Operational Care Specialist - Air Logistics,04/12/2000,04/11/2015,,Blue Collar,Permanent,Full Time,Fixed,Active,Low,Female,22,"7 Years, 1 Months",7,31041.45,4,0.3,0.58,0.86,3,0,1,1,0,34490.5,0
2584,15567333,Archambault,Sales Account Manager,25/01/1967,30/05/1992,,White Collar,Permanent,Full Time,Fixed,Active,High,Female,56,"30 Years, 6 Months",30,30785.54,1,0.28,0.58,0.83,2,1,0,1,0,36649.45,0
2585,15754537,Ko,Inventory Clerk,10/10/2002,28/09/2022,,Blue Collar,Permanent,Full Time,Fixed,Active,Medium,Male,20,"0 Years, 2 Months",0,24035.75,3,0.29,0.9,0.82,0,0,0,0,0,24035.75,0
2586,15612030,Udegbulam,Customer Servce Administrative Officer,28/01/1984,05/08/1983,,Blue Collar,Permanent,Full Time,Fixed,Active,High,Male,39,"39 Years, 4 Months",39,32700.29,3,0.26,0.79,0.57,2,0,1,1,1,36333.65,0
2587,15573242,Greene,National Air Logistics Gateway Trade Lane Specialist,17/08/1978,11/07/2019,,White Collar,Permanent,Full Time,Fixed,Active,Low,Male,44,"3 Years, 5 Months",3,32975.8,3,0.41,0.8,0.74,1,0,1,1,1,35457.85,0
2588,15601892,Hunter,Perishable Warehouse Shift Team Leader - Air Logistics,21/05/1969,12/12/2008,,White Collar,Permanent,Full Time,Fixed,Active,High,Male,53,"14 Years, 0 Months",14,34250.51,4,0.58,0.53,0.65,3,0,1,0,1,39368.4,0
2589,15663885,Blinova,Data Engineer,17/01/1962,26/08/1994,,White Collar,Permanent,Full Time,Flex and Fixed,Active,High,Male,61,"28 Years, 3 Months",28,64386.43,3,0.93,0.52,0.84,2,1,1,1,1,69985.25,0
2590,15701096,De Garis,Trucking Specialist - Air Logistics,05/12/1977,19/06/2022,,Blue Collar,Permanent,Full Time,Fixed,Active,Low,Male,45,"0 Years, 5 Months",0,32965.25,4,0.57,0.82,0.59,0,0,0,1,0,32965.25,0
2591,15710450,Okwudiliolisa,Perishable Apprentice- Air Logistics,11/10/2001,02/11/2022,,Blue Collar,Apprentice,Full Time,Fixed,Active,Medium,Male,21,"0 Years, 1 Months",0,23455.75,1,0.67,0.68,0.9,0,0,1,1,1,23455.75,0
2592,15790846,Ts'ai,National Perishable Air Logistics Development Manager Retail,13/06/1980,24/06/2018,,White Collar,Permanent,Full Time,Flex and Fixed,Active,High,Male,42,"4 Years, 5 Months",4,34407.41,3,0.74,0.21,0.61,3,1,1,1,1,35841.05,0
2593,15658956,Tuan,Warehouse Manager - Air Logistics,18/06/1972,23/10/2019,,White Collar,Permanent,Full Time,Fixed,Active,Medium,Male,50,"3 Years, 1 Months",3,62489.2,1,0.28,0.81,0.5,1,1,1,1,1,68669.45,0
2594,15755223,Tseng,Transport Controller,26/02/2001,04/06/2014,,Blue Collar,Permanent,Full Time,Fixed,Active,Low,Male,22,"8 Years, 6 Months",8,21130.83,3,0.36,0.57,0.9,3,0,0,0,0,25155.75,0
2595,15787318,Holmwood,Pricing Analyst,22/04/1961,14/12/2001,17/06/2020,White Collar,Permanent,Full Time,Flex and Fixed,Voluntarily Terminated,Low,Female,61,"18 Years, 6 Months",18,48400.2,3,0.29,0.99,0.72,1,1,0,1,0,51931.55,1
2596,15737310,Thompson,Business Analyst,29/12/1984,04/11/1984,,White Collar,Permanent,Full Time,Flex and Fixed,Active,Low,Male,38,"38 Years, 1 Months",38,39597.79,3,0.36,0.9,1,4,1,0,1,0,45514.7,0
2597,15763665,Y?,Sea Logistics Pricing Coordinator,20/01/1981,26/08/2017,,White Collar,Permanent,Full Time,Fixed,Active,High,Female,42,"5 Years, 3 Months",5,32564.96,4,1,0.76,0.64,3,0,0,0,0,34278.9,0
2598,15668818,Chidubem,Business Analyst,04/04/1973,08/04/2012,,White Collar,Permanent,Full Time,Flex and Fixed,Active,Medium,Female,49,"10  Years, 8 Months",10,41563.21,3,0.87,0.56,0.92,5,1,1,1,1,51312.6,0
2599,15765812,Trevisani,Business Development Executive,02/10/1974,21/09/2018,,White Collar,Permanent,Full Time,Flex and Fixed,Active,Low,Male,48,"4 Years, 2 Months",4,42125.81,4,0.27,0.5,0.93,3,0,1,1,1,43881.05,0
2600,15704844,Hsiung,Perishable Operational Care Specialist - Air Logistics,17/12/1974,16/05/2020,,Blue Collar,Permanent,Full Time,Fixed,Active,High,Male,48,"2 Years, 7 Months",2,35224.29,4,0.88,0.48,0.89,2,0,1,0,1,35943.15,0
2601,15744582,Randall,Finance Analyst,11/03/1955,18/04/2005,26/10/2017,White Collar,Permanent,Full Time,Flex and Fixed,Voluntarily Terminated,High,Female,68,"12 Years, 6 Months",12,38886.8,2,0.27,0.99,0.97,3,1,0,1,0,48008.4,1
2602,15616700,Leach,Sales Account Manager,20/01/1976,11/07/2020,,White Collar,Permanent,Full Time,Fixed,Active,High,Female,47,"2 Years, 5 Months",2,32045.95,1,0.36,0.76,0.8,1,1,1,1,1,32699.95,0
2603,15683521,Godfrey,National Perishable Air Logistics Development Manager Seafood,08/01/1980,16/03/2018,,White Collar,Permanent,Full Time,Flex and Fixed,Active,High,Male,43,"4 Years, 9 Months",4,32671.14,2,0.45,0.93,0.97,2,1,0,1,0,37126.3,0
2604,15583049,Wallace,Network Engineer,30/06/1982,11/09/2021,,White Collar,Permanent,Full Time,Flex and Fixed,Active,High,Female,40,"1  Years, 3 Months",1,68546.3,3,0.26,0.99,0.78,0,1,1,0,1,68546.3,0
2605,15643752,Wei,Warehouse Specialist - Air Logistics,24/07/1980,07/08/2018,,Blue Collar,Permanent,Full Time,Fixed,Active,Medium,Male,42,"4 Years, 4 Months",4,25764.34,1,0.27,0.85,0.78,3,0,0,1,0,26837.85,0
2606,15620398,Mitchell,Apprentice,01/08/2002,23/04/2022,,Blue Collar,Apprentice,Part Time,Fixed,Active,Low,Female,20,"0 Years, 7 Months",0,22011.55,2,0.46,0.63,0.95,0,0,0,1,0,22011.55,0
2607,15715707,Light,Apprentice,13/05/2004,28/10/2022,,Blue Collar,Apprentice,Full Time,Fixed,Active,Medium,Male,18,"0 Years, 1 Months",0,21912.6,3,0.79,0.63,0.78,0,0,1,1,1,21912.6,0
2608,15814209,Capon,Warehouse Specialist - Air Logistics,06/01/1981,22/07/2012,,Blue Collar,Permanent,Full Time,Fixed,Active,High,Male,42,"10  Years, 4 Months",10,23646.28,4,0.29,0.5,0.65,1,0,0,1,0,25371.55,0
2609,15733768,Hou,National Air Logistics Pharma Compliance Specialist,17/09/1984,24/06/2018,,Blue Collar,Permanent,Full Time,Fixed,Active,Medium,Male,38,"4 Years, 5 Months",4,27589.52,3,0.89,0.52,0.57,1,0,1,1,1,32080.84,0
2610,15755242,Rowe,Warehouse Quality Control Specialist - Air Logistics,06/12/1995,01/10/2013,,Blue Collar,Permanent,Full Time,Fixed,Active,High,Female,27,"9 Years, 2 Months",9,23171.28,3,0.28,0.63,0.99,1,0,1,1,1,26633.65,0
2611,15729412,Holloway,Pricing Analyst,30/07/1981,28/01/2013,,White Collar,Permanent,Full Time,Flex and Fixed,Active,Low,Male,41,"9 Years, 10 Months",9,41140.9,1,0.28,0.78,0.5,2,1,1,1,1,49567.35,0
2612,15746564,O'Sullivan,Business Development Executive,19/09/1988,11/02/2018,,White Collar,Permanent,Full Time,Flex and Fixed,Active,Medium,Male,34,"4 Years, 10 Months",4,35936.38,3,0.51,0.98,0.53,2,0,1,1,1,40836.8,0
2613,15588446,Udinesi,Revenue Care Specialist- Air Logistics,24/01/1980,23/06/2016,,White Collar,Permanent,Full Time,Fixed,Active,High,Male,43,"6 Years, 5 Months",6,34476.25,2,0.8,0.14,1,2,1,0,0,0,41043.15,0
2614,15665221,Nwebube,Operations Specialist,28/01/1982,04/03/2012,,Blue Collar,Permanent,Full Time,Fixed,Active,Medium,Male,41,"10  Years, 9 Months",10,27027.27,1,0.28,0.7,0.9,2,0,1,0,1,32960.08,0
2615,15640846,Chibueze,IT System Engineer,20/10/1974,21/10/2016,,White Collar,Permanent,Full Time,Flex and Fixed,Active,Low,Female,48,"6 Years, 1 Months",6,61619.82,1,0.92,0.88,0.6,1,1,0,1,0,69235.75,0
2616,15700209,Walker,National Perishable Air Logistics Development Manager Seafood,05/06/1981,10/07/2011,,White Collar,Permanent,Full Time,Flex and Fixed,Active,Low,Male,41,"11  Years, 5 Months",11,33610.95,1,0.9,0.72,0.62,1,1,1,1,1,35379.95,0
2617,15658360,Gregory,Gateway & Procurement Specialist - Air Logistics,11/11/1995,11/07/2013,,Blue Collar,Permanent,Full Time,Fixed,Active,Medium,Male,27,"9 Years, 5 Months",9,29907.02,4,0.28,0.88,0.51,2,0,0,0,0,33985.25,0
2618,15602735,Kuo,Sea Logiscitcs Customer Care Specialist ,12/05/1962,29/12/2014,28/02/2017,Blue Collar,Permanent,Full Time,Fixed,Voluntarily Terminated,High,Male,60,"2 Years, 1 Months",2,31007.18,3,0.26,0.35,0.51,2,0,1,0,1,33341.05,1
2619,15724834,Wilson,Regional Air logistics Trainer Specialist,19/03/1979,15/08/2012,,White Collar,Permanent,Full Time,Fixed,Active,Low,Female,43,"10  Years, 4 Months",10,27944.11,3,0.57,0.6,0.85,5,0,0,0,0,34498.9,0
2620,15800062,Lanford,Software Engineer,16/01/1978,10/07/2016,25/08/2021,White Collar,Permanent,Full Time,Flex and Fixed,Voluntarily Terminated,High,Male,45,"5 Years, 1 Months",5,62194.35,2,0.29,0.48,0.86,1,1,0,0,0,66164.2,1
2621,15685300,Meng,National Perishable Air Logistics Development Manager Seafood,14/05/1955,21/02/2015,,White Collar,Permanent,Full Time,Flex and Fixed,Active,Medium,Male,67,"7  Years, 9 Months",7,31982.28,2,0.97,0.55,0.72,1,1,0,1,0,34315.75,0
2622,15760102,Yeh,National Air Logistics Pharma Compliance Specialist,22/11/1997,24/07/2018,,Blue Collar,Permanent,Full Time,Fixed,Active,High,Female,25,"4 Years, 4 Months",4,32423.67,2,0.72,0.85,0.55,1,0,0,1,0,36026.3,0
2623,15787026,Onwuatuegwu,National Service Excellence Specialist- Air Logistics,24/06/1984,02/10/2014,,White Collar,Permanent,Full Time,Flex and Fixed,Active,Medium,Male,38,"8 Years, 2 Months",8,28779.28,4,0.86,0.84,0.51,2,0,1,1,0,34261.05,0
2624,15653696,Goliwe,Sales Specialist-Air Logitics ,08/12/2003,08/06/2020,,Blue Collar,Permanent,Full Time,Fixed,Active,Medium,Female,19,"2 Years, 6 Months",2,32327.6,2,0.54,0.91,0.61,1,0,0,0,0,32987.35,0
2625,15788946,Anthony,Gateway & Procurement Team Leader- Air Logistics,20/06/1994,30/01/2018,,White Collar,Permanent,Full Time,Fixed,Active,High,Female,28,"4 Years, 10 Months",4,41026.32,3,0.91,0.82,0.62,2,0,0,0,0,42735.75,0
2626,15600724,Scott,Business Development Executive,09/08/1981,30/03/2016,,White Collar,Permanent,Full Time,Flex and Fixed,Active,High,Male,41,"6 Years, 8 Months",6,38223.56,4,0.82,0.6,0.91,2,0,0,1,0,41547.35,0
2627,15574324,Genovese,Sea Logistics Pricing Coordinator,11/05/1994,03/10/2022,,White Collar,Permanent,Full Time,Fixed,Active,High,Female,28,"0 Years, 2 Months",0,35637.85,2,0.26,0.89,0.71,0,0,1,0,0,35637.85,0
2628,15707144,Onyeorulu,National Perishable Air Logistics Development Manager Seafood,10/04/1999,04/01/2013,,White Collar,Permanent,Full Time,Flex and Fixed,Active,Low,Male,23,"9  Years, 11 Months",9,30994.36,2,0.68,0.6,0.97,3,1,0,1,0,33255.75,0
2629,15775891,Myers,Trucking Specialist - Air Logistics,20/01/1996,08/06/2012,01/04/2020,Blue Collar,Permanent,Full Time,Fixed,Voluntarily Terminated,High,Male,27,"10  Years, 6 Months",10,29747.16,4,0.15,0.64,0.52,2,0,1,1,1,35839.95,1
2630,15711789,Davey,Sea Logistics Pricing Coordinator,24/06/1999,08/04/2020,,White Collar,Permanent,Full Time,Fixed,Active,High,Female,23,"2 Years, 8 Months",2,28138.02,3,0.68,0.93,0.88,2,0,0,0,0,31615.75,0
2631,15600879,Parsons,IT-Support,22/05/1984,07/10/2019,,White Collar,Permanent,Full Time,Fixed,Active,Low,Female,38,"3 Years, 2 Months",3,30041.54,1,0.77,0.81,0.99,2,0,0,1,0,34530.5,0
2632,15681196,Chikere,Recruiter,26/01/1986,14/03/2013,,White Collar,Permanent,Full Time,Fixed,Active,Medium,Male,37,"9 Years, 9 Months",9,34954.01,3,0.27,0.31,0.49,2,0,1,1,0,40644.2,0
2633,15716000,Hs?eh,Cloud Service Analyst,13/06/1991,29/03/2018,,White Collar,Permanent,Full Time,Flex and Fixed,Active,High,Male,31,"4 Years, 8 Months",4,56132.75,1,0.87,0.68,0.69,2,1,1,1,1,63070.5,0
2634,15766776,Sal,IT-Support,09/07/1979,15/11/2012,,White Collar,Permanent,Full Time,Fixed,Active,Medium,Male,43,"10  Years, 1 Months",10,36887.28,1,0.4,0.78,0.59,2,0,1,1,1,43396.8,0
2635,15680278,Ts'ai,Project Coordinator,09/11/1979,25/07/2013,17/06/2014,White Collar,Permanent,Full Time,Fixed,Voluntarily Terminated,High,Female,43,"0 Years, 10 Months",0,37159.95,3,0.58,0.44,0.42,0,0,0,1,0,37159.95,1
2636,15688637,Witt,Sales Specialist-Air Logitics ,19/05/2004,01/02/2021,,Blue Collar,Permanent,Full Time,Fixed,Active,High,Female,18,"1  Years, 10 Months",1,33431.97,2,0.74,0.64,0.93,1,0,1,1,1,35191.55,0
2637,15591179,Skelton,National Perishable Air Logistics Development Manager Seafood,03/09/1999,28/10/2015,,White Collar,Permanent,Full Time,Flex and Fixed,Active,Low,Male,23,"7 Years, 1 Months",7,28822.14,4,0.3,0.81,0.63,3,1,1,1,1,33908.4,0
2638,15677435,Kazantseva,National Service Excellence Specialist- Air Logistics,03/01/1979,01/01/2018,,White Collar,Permanent,Full Time,Flex and Fixed,Active,Medium,Female,44,"4 Years, 11 Months",4,35348.21,3,0.51,0.5,0.49,2,0,0,1,0,36821.05,0
2639,15698619,Bowhay,Warehouse Manager - Air Logistics,20/09/1969,02/12/2016,,White Collar,Permanent,Full Time,Fixed,Active,Low,Male,53,"6 Years, 0 Months",6,66113.11,3,1,0.69,0.61,3,1,1,1,1,68157.85,0
2640,15581036,Beyer,Inside Sales Executive/ Account Manager,13/10/1988,23/11/2010,07/12/2019,White Collar,Permanent,Full Time,Flex and Fixed,Voluntarily Terminated,High,Female,34,"12  Years, 0 Months",12,35019.62,3,0.12,0.77,0.75,3,1,0,1,0,37574.7,1
2641,15622117,Fries,Business Development Manager,12/01/1992,23/05/2018,,White Collar,Permanent,Full Time,Flex and Fixed,Active,High,Female,31,"4 Years, 6 Months",4,45312.94,3,0.47,0.69,0.56,2,1,0,1,0,48205.25,0
2642,15599301,Tao,Perishable Warehouse Specialist - Air Logistics,28/07/1984,02/02/1983,,Blue Collar,Permanent,Full Time,Fixed,Active,Low,Female,38,"39 Years, 10 Months",39,29068.69,4,0.94,0.87,0.68,1,0,1,0,1,33032.6,0
2643,15581548,Kaodilinakachukwu,Trucking Specialist - Air Logistics,18/05/1986,05/05/2006,,Blue Collar,Permanent,Full Time,Fixed,Active,Medium,Female,36,"16  Years, 7 Months",16,32633.7,4,0.26,0.85,0.91,1,0,0,1,0,35014.7,0
2644,15586870,Ni,Accounts Payable,09/02/1960,02/07/1985,,White Collar,Permanent,Full Time,Fixed,Active,High,Male,63,"37 Years, 5 Months",37,34956.71,2,0.57,0.83,0.83,3,1,1,1,1,36037.85,0
2645,15735263,Hsueh,Sales Account Manager,11/12/1984,20/11/2012,,White Collar,Permanent,Full Time,Fixed,Active,High,Male,38,"10  Years, 0 Months",10,29088.79,3,0.28,0.68,0.51,1,1,1,0,1,34222.1,0
2646,15765322,Connely,Warehouse Quality Control Specialist - Air Logistics,27/12/1995,24/09/2018,,Blue Collar,Permanent,Full Time,Fixed,Active,Low,Male,27,"4 Years, 2 Months",4,24738.29,3,0.6,0.78,0.65,1,0,1,1,1,26889.45,0
2647,15582944,Becker,Sea Logiscitcs Customer Care Specialist ,10/11/1984,15/06/2013,,Blue Collar,Permanent,Full Time,Fixed,Active,Medium,Female,38,"9  Years, 6 Months",9,32473.99,3,0.26,0.78,0.89,1,0,0,1,0,34183.15,0
2648,15687162,Clayton,National Perishable Air Logistics Development Manager Retail,28/05/1991,18/10/2014,22/05/2017,White Collar,Permanent,Full Time,Flex and Fixed,Voluntarily Terminated,High,Male,31,"2 Years, 7 Months",2,28978.71,2,0.41,0.93,0.68,2,1,0,0,0,34092.6,1
2649,15644962,Connolly,Warehouse Specialist - Air Logistics,21/02/1978,03/06/2015,,Blue Collar,Permanent,Full Time,Fixed,Active,Low,Male,45,"7 Years, 6 Months",7,21771.88,3,0.52,0.54,0.75,3,0,1,1,1,24740.77,0
2650,15612615,Graham,Sea Logiscitcs Customer Care Specialist ,03/02/1955,13/12/1988,,Blue Collar,Permanent,Full Time,Fixed,Active,High,Female,68,"34 Years, 0 Months",34,20475.6,3,0.28,0.76,0.56,2,0,0,1,0,35922.1,0
2651,15813439,Ch'ien,National Service Excellence Specialist- Air Logistics,24/05/1982,13/09/2020,,White Collar,Permanent,Full Time,Flex and Fixed,Active,Low,Male,40,"2 Years, 3 Months",2,33760.46,3,0.28,0.4,0.72,1,0,0,1,0,34449.45,0
2652,15604544,Manfrin,Customer Brokerage Specialist,01/07/1981,31/08/1988,,Blue Collar,Permanent,Full Time,Fixed,Active,Low,Male,41,"34 Years, 3 Months",34,32118.63,4,0.56,0.73,0.81,1,1,1,0,1,34911.55,0
2653,15761348,Kuo,Perishable Customer Care Team Leader - Air Logistics,11/08/1994,25/07/2015,,White Collar,Permanent,Full Time,Fixed,Active,High,Female,28,"7 Years, 4 Months",7,34000.38,1,0.35,0.86,0.98,9,0,0,1,0,38636.8,0
2654,15785078,Fomin,Gateway & Procurement Specialist - Air Logistics,21/04/1991,30/11/2015,,Blue Collar,Permanent,Full Time,Fixed,Active,Medium,Male,31,"7 Years, 0 Months",7,31616.71,1,0.27,0.38,0.68,2,0,0,1,0,36341.05,0
2655,15759874,Chamberlain,BI Developer,30/03/1991,13/04/2003,09/12/2015,White Collar,Permanent,Full Time,Flex and Fixed,Voluntarily Terminated,High,Male,31,"12 Years, 7 Months",12,60337.46,1,0.16,0.71,0.48,1,1,0,1,0,65584.2,1
2656,15643658,Barber,Perishable Warehouse Specialist - Air Logistics,16/10/1980,12/10/2016,,Blue Collar,Permanent,Full Time,Fixed,Active,Medium,Male,42,"6 Years, 2 Months",6,31539.34,4,0.4,0.58,0.97,1,0,0,1,0,36673.65,0
2657,15713267,Zimmer,Cloud Service Analyst,30/11/1979,07/03/2020,,White Collar,Permanent,Full Time,Flex and Fixed,Active,Medium,Female,43,"2 Years, 9 Months",2,58428.46,3,0.5,0.67,0.59,1,1,1,0,1,62826.3,0
2658,15737782,Brazenor,Accounting Coordinator,10/05/1983,17/04/2013,,White Collar,Permanent,Full Time,Fixed,Active,Medium,Male,39,"9 Years, 8 Months",9,27733.23,3,0.51,0.55,0.76,2,1,1,1,1,33015.75,0
2659,15815490,Cocci,Customer Care Specialist-Key Accounts,31/07/1990,11/01/2015,07/01/2016,White Collar,Permanent,Full Time,Fixed,Voluntarily Terminated,High,Male,32,"0 Years, 11 Months",0,36450.5,3,0.38,0.36,0.98,0,0,0,0,0,36450.5,1
2660,15679410,Caldwell,Project Coordinator,13/06/1984,26/09/2012,30/11/2014,White Collar,Permanent,Full Time,Fixed,Voluntarily Terminated,High,Female,38,"10  Years, 2 Months",10,30026.64,3,0.45,0.7,0.82,9,0,0,1,0,36617.85,1
2661,15756241,Yirawala,Aerospace International Logistics Specialist,29/03/2000,09/03/2020,,Blue Collar,Permanent,Full Time,Fixed,Active,High,Female,22,"2 Years, 9 Months",2,33204.46,1,0.42,0.66,0.46,1,0,1,1,1,33882.1,0
2662,15688409,Donaldson,Cloud Service Analyst,19/07/1958,19/09/2009,02/09/2021,White Collar,Permanent,Full Time,Flex and Fixed,Voluntarily Terminated,Low,Female,64,"13  Years, 2 Months",13,48561.97,1,0.55,0.49,0.72,4,1,0,1,1,58508.4,1
2663,15742272,Ozerova,Customer Care Specialist-Key Accounts,23/12/1985,14/06/2011,27/05/2016,White Collar,Permanent,Full Time,Fixed,Voluntarily Terminated,Medium,Female,37,"11  Years, 6 Months",11,33867.85,3,0.4,0.6,0.77,2,0,0,0,0,36338.9,1
2664,15717898,Bruce,Perishable Customer Care Team Leader - Air Logistics,30/10/1956,04/08/1983,,White Collar,Permanent,Full Time,Fixed,Active,Medium,Male,66,"39 Years, 4 Months",39,23761,1,0.81,0.54,0.94,1,0,1,0,1,38324.2,0
2665,15769582,Kang,Perishable Operational Care Specialist - Air Logistics,10/01/2000,24/11/2015,,Blue Collar,Permanent,Full Time,Fixed,Active,High,Male,23,"7 Years, 0 Months",7,31158.47,3,0.49,0.85,0.9,3,0,1,1,1,35407.35,0
2666,15635660,Rossi,Perishable Warehouse Specialist - Air Logistics,13/09/1978,09/04/2012,28/09/2018,Blue Collar,Permanent,Full Time,Fixed,Voluntarily Terminated,Medium,Male,44,"6 Years, 5 Months",6,29994.9,3,0.11,0.96,0.84,1,0,0,1,0,32603.15,1
2667,15576723,Ts'ai,Pricing Analyst,14/12/1981,07/11/2013,,White Collar,Permanent,Full Time,Flex and Fixed,Active,Medium,Female,41,"9 Years, 1 Months",9,43985.53,3,0.69,0.86,0.62,1,1,1,1,1,48335.75,0
2668,15591577,Moran,Stock Investigator & Analyst,26/01/1981,06/05/2015,,White Collar,Permanent,Full Time,Flex and Fixed,Active,High,Male,42,"7 Years, 7 Months",7,40786.83,4,0.51,0.53,0.87,1,1,1,1,0,48555.75,0
2669,15582325,Jennings,Transport Controller,18/04/1981,23/12/2000,30/05/2022,Blue Collar,Permanent,Full Time,Fixed,Voluntarily Terminated,High,Male,41,"21 Years, 5 Months",21,17289.88,3,0.56,0.91,0.95,2,0,0,1,0,25426.3,1
2670,15693947,Tokareva,BI Developer,25/01/1962,15/01/2000,,White Collar,Permanent,Full Time,Flex and Fixed,Active,Medium,Female,61,"22 Years, 11 Months",22,58321.55,3,0.84,0.33,0.7,2,1,0,1,0,62044.2,0
2671,15760446,Pagnotto,Accountant,28/07/1991,16/11/1986,20/06/2016,White Collar,Permanent,Full Time,Fixed,Voluntarily Terminated,Low,Female,31,"36  Years, 1 Months",36,35109.88,2,0.28,0.37,0.73,3,1,1,0,1,37671.55,1
2672,15611105,Castella,National Service Excellence Specialist- Air Logistics,15/06/1995,14/01/2015,,White Collar,Permanent,Full Time,Flex and Fixed,Active,High,Male,27,"7 Years, 11 Months",7,29840.26,3,0.27,0.97,0.8,2,0,1,0,1,32086.3,0
2673,15630920,Du Cane,Human Resoruces Coordinator,15/12/1980,31/05/2012,,White Collar,Permanent,Full Time,Fixed,Active,Medium,Male,42,"10 Years, 6 Months",10,30561.92,4,0.44,0.68,0.51,4,0,0,0,0,34729.45,0
2674,15574910,Ferguson,Internal Trainer,21/02/1986,10/03/2014,,White Collar,Permanent,Full Time,Fixed,Active,High,Male,37,"8 Years, 9 Months",8,30172.51,1,0.38,0.68,0.7,1,0,0,1,0,34681.05,0
2675,15756472,Odinakachukwu,Customer Servce Administrative Officer,30/12/2000,29/11/2019,,Blue Collar,Permanent,Full Time,Fixed,Active,High,Male,22,"3 Years, 0 Months",3,33476.2,2,0.43,0.57,0.87,2,0,0,1,0,34511.55,0
2676,15682890,Woronoff,Customer Servce Administrative Officer,05/12/1980,29/01/2012,,Blue Collar,Permanent,Full Time,Fixed,Active,Medium,Male,42,"10  Years, 10 Months",10,26879.96,3,0.29,0.87,0.9,2,0,1,1,1,33599.95,0
2677,15641994,Meng,Cloud Service Analyst,26/09/1961,02/05/2000,17/03/2016,White Collar,Permanent,Full Time,Flex and Fixed,Voluntarily Terminated,Medium,Male,61,"15 Years, 10 Months",15,50168.33,4,0.37,0.5,0.91,10,1,0,1,0,59724.2,1
2678,15733297,Sinclair,Network Engineer,18/12/1984,09/08/2012,,White Collar,Permanent,Full Time,Flex and Fixed,Active,High,Female,38,"10 Years, 4 Months",10,59356.25,3,0.29,0.76,0.59,3,1,1,1,1,69018.9,0
2679,15767793,Hsu,Internal Trainer,27/01/1990,04/10/2018,,White Collar,Permanent,Full Time,Fixed,Active,Medium,Female,33,"4 Years, 2 Months",4,33845.33,2,0.79,0.79,0.61,1,0,0,1,0,36788.4,0
2680,15725698,Panicucci,Customer Care Specialist-Key Accounts,15/01/1995,03/08/2000,,White Collar,Permanent,Full Time,Fixed,Active,Medium,Female,28,"22  Years, 4 Months",22,27745.32,1,0.74,0.17,0.9,2,0,1,1,1,33835.75,0
2681,15813532,Burns,Trucking Specialist - Air Logistics,04/03/1994,22/05/2016,,Blue Collar,Permanent,Full Time,Fixed,Active,High,Female,29,"6 Years, 6 Months",6,29399.39,4,0.9,0.6,0.62,2,0,0,1,0,33408.4,0
2682,15576760,Onodugoadiegbemma,Stock Investigator & Analyst,21/09/1987,12/04/2017,,White Collar,Permanent,Full Time,Flex and Fixed,Active,High,Male,35,"5 Years, 8 Months",5,41070.96,2,0.49,0.89,0.67,2,1,0,0,0,46671.55,0
2683,15732102,Darling,Revenue Care Specialist- Air Logistics,20/01/1978,23/08/2014,,White Collar,Permanent,Full Time,Fixed,Active,High,Female,45,"8 Years, 3 Months",8,35948.77,1,0.29,0.69,0.87,2,1,0,1,0,41800.9,0
2684,15739046,Maggard,National Perishable Air Logistics Development Manager Seafood,16/09/1999,29/01/2019,,White Collar,Permanent,Full Time,Flex and Fixed,Active,Medium,Female,23,"3 Years, 10 Months",3,32063.43,3,0.36,0.68,0.85,1,1,1,0,1,34851.55,0
2685,15631927,Thomas,Accounting Coordinator,30/03/1975,28/12/2020,,White Collar,Permanent,Full Time,Fixed,Active,Medium,Female,47,"1  Years, 11 Months",1,31783.06,4,0.94,0.61,0.87,1,1,0,0,0,33107.35,0
2686,15672115,Lettiere,Analyst Programmer ,19/04/1960,18/01/1993,,White Collar,Permanent,Full Time,Flex and Fixed,Active,Medium,Male,62,"29 Years, 11 Months",29,54813.34,4,0.3,0.63,0.5,2,1,1,1,1,58812.6,0
2687,15618765,Ponomaryov,Sea Logistics Pricing Coordinator,23/10/1984,03/03/2021,,White Collar,Permanent,Full Time,Fixed,Active,Medium,Female,38,"1  Years, 9 Months",1,34140.62,2,0.44,0.5,0.96,1,0,1,0,1,35563.15,0
2688,15679148,Oliver,Transport Controller,21/08/1986,17/02/2014,,Blue Collar,Permanent,Full Time,Fixed,Active,Medium,Male,36,"8 Years, 10 Months",8,24418.54,2,0.29,0.49,0.74,3,0,0,0,0,28393.65,0
2689,15728474,Chienezie,Business Analyst,22/05/1961,02/05/2014,,White Collar,Permanent,Full Time,Flex and Fixed,Active,Medium,Male,61,"8 Years, 7 Months",8,47230.81,2,0.59,0.83,0.55,3,1,1,1,1,48194.7,0
2690,15636999,Mao,Warehouse Manager - Air Logistics,08/05/1973,01/10/2022,,White Collar,Permanent,Full Time,Fixed,Active,Low,Male,49,"0 Years, 2 Months",0,64261.05,4,0.58,0.59,0.71,0,1,1,0,1,64261.05,0
2691,15754261,Ho,Warehouse Apprentice- Air Logistics,04/07/2004,07/02/2022,,Blue Collar,Apprentice,Full Time,Fixed,Active,Medium,Male,18,"0 Years, 10 Months",0,22382.1,3,0.26,0.75,0.93,0,0,0,1,0,22382.1,0
2692,15629150,Lucchese,Regional Air logistics Trainer Specialist,03/07/1999,07/06/2015,,White Collar,Permanent,Full Time,Fixed,Active,Medium,Female,23,"7 Years, 6 Months",7,29652.26,2,0.26,0.66,0.48,3,0,0,1,0,33695.75,0
2693,15736274,Prokhorova,Human Resoruces Coordinator,19/03/1961,06/05/2014,,White Collar,Permanent,Full Time,Fixed,Active,Low,Male,61,"8 Years, 7 Months",8,29647.55,2,0.29,0.68,0.51,1,0,0,0,0,35294.7,0
2694,15627697,Alekseyeva,Transport Controller,25/07/1997,19/09/2019,,Blue Collar,Permanent,Full Time,Fixed,Active,Low,Male,25,"3 Years, 2 Months",3,26822.18,1,0.38,0.73,0.58,1,0,1,0,1,28841.05,0
2695,15721585,Blacklock,Material Handler ,12/03/2003,12/08/2021,,Blue Collar,Permanent,Full Time,Fixed,Active,Low,Male,19,"1  Years, 4 Months",1,26318.9,1,0.42,0.98,0.53,0,0,1,0,1,26318.9,0
2696,15639946,Sazonova,Account Manager ,17/04/1994,29/05/2021,29/12/2022,White Collar,Permanent,Full Time,Fixed,Voluntarily Terminated,Low,Female,28,"1  Years, 6 Months",1,31383.96,1,0.13,0.86,0.65,1,1,0,1,1,33035.75,1
2697,15792176,Henty,Gateway & Procurement Specialist - Air Logistics,21/04/1962,28/02/2003,,Blue Collar,Permanent,Full Time,Fixed,Active,Low,Female,60,"19 Years, 9 Months",19,28574.61,4,0.58,0.5,0.55,1,0,1,1,0,32106.3,0
2698,15699450,Li,Data Engineer,09/09/1956,22/07/2015,,White Collar,Permanent,Full Time,Flex and Fixed,Active,Medium,Male,66,"7 Years, 4 Months",7,65841.98,3,0.58,0.76,0.76,1,1,1,1,1,69307.35,0
2699,15729954,Azuka,Operations Specialist,01/08/1972,17/01/2013,08/07/2021,Blue Collar,Permanent,Full Time,Fixed,Voluntarily Terminated,Low,Female,50,"8 Years, 5 Months",8,29817.16,3,0.15,0.3,0.47,2,0,0,1,1,34272.6,1
2700,15600103,Alexander,Business Development Manager,10/03/1988,23/09/2021,,White Collar,Permanent,Full Time,Flex and Fixed,Active,Low,Female,34,"1  Years, 2 Months",1,46943.97,3,0.97,0.3,0.86,1,1,1,1,1,49414.7,0
2701,15786200,Brock,Business Development Manager,16/02/1980,12/06/2013,,White Collar,Permanent,Full Time,Flex and Fixed,Active,Low,Male,43,"9 Years, 6 Months",9,43923.08,4,0.7,0.64,0.59,1,1,0,1,0,50486.3,0
2702,15797010,Shen,National Perishable Air Logistics Development Manager Seafood,12/11/1980,11/10/2019,,White Collar,Permanent,Full Time,Flex and Fixed,Active,Medium,Female,42,"3 Years, 2 Months",3,33575.67,2,0.81,0.59,0.75,1,1,0,1,0,37306.3,0
2703,15670172,Padovesi,Trucking Specialist - Air Logistics,07/11/1969,24/11/2014,,Blue Collar,Permanent,Full Time,Fixed,Active,Medium,Female,53,"8 Years, 0 Months",8,32885.04,4,0.3,0.85,0.63,2,0,1,0,1,33902.1,0
2704,15627352,Bulgakov,Business Analyst,30/11/1983,08/12/2012,18/06/2018,White Collar,Permanent,Full Time,Flex and Fixed,Voluntarily Terminated,High,Male,39,"10  Years, 0 Months",10,37528.82,1,0.25,0.5,0.93,5,1,0,1,0,44151.55,1
2705,15622494,Mazzanti,Recruiter,07/04/1980,14/09/2010,,White Collar,Permanent,Full Time,Fixed,Active,Medium,Male,42,"12 Years, 3 Months",12,33618.73,3,0.27,0.63,0.5,3,0,0,0,0,39091.55,0
2706,15585835,Lord,Gateway & Procurement Specialist - Air Logistics,29/02/1980,20/10/2014,,Blue Collar,Permanent,Full Time,Fixed,Active,High,Female,43,"8 Years, 1 Months",8,30736.07,3,0.42,0.65,0.86,3,0,0,1,0,34927.35,0
2707,15595071,Ramos,Technical Support Engineer,28/03/1958,17/04/2003,,White Collar,Permanent,Full Time,Flex and Fixed,Active,Low,Male,64,"19 Years, 8 Months",19,45281.25,3,0.54,0.43,0.68,3,1,1,1,1,59580.59,0
2708,15628203,Pai,Account Manager ,05/09/1996,18/07/2015,,White Collar,Permanent,Full Time,Fixed,Active,Low,Female,26,"7 Years, 5 Months",7,31322.35,3,0.36,0.83,0.56,2,1,0,0,0,33679.95,0
2709,15667190,Yuan,National Perishable Air Logistics Development Manager Seafood,08/02/1989,08/05/2014,,White Collar,Permanent,Full Time,Flex and Fixed,Active,Medium,Female,34,"8 Years, 7 Months",8,28205.36,4,0.92,0.49,0.77,3,1,1,1,1,32419.95,0
2710,15780212,Mao,Project Coordinator,01/04/1985,27/05/2000,,White Collar,Permanent,Full Time,Fixed,Active,High,Male,37,"22 Years, 6 Months",22,28458.46,4,1,0.67,0.73,1,0,0,0,0,33480.54,0
2711,15766869,Uspenskaya,National Perishable Air Logistics Development Manager Retail,05/06/1991,14/12/2018,,White Collar,Permanent,Full Time,Flex and Fixed,Active,Medium,Male,31,"4 Years, 0 Months",4,29578.82,3,0.85,0.9,0.47,1,1,1,1,1,32504.2,0
2712,15775741,Powell,Material Handler ,01/01/2004,15/02/2022,,Blue Collar,Permanent,Full Time,Fixed,Active,High,Female,19,"0 Years, 10 Months",0,26044.2,2,0.79,0.83,0.96,0,0,1,1,1,26044.2,0
2713,15628170,Brown,Warehouse Quality Control Specialist - Air Logistics,15/08/1984,28/09/2000,,Blue Collar,Permanent,Full Time,Fixed,Active,Medium,Female,38,"22 Years, 2 Months",22,23578.89,4,0.26,0.92,0.84,1,0,0,1,0,25353.65,0
2714,15701318,Poole,Perishable Warehouse Specialist - Air Logistics,02/04/1999,16/03/2015,,Blue Collar,Permanent,Full Time,Fixed,Active,Low,Male,23,"7 Years, 9 Months",7,31530.04,2,0.28,0.83,0.7,2,0,1,0,1,34648.4,0
2715,15710928,McChesney,Business Analyst,19/02/1983,03/10/2013,,White Collar,Permanent,Full Time,Flex and Fixed,Active,Low,Female,40,"9 Years, 2 Months",9,42083.61,4,0.27,0.64,0.55,1,1,1,1,1,50703.15,0
2716,15682547,Lucchese,Account Manager ,20/03/1999,04/12/2013,,White Collar,Permanent,Full Time,Fixed,Active,Low,Male,23,"9 Years, 0 Months",9,30437.79,1,0.29,0.93,0.97,3,1,1,0,1,34588.4,0
2717,15631170,Clements,Software Engineer,07/09/1991,01/03/2017,,White Collar,Permanent,Full Time,Flex and Fixed,Active,Low,Male,31,"5 Years, 9 Months",5,61523.09,4,0.99,0.6,0.87,1,1,1,1,1,69912.6,0
2718,15648702,Yuriev,Inside Sales Executive/ Account Manager,07/01/1988,21/12/2017,,White Collar,Permanent,Full Time,Flex and Fixed,Active,High,Male,35,"4 Years, 11 Months",4,33883.92,4,0.51,0.74,0.69,3,1,1,1,1,35295.75,0
2719,15783444,Endrizzi,Regional Air logistics Trainer Specialist,29/03/1955,02/01/1987,,White Collar,Permanent,Full Time,Fixed,Active,High,Female,67,"35 Years, 11 Months",35,22097.11,3,0.27,0.56,0.75,2,0,1,0,1,32495.75,0
2720,15809178,Pan,National Air Logistics Pharma Compliance Specialist,17/07/1956,25/11/1991,23/08/2020,Blue Collar,Permanent,Full Time,Fixed,Voluntarily Terminated,High,Female,66,"28 Years, 8 Months",28,22914.07,1,0.21,0.61,0.77,4,0,0,1,1,34200.1,1
2721,15806688,Manfrin,Accountant,01/01/1999,07/05/2018,29/04/2022,White Collar,Permanent,Full Time,Fixed,Voluntarily Terminated,Medium,Female,24,"3 Years, 11 Months",3,34190.11,3,0.3,0.63,0.62,6,1,1,0,1,35614.7,1
2722,15576824,Kennedy,Sea Logiscitcs Customer Care Specialist ,30/11/1982,13/03/2018,26/04/2021,Blue Collar,Permanent,Full Time,Fixed,Voluntarily Terminated,Low,Female,40,"3 Years, 1 Months",3,28973.68,4,0.2,0.24,0.62,7,0,1,1,1,32554.7,1
2723,15675422,Conway,National Air Logistics Gateway Trade Lane Specialist,09/07/1981,31/10/2015,,White Collar,Permanent,Full Time,Fixed,Active,Low,Female,41,"7 Years, 1 Months",7,31231.56,1,0.39,0.17,0.56,2,0,1,1,1,33947.35,0
2724,15681550,Lablanc,Apprentice,19/05/2002,18/02/2022,,Blue Collar,Apprentice,Full Time,Fixed,Active,Low,Female,20,"0 Years, 10 Months",0,21788.4,3,0.3,0.46,0.64,0,0,1,1,1,21788.4,0
2725,15812628,Dodd,Air Export Operations Manager,15/07/1986,01/06/1983,,White Collar,Permanent,Full Time,Fixed,Active,Low,Female,36,"39 Years, 6 Months",39,60739.52,3,0.45,0.68,0.48,2,1,0,1,0,70627.35,0
2726,15597951,Muir,National Service Excellence Specialist- Air Logistics,20/03/1969,19/05/1987,,White Collar,Permanent,Full Time,Flex and Fixed,Active,Low,Female,53,"35 Years, 6 Months",35,31299.98,3,0.27,0.68,0.6,2,0,1,1,1,33297.85,0
2727,15807045,Milanesi,Technical Support Engineer,31/12/1969,10/11/2014,,White Collar,Permanent,Full Time,Flex and Fixed,Active,Low,Female,53,"8 Years, 1 Months",8,57516.99,3,0.51,0.16,0.71,3,1,0,0,0,60544.2,0
2728,15581748,Shen,Sales Account Manager,01/02/1986,10/02/2004,,White Collar,Permanent,Full Time,Fixed,Active,High,Male,37,"18 Years, 10 Months",18,35174.75,4,0.81,0.15,0.56,3,1,1,1,1,35892.6,0
2729,15770420,Dillon,Transport Controller,25/07/1960,16/05/1988,,Blue Collar,Permanent,Full Time,Fixed,Active,Low,Male,62,"34 Years, 7 Months",34,18284.74,4,0.29,0.55,0.49,4,0,1,1,1,26121.05,0
2730,15608230,Hoelscher,"Director, Client Services ",06/10/1986,23/03/2017,,White Collar,Permanent,Full Time,Flex and Fixed,Active,High,Male,36,"5 Years, 8 Months",5,76901.66,1,0.26,0.72,0.66,2,1,0,1,0,92652.6,0
2731,15730339,Bell,National Service Excellence Specialist- Air Logistics,28/03/1981,06/04/1989,,White Collar,Permanent,Full Time,Flex and Fixed,Active,High,Male,41,"33 Years, 8 Months",33,33911.15,2,0.87,0.91,0.89,2,0,0,0,0,36859.95,0
2732,15712584,Liao,National Perishable Air Logistics Development Manager Seafood,26/10/1958,12/08/2018,,White Collar,Permanent,Full Time,Flex and Fixed,Active,High,Female,64,"4 Years, 4 Months",4,29798.18,3,0.37,0.3,0.91,1,1,1,1,1,32745.25,0
2733,15592816,Udokamma,Trucking Specialist - Air Logistics,03/12/1975,06/05/2012,14/02/2017,Blue Collar,Permanent,Full Time,Fixed,Voluntarily Terminated,Low,Female,47,"10  Years, 7 Months",10,30457.89,3,0.12,0.56,0.68,1,0,0,1,0,32680.14,1
2734,15641480,Sinnett,Road Logistics Sales Representative,17/04/2004,21/05/2022,,White Collar,Permanent,Full Time,Fixed,Active,Low,Male,18,"0 Years, 6 Months",0,31520.96,2,0.29,0.94,0.94,0,0,0,1,0,31520.96,0
2735,15708505,Palerma,Warehouse Specialist - Air Logistics,03/09/1980,12/02/1989,,Blue Collar,Permanent,Full Time,Fixed,Active,Low,Female,42,"33 Years, 10 Months",33,26579.66,1,0.3,0.82,0.63,1,0,1,0,1,27122.1,0
2736,15791131,Chimaijem,Business Development Manager,28/09/1956,27/06/2002,,White Collar,Permanent,Full Time,Flex and Fixed,Active,Medium,Female,66,"20 Years, 5 Months",20,41299.51,1,0.36,0.66,0.86,1,1,0,1,0,50365.25,0
2737,15618225,Porter,Sea Logiscitcs Customer Care Specialist ,21/06/1986,25/12/2018,,Blue Collar,Permanent,Full Time,Fixed,Active,Low,Male,36,"3 Years, 11 Months",3,31387.97,4,0.66,0.74,0.64,1,0,0,1,0,33750.5,0
2738,15644724,Fan,Data Analyst,18/03/1984,27/04/2021,,White Collar,Permanent,Full Time,Flex and Fixed,Active,Low,Male,38,"1 Years, 7 Months",1,41762.36,2,0.81,0.63,0.5,1,1,1,0,1,48560.88,0
2739,15662098,Palmer,Inside Sales Executive/ Account Manager,29/04/1957,27/04/2010,,White Collar,Permanent,Full Time,Flex and Fixed,Active,Medium,Male,65,"12 Years, 7 Months",12,27448.4,2,0.5,0.65,0.42,3,1,0,0,0,34310.5,0
2740,15723894,Younger,Accounting Coordinator,29/03/1955,06/03/2006,,White Collar,Permanent,Full Time,Fixed,Active,Low,Male,67,"16 Years, 9 Months",16,30381.41,3,0.59,0.56,0.81,4,1,0,0,0,37050.5,0
2741,15787699,Burke,Sea Logistics Pricing Coordinator,07/09/1982,03/10/2017,,White Collar,Permanent,Full Time,Fixed,Active,Medium,Male,40,"5 Years, 2 Months",5,32105.2,4,0.28,0.32,0.73,2,0,1,1,0,35280.44,0
2742,15687738,Nwagugheuzo,Accounts Payable,04/12/1977,17/01/2014,,White Collar,Permanent,Full Time,Fixed,Active,High,Female,45,"8 Years, 11 Months",8,29735.96,4,0.82,0.8,0.9,1,1,0,1,0,35399.95,0
2743,15576126,Young,Sea Logistics Pricing Coordinator,08/09/1996,20/03/2018,,White Collar,Permanent,Full Time,Fixed,Active,Medium,Female,26,"4 Years, 8 Months",4,34667.09,4,0.48,0.34,0.87,3,0,1,1,1,36111.55,0
2744,15658889,Watson,Cloud Service Analyst,21/08/1986,24/02/1988,11/05/2014,White Collar,Permanent,Full Time,Flex and Fixed,Voluntarily Terminated,High,Male,36,"26 Years, 2 Months",26,55382.39,3,0.27,0.62,0.71,2,1,0,1,0,65155.75,1
2745,15667046,Tseng,Material Handler ,21/06/2003,28/09/2021,,Blue Collar,Permanent,Full Time,Fixed,Active,Medium,Male,19,"1  Years, 2 Months",1,23296.16,4,0.49,0.5,0.86,1,0,0,1,0,24783.15,0
2746,15669957,Drake,Stock Investigator & Analyst,27/04/1973,07/11/2020,,White Collar,Permanent,Full Time,Flex and Fixed,Active,High,Male,49,"2 Years, 1 Months",2,41065.42,1,0.91,0.58,0.98,1,1,1,1,0,46665.25,0
2747,15655794,Hanna,Regional Air logistics Trainer Specialist,28/02/1999,21/05/2013,,White Collar,Permanent,Full Time,Fixed,Active,Medium,Male,24,"9 Years, 6 Months",9,27238.09,2,0.51,0.94,0.9,2,0,1,1,0,32426.3,0
2748,15599829,Padovesi,Perishable Warehouse Specialist - Air Logistics,31/01/1995,19/10/2014,,Blue Collar,Permanent,Full Time,Fixed,Active,High,Female,28,"8 Years, 1 Months",8,29883.53,2,0.76,0.67,0.99,3,0,1,1,1,32482.1,0
2749,15753332,Loftus,Accountant,13/03/1982,24/06/2015,06/07/2021,White Collar,Permanent,Full Time,Fixed,Voluntarily Terminated,Low,Male,40,"6 Years, 0 Months",6,30459.35,2,0.08,0.2,0.74,2,1,0,1,1,35417.85,1
2750,15671124,Buccho,Business Analyst,21/09/1982,31/08/2020,,White Collar,Permanent,Full Time,Flex and Fixed,Active,High,Male,40,"2 Years, 3 Months",2,43637.82,1,0.45,0.91,0.59,2,1,1,1,1,47953.65,0
2751,15767474,Lorenzo,Project Manager,30/12/1978,21/12/2013,05/06/2022,White Collar,Permanent,Full Time,Flex and Fixed,Voluntarily Terminated,High,Female,44,"8 Years, 5 Months",8,34766.62,3,0.48,0.91,0.67,3,1,1,1,1,40426.3,1
2752,15720671,Ibezimako,Business Analyst,17/09/1975,20/10/2016,,White Collar,Permanent,Full Time,Flex and Fixed,Active,Low,Male,47,"6 Years, 1 Months",6,45875.95,3,0.71,0.78,0.87,2,1,1,1,1,48804.2,0
2753,15626787,Wei,Trucking Specialist - Air Logistics,26/01/1996,02/05/2018,09/03/2021,Blue Collar,Permanent,Full Time,Fixed,Voluntarily Terminated,Medium,Female,27,"2 Years, 10 Months",2,28282.23,1,0.38,0.82,0.55,1,0,0,0,0,32138.9,1
2754,15774491,Ross,Data Engineer,05/06/1957,01/10/1987,,White Collar,Permanent,Full Time,Flex and Fixed,Active,Low,Female,65,"35 Years, 2 Months",35,39965.38,3,0.28,0.54,0.96,5,1,0,0,0,70114.7,0
2755,15579647,Oluchukwu,Recruiter,02/04/1984,22/05/2022,,White Collar,Permanent,Full Time,Fixed,Active,Low,Male,38,"0 Years, 6 Months",0,41396.8,4,0.27,0.53,0.81,0,0,1,1,1,41396.8,0
2756,15625522,Walker,Business Analyst,08/10/1975,31/12/2000,,White Collar,Permanent,Full Time,Flex and Fixed,Active,Medium,Male,47,"21  Years, 11 Months",21,42316.31,4,0.95,0.47,0.55,1,1,1,0,1,51605.25,0
2757,15765806,Wu,Transport Controller,03/06/1969,24/01/1983,,Blue Collar,Permanent,Full Time,Fixed,Active,Medium,Male,53,"39 Years, 10 Months",39,23968.15,3,0.41,0.87,0.5,1,0,1,1,1,26930.5,0
2758,15566708,Chidalu,Inventory Clerk,03/01/2003,13/06/2009,31/03/2019,Blue Collar,Permanent,Full Time,Fixed,Voluntarily Terminated,Low,Female,20,"9 Years, 9 Months",9,23665.9,3,0.48,0.5,0.68,1,0,0,1,0,25392.6,1
2759,15668347,Ingram,Human Resoruces Coordinator,18/07/1960,23/03/2008,,White Collar,Permanent,Full Time,Fixed,Active,Medium,Male,62,"14 Years, 8 Months",14,32451.12,3,0.5,0.59,0.83,2,0,0,0,0,36056.8,0
2760,15575214,Ch'en,Aerospace International Logistics Specialist,24/05/1980,12/05/2016,,Blue Collar,Permanent,Full Time,Fixed,Active,Low,Male,42,"6 Years, 7 Months",6,32487.39,1,0.71,0.89,0.69,3,0,0,1,0,34561.05,0
2761,15591123,Iredale,Warehouse Shift Team Leader Healthcare- Air Logistics,15/01/1979,28/12/2012,,White Collar,Permanent,Full Time,Fixed,Active,Low,Male,44,"9 Years, 11 Months",9,36062.8,3,0.26,0.54,0.49,2,0,1,1,1,39629.45,0
2762,15573280,Gallagher,Finance Analyst,15/07/1984,15/07/2020,,White Collar,Permanent,Full Time,Flex and Fixed,Active,High,Male,38,"2 Years, 5 Months",2,44971.7,2,0.8,0.62,0.85,1,1,1,1,1,51104.2,0
2763,15589018,Padilla,Finance Analyst,24/08/1985,18/04/2017,,White Collar,Permanent,Full Time,Flex and Fixed,Active,Low,Male,37,"5 Years, 8 Months",5,46366.98,3,0.28,0.91,0.85,3,1,1,1,1,48807.35,0
2764,15654495,Potter,Customer Care Specialist-Key Accounts,25/03/1985,21/12/2010,,White Collar,Permanent,Full Time,Fixed,Active,Low,Female,37,"11  Years, 11 Months",11,34442.28,3,0.8,0.84,0.99,1,0,1,1,1,36640.72,0
2765,15597265,Mao,Inside Sales Executive/ Account Manager,19/03/1987,06/09/2017,,White Collar,Permanent,Full Time,Flex and Fixed,Active,Medium,Male,35,"5 Years, 3 Months",5,29351.78,2,0.54,0.69,0.65,1,1,1,0,1,32254.7,0
2766,15733876,Schneider,Accountant,09/12/1972,04/08/2014,,White Collar,Permanent,Full Time,Fixed,Active,Low,Male,50,"8 Years, 4 Months",8,30634.16,3,0.28,0.76,0.63,2,1,1,1,1,34811.55,0
2767,15677217,Ibragimova,Perishable Operational Care Specialist - Air Logistics,08/08/2000,19/02/2012,,Blue Collar,Permanent,Full Time,Fixed,Active,Medium,Male,22,"10  Years, 9 Months",10,29677.23,1,0.79,0.8,0.54,1,0,1,1,1,32974.7,0
2768,15747265,Huang,Sales Account Manager,29/07/1984,17/09/1998,,White Collar,Permanent,Full Time,Fixed,Active,Medium,Female,38,"24  Years, 3 Months",24,28740.7,2,0.27,0.4,0.47,1,1,1,1,1,34627.35,0
2769,15713379,Anderson,Project Coordinator,01/12/1981,22/10/2014,,White Collar,Permanent,Full Time,Fixed,Active,Medium,Male,41,"8 Years, 1 Months",8,31794.19,2,1,0.8,0.99,3,0,1,1,1,34558.9,0
2770,15730433,Nakayama,Finance Analyst,08/09/1974,17/10/2009,22/01/2015,White Collar,Permanent,Full Time,Flex and Fixed,Voluntarily Terminated,High,Female,48,"5 Years, 3 Months",5,50822.75,2,0.28,0.76,0.4,1,1,0,1,0,51859.95,1
2771,15693347,Gardener,Transport Controller,13/11/1957,07/02/1991,,Blue Collar,Permanent,Full Time,Fixed,Active,High,Female,65,"31 Years, 10 Months",31,14549.67,3,0.46,0.55,0.9,3,0,1,1,1,24249.45,0
2772,15715465,Aksenova,IT System Engineer,17/11/1985,11/12/2021,,White Collar,Permanent,Full Time,Flex and Fixed,Active,Medium,Male,37,"1  Years, 0 Months",1,65205.22,4,0.74,0.98,0.63,1,1,0,1,0,67922.1,0
2773,15680736,Milne,IT-Support,10/02/1973,11/12/2018,,White Collar,Permanent,Full Time,Fixed,Active,Low,Female,50,"4 Years, 0 Months",4,32279.79,3,0.26,0.54,0.56,1,0,1,1,1,34709.45,0
2774,15610765,Onwumelu,Java Software Engineer ,07/10/1983,07/07/2022,,White Collar,Permanent,Full Time,Flex and Fixed,Active,Low,Male,39,"0 Years, 5 Months",0,69078.9,4,0.27,0.63,0.56,0,1,0,0,0,69078.9,0
2775,15650034,Kudryashova,Customer Care Specialist-Key Accounts,21/09/1977,10/10/2012,,White Collar,Permanent,Full Time,Fixed,Active,Medium,Female,45,"10  Years, 2 Months",10,27107.44,1,0.41,0.88,0.63,5,0,1,1,1,33057.85,0
2776,15782468,Hart,Sea Logiscitcs Customer Care Specialist ,03/03/1957,15/02/2005,29/09/2021,Blue Collar,Permanent,Full Time,Fixed,Voluntarily Terminated,High,Male,66,"16 Years, 7 Months",16,28000.43,3,0.28,0.5,0.95,4,0,1,1,1,36364.2,1
2777,15685109,Teng,Business Development Manager,30/05/1962,08/04/1998,,White Collar,Permanent,Full Time,Flex and Fixed,Active,Low,Male,60,"24 Years, 8 Months",24,48056.6,4,0.29,0.52,0.72,2,1,0,0,0,52809.45,0
2778,15776233,Kruglova,BI Developer,10/10/1974,27/03/2009,07/10/2020,White Collar,Permanent,Full Time,Flex and Fixed,Voluntarily Terminated,Medium,Female,48,"11 Years, 6 Months",11,58469.72,1,0.1,0.38,0.95,3,1,0,1,0,62735.75,1
2779,15761141,Palerma,National Service Excellence Specialist- Air Logistics,09/08/1988,10/04/2013,,White Collar,Permanent,Full Time,Flex and Fixed,Active,High,Female,34,"9 Years, 8 Months",9,27743.56,4,0.68,0.55,0.9,1,0,1,1,0,32259.95,0
2780,15781702,Brookes,Java Software Engineer ,16/02/1955,03/06/1984,,White Collar,Permanent,Full Time,Flex and Fixed,Active,Low,Male,68,"38 Years, 6 Months",38,39348.63,2,0.27,0.51,0.81,1,1,1,0,1,65581.05,0
2781,15790235,Hsing,Analyst Programmer ,04/11/1984,03/01/2010,,White Collar,Permanent,Full Time,Flex and Fixed,Active,High,Male,38,"12  Years, 11 Months",12,57026.84,3,0.36,0.35,0.52,3,1,1,1,1,63363.15,0
2782,15641416,Shaffer,Finance Analyst,03/05/1955,11/05/2016,15/09/2021,White Collar,Permanent,Full Time,Flex and Fixed,Voluntarily Terminated,Low,Female,67,"6  Years, 7 Months",6,45151.08,3,0.1,0.54,0.71,1,1,1,1,1,50731.55,1
2783,15775234,Laurie,National Air Logistics Warehousing Manager,23/05/1988,10/03/2016,,White Collar,Permanent,Full Time,Fixed,Active,High,Male,34,"6 Years, 9 Months",6,68754.78,2,0.72,0.72,0.84,1,1,0,0,0,75554.7,0
2784,15659475,Chung,Sales Specialist-Air Logitics ,27/02/2003,18/12/2021,,Blue Collar,Permanent,Full Time,Fixed,Active,Medium,Female,20,"1 Years, 0 Months",1,32267.35,1,0.26,0.61,0.93,0,0,0,0,0,32267.35,0
2785,15642202,Whitfield,Perishable Apprentice- Air Logistics,11/05/2003,13/07/2022,,Blue Collar,Apprentice,Full Time,Fixed,Active,Low,Female,19,"0 Years, 5 Months",0,21082.1,2,0.85,0.17,0.93,0,0,1,1,1,21082.1,0
2786,15771417,Thomas,Sea Logistics Pricing Coordinator,24/08/2000,30/06/2015,08/05/2020,White Collar,Permanent,Full Time,Fixed,Voluntarily Terminated,Low,Male,22,"4 Years, 10 Months",4,32866.29,1,0.28,0.49,0.88,1,0,0,0,0,36116.8,1
2787,15585100,Rioux,Recruiter,01/08/1980,22/08/1986,19/01/2019,White Collar,Permanent,Full Time,Fixed,Voluntarily Terminated,Medium,Female,42,"36  Years, 3 Months",36,38675.86,1,0.13,0.88,0.52,1,0,0,1,0,40287.35,1
2788,15700487,Osonduagwuike,Senior DevOps Engineer,25/05/1978,13/03/2017,23/03/2018,White Collar,Permanent,Full Time,Flex and Fixed,Voluntarily Terminated,Medium,Male,44,"1 Years, 0 Months",1,68406.3,2,0.26,0.48,1,0,1,0,1,0,68406.3,1
2789,15726589,Matveyev,Account Manager ,08/04/1955,19/07/1998,,White Collar,Permanent,Full Time,Fixed,Active,High,Male,67,"24 Years, 4 Months",24,22617.06,3,0.72,0.16,0.97,4,1,0,1,0,33756.8,0
2790,15747503,Hayward,Road Logistics Sales Representative,26/09/2004,02/11/2020,05/06/2021,White Collar,Permanent,Full Time,Fixed,Voluntarily Terminated,High,Male,18,"0 Years, 7 Months",0,36611.55,3,0.24,0.62,0.72,0,0,0,1,0,36611.55,1
2791,15595883,Nkemdirim,Perishable Operational Care Specialist - Air Logistics,26/02/1981,30/12/1993,,Blue Collar,Permanent,Full Time,Fixed,Active,Low,Male,42,"28 Years, 11 Months",28,33247.28,3,0.51,0.59,0.47,3,0,1,1,1,35369.45,0
2792,15663826,Brim,Sales Account Manager,10/08/1980,26/07/2017,,White Collar,Permanent,Full Time,Fixed,Active,Low,Female,42,"5 Years, 4 Months",5,30713.46,4,0.73,0.14,0.9,1,1,1,1,1,33384.2,0
2793,15742820,Trevisano,Trucking Specialist - Air Logistics,12/04/1983,10/09/2015,,Blue Collar,Permanent,Full Time,Fixed,Active,Medium,Female,39,"7 Years, 3 Months",7,27296.43,4,0.26,0.96,0.92,1,0,1,0,1,32495.75,0
2794,15624793,Soubeiran,Sea Logiscitcs Customer Care Specialist ,09/04/1974,24/08/2018,,Blue Collar,Permanent,Full Time,Fixed,Active,Medium,Male,48,"4 Years, 3 Months",4,34066.59,3,0.28,0.96,0.42,1,0,0,1,0,36241.05,0
2795,15597930,Wilson,IT System Engineer,29/04/1980,16/02/2003,10/12/2015,White Collar,Permanent,Full Time,Flex and Fixed,Voluntarily Terminated,Medium,Male,42,"19  Years, 10 Months",19,60914.49,1,0.6,0.13,0.89,3,1,0,0,0,65358.9,1
2796,15665110,Helena,National Perishable Air Logistics Development Manager Retail,26/12/1973,26/06/2013,,White Collar,Permanent,Full Time,Flex and Fixed,Active,Medium,Female,49,"9 Years, 5 Months",9,29798.85,3,0.78,0.64,0.61,2,1,1,0,1,34251.55,0
2797,15770719,Duncan,Perishable Manager - Air Logistics,14/08/1972,06/03/2013,,White Collar,Permanent,Full Time,Flex and Fixed,Active,Medium,Female,50,"9 Years, 9 Months",9,62455.67,3,0.86,0.64,0.67,2,1,1,1,1,68632.6,0
2798,15731327,Hale,IT-Support,29/05/1981,24/10/1998,,White Collar,Permanent,Full Time,Fixed,Active,Low,Male,41,"24 Years, 1 Months",24,35477.04,2,0.3,0.57,0.72,2,0,1,0,1,38147.35,0
2799,15576044,Macdonald,Warehouse Apprentice- Air Logistics,16/11/2004,19/05/2022,,Blue Collar,Apprentice,Full Time,Fixed,Active,High,Male,18,"0 Years, 6 Months",0,21029.45,4,0.76,0.49,1,0,0,0,1,0,21029.45,0
2800,15775662,McKay,Revenue Care Specialist- Air Logistics,30/01/1979,28/07/2015,,White Collar,Permanent,Full Time,Fixed,Active,Low,Male,44,"7 Years, 4 Months",7,36244.4,3,0.56,0.89,0.79,1,1,0,1,0,40271.55,0
2801,15646817,Chiekwugo,Accountant,20/05/1987,27/07/2018,,White Collar,Permanent,Full Time,Fixed,Active,Medium,Male,35,"4 Years, 4 Months",4,32881.49,3,0.65,0.94,0.75,2,1,0,1,0,34251.55,0
2802,15596060,Skinner,Software Engineer,01/10/1961,09/03/2019,,White Collar,Permanent,Part Time,Flex and Fixed,Active,Low,Male,61,"3 Years, 9 Months",3,67802.57,3,0.48,0.51,0.58,2,1,1,1,0,69186.3,0
2803,15723299,Sorokina,Data Analyst,09/10/1956,16/01/2007,29/10/2021,White Collar,Permanent,Full Time,Flex and Fixed,Voluntarily Terminated,High,Male,66,"14 Years, 9 Months",14,36429.44,3,0.25,0.8,0.85,4,1,1,1,1,45536.8,1
2804,15636982,Weller,Trucking Specialist - Air Logistics,04/06/1971,04/06/2017,,Blue Collar,Permanent,Full Time,Fixed,Active,High,Female,51,"5 Years, 6 Months",5,30562.97,3,0.89,0.74,0.51,1,0,1,1,0,32171.55,0
2805,15751175,Bess,Perishable Operational Care Specialist - Air Logistics,16/10/1974,19/03/2019,,Blue Collar,Permanent,Full Time,Fixed,Active,High,Female,48,"3 Years, 8 Months",3,32552.67,2,0.7,0.66,0.85,2,0,1,1,1,34630.5,0
2806,15618936,MacDonald,Project Coordinator,23/04/1981,16/02/1992,30/07/2016,White Collar,Permanent,Full Time,Fixed,Voluntarily Terminated,High,Female,41,"24 Years, 5 Months",24,30395.96,3,0.27,0.66,0.99,2,0,0,1,0,35759.95,1
2807,15787529,Gray,Aerospace International Logistics Specialist,10/04/1980,23/11/2013,06/03/2017,Blue Collar,Permanent,Full Time,Fixed,Voluntarily Terminated,Low,Male,42,"3 Years, 3 Months",3,28541.5,3,0.53,0.59,0.62,1,0,0,1,0,34387.35,1
2808,15780128,Ogbonnaya,Human Resoruces Coordinator,27/05/2000,02/09/2017,,White Collar,Permanent,Full Time,Fixed,Active,High,Male,22,"5 Years, 3 Months",5,32365.66,3,0.3,0.91,0.57,2,0,0,1,0,34431.55,0
2809,15615991,Udegbulam,National Perishable Air Logistics Development Manager Seafood,22/11/1962,27/05/2008,,White Collar,Permanent,Full Time,Flex and Fixed,Active,Low,Male,60,"14 Years, 6 Months",14,31717.42,1,0.89,0.83,0.98,9,1,1,1,1,36456.8,0
2810,15757001,Mai,BI Developer,11/03/1962,27/06/2010,,White Collar,Permanent,Full Time,Flex and Fixed,Active,Medium,Female,61,"12 Years, 5 Months",12,53998.73,1,0.58,0.5,0.91,1,1,1,1,1,58063.15,0
2811,15595388,Yeh,BI Developer,18/06/1979,18/06/2017,,White Collar,Permanent,Full Time,Flex and Fixed,Active,High,Female,43,"5 Years, 6 Months",5,58205.02,2,0.58,0.69,0.97,2,1,1,1,1,65398.9,0
2812,15699550,Babbage,National Service Excellence Specialist- Air Logistics,22/08/1994,06/06/2016,,White Collar,Permanent,Full Time,Flex and Fixed,Active,Medium,Female,28,"6 Years, 6 Months",6,28700.57,3,0.95,0.87,0.91,1,0,1,1,1,34167.35,0
2813,15581620,Franklin,IT-Support,25/09/1984,23/08/2012,,White Collar,Permanent,Full Time,Fixed,Active,Low,Male,38,"10 Years, 3 Months",10,35709.7,2,0.67,0.37,0.43,3,0,1,1,1,42511.55,0
2814,15600934,Randell,Perishable Operational Care Specialist - Air Logistics,05/08/1980,09/02/2017,20/06/2019,Blue Collar,Permanent,Full Time,Fixed,Voluntarily Terminated,High,Female,42,"2 Years, 4 Months",2,29344.13,3,0.4,0.48,0.98,2,0,0,1,0,32246.3,1
2815,15738672,Paterson,Project Coordinator,17/10/1982,10/10/2020,,White Collar,Permanent,Full Time,Fixed,Active,Low,Female,40,"2 Years, 2 Months",2,31941.78,4,0.92,0.68,0.41,2,0,0,1,0,32593.65,0
2816,15721307,Pickering,National Air Logistics Pharma Compliance Specialist,13/11/1980,25/04/2013,,Blue Collar,Permanent,Full Time,Fixed,Active,Low,Male,42,"9 Years, 7 Months",9,31421.65,3,0.52,0.93,0.63,1,0,0,1,0,36536.8,0
2817,15619280,Uspensky,Sea Logistics Pricing Coordinator,28/03/2000,13/05/2013,,White Collar,Permanent,Full Time,Fixed,Active,Low,Male,22,"9 Years, 7 Months",9,26718.17,3,0.59,0.95,0.45,2,0,0,1,0,31807.35,0
2818,15768244,Macleod,Sea Logiscitcs Customer Care Specialist ,08/07/1977,05/01/2016,,Blue Collar,Permanent,Full Time,Fixed,Active,Medium,Female,45,"6 Years, 11 Months",6,32824.59,2,0.28,0.99,1,1,0,1,1,1,35678.9,0
2819,15806837,Nnaife,Forklift Operator,06/09/2002,30/01/2021,,Blue Collar,Permanent,Full Time,Fixed,Active,Low,Male,20,"1  Years, 10 Months",1,24265.73,2,0.56,0.64,0.9,1,0,0,1,0,25276.8,0
2820,15643496,Randolph,Human Resoruces Coordinator,22/10/1979,05/04/2019,,White Collar,Permanent,Full Time,Fixed,Active,Low,Female,43,"3 Years, 8 Months",3,29378.19,3,0.39,0.96,0.37,1,0,0,1,0,31589.45,0
2821,15813916,Kudryashova,Project Coordinator,09/01/1962,08/12/1990,,White Collar,Permanent,Full Time,Fixed,Active,Low,Female,61,"32 Years, 0 Months",32,33299.48,3,0.3,0.92,0.54,3,0,1,1,1,37840.32,0
2822,15626385,George,Revenue Care Specialist- Air Logistics,20/10/1962,22/03/1993,,White Collar,Permanent,Full Time,Fixed,Active,High,Female,60,"29 Years, 8 Months",29,38631.96,1,0.52,0.22,0.52,1,1,1,1,1,43899.95,0
2823,15603582,Robertson,Warehouse Specialist - Air Logistics,06/01/1987,06/04/2019,,Blue Collar,Permanent,Full Time,Fixed,Active,Medium,Female,36,"3 Years, 8 Months",3,25815.24,3,0.71,0.82,0.99,3,0,0,1,0,26613.65,0
2824,15764351,Yuryeva,Business Development Executive,02/10/1983,02/04/2021,,White Collar,Permanent,Full Time,Flex and Fixed,Active,Low,Female,39,"1  Years, 8 Months",1,43148.4,4,0.94,0.75,0.89,0,0,1,0,1,43148.4,0
2825,15667938,Hurst,Pricing Analyst,18/03/1985,26/06/2016,,White Collar,Permanent,Full Time,Flex and Fixed,Active,Low,Male,37,"6 Years, 5 Months",6,48392.19,1,0.35,0.2,0.89,1,1,1,1,1,51481.05,0
2826,15576360,Ch'iu,National Air Logistics Service Excellence Manager,22/01/1978,31/12/2012,,White Collar,Permanent,Full Time,Fixed,Active,High,Male,45,"9 Years, 11 Months",9,36826.24,4,0.3,0.64,0.73,2,1,1,1,1,40468.4,0
2827,15628813,King,Trucking Specialist - Air Logistics,30/09/1962,14/12/1992,,Blue Collar,Permanent,Full Time,Fixed,Active,Medium,Female,60,"30 Years, 0 Months",30,28715.61,4,0.41,0.62,0.9,2,0,0,1,0,34185.25,0
2828,15584190,Esposito,IT System Engineer,21/03/1978,05/01/2016,,White Collar,Permanent,Full Time,Flex and Fixed,Active,Low,Male,44,"6 Years, 11 Months",6,62038.11,2,0.28,0.73,0.59,1,1,1,0,1,70497.85,0
2829,15716449,Fraser,Regional Air logistics Trainer Specialist,22/05/1957,09/02/2009,,White Collar,Permanent,Full Time,Fixed,Active,Low,Male,65,"13 Years, 10 Months",13,28601.85,1,0.92,0.52,0.51,2,0,0,0,0,32502.1,0
2830,15759913,Trentini,Customer Care Specialist-Key Accounts,29/12/1980,27/03/2015,,White Collar,Permanent,Full Time,Fixed,Active,Low,Male,42,"7 Years, 8 Months",7,29472.08,4,0.93,0.63,0.67,1,0,1,1,1,33114.7,0
2831,15701555,Nicholls,Forklift Operator,13/09/2003,23/07/2020,,Blue Collar,Permanent,Full Time,Fixed,Active,Medium,Male,19,"2 Years, 4 Months",2,26598.15,1,0.27,0.84,0.92,1,0,1,0,1,27140.97,0
2832,15758482,Montalvo,Customer Servce Administrative Officer,28/02/1997,12/10/2017,,Blue Collar,Permanent,Full Time,Fixed,Active,High,Female,26,"5 Years, 2 Months",5,33587.6,3,0.85,0.49,0.96,1,0,0,0,0,36909.45,0
2833,15758171,Tien,Trucking Specialist - Air Logistics,25/06/1987,17/05/2020,,Blue Collar,Permanent,Full Time,Fixed,Active,Medium,Male,35,"2 Years, 7 Months",2,31334.18,4,0.28,0.54,0.78,1,0,1,1,1,34815.75,0
2834,15680346,Chuang,Perishable Apprentice- Air Logistics,24/07/2002,13/09/2022,,Blue Collar,Apprentice,Full Time,Fixed,Active,High,Male,20,"0 Years, 3 Months",0,22386.3,3,0.69,0.52,0.78,0,0,0,1,0,22386.3,0
2835,15649124,Fang,Aerospace International Logistics Specialist,12/11/1979,09/08/2019,,Blue Collar,Permanent,Full Time,Fixed,Active,High,Male,43,"3 Years, 4 Months",3,31835.35,3,0.98,0.66,0.63,3,0,0,0,0,32819.95,0
2836,15812917,Kosisochukwu,Perishable Warehouse Specialist - Air Logistics,18/05/1980,29/11/2017,,Blue Collar,Permanent,Full Time,Fixed,Active,High,Male,42,"5 Years, 0 Months",5,33104.98,2,0.27,0.73,0.41,2,0,1,1,1,34847.35,0
2837,15768455,Young,Air Logistics Director Carrier Management & Gateway Operations,29/12/1980,19/09/2015,,White Collar,Permanent,Full Time,Flex and Fixed,Active,Medium,Male,42,"7 Years, 2 Months",7,90150.25,1,0.26,0.54,0.64,1,1,1,1,1,96935.75,0
2838,15703059,Scott,National Air Logistics Gateway Trade Lane Specialist,23/04/1985,24/04/2019,,White Collar,Permanent,Full Time,Fixed,Active,Medium,Female,37,"3 Years, 7 Months",3,32106.71,3,0.52,0.72,0.68,1,0,1,0,1,35282.1,0
2839,15646196,Yeh,Cloud Service Analyst,01/08/1984,27/11/2019,,White Collar,Permanent,Full Time,Flex and Fixed,Active,Medium,Female,38,"3 Years, 0 Months",3,61542.27,1,0.3,0.75,0.64,1,1,0,0,0,65470.5,0
2840,15585451,Vigano,Perishable Operational Care Specialist - Air Logistics,15/04/1979,15/10/2015,,Blue Collar,Permanent,Full Time,Fixed,Active,Medium,Female,43,"7 Years, 2 Months",7,29866.83,3,0.67,0.77,0.57,1,0,1,1,1,35555.75,0
2841,15714057,Windradyne,Gateway & Procurement Team Leader- Air Logistics,26/12/1994,27/03/2014,,White Collar,Permanent,Full Time,Fixed,Active,High,Male,28,"8 Years, 8 Months",8,32122.48,3,0.26,0.42,0.94,2,0,0,1,0,38241.05,0
2842,15748473,Curnow,Transport Controller,25/04/2003,08/03/2021,,Blue Collar,Permanent,Full Time,Fixed,Active,Medium,Male,19,"1  Years, 9 Months",1,24705.25,4,0.55,0.13,0.69,0,0,0,1,0,24705.25,0
2843,15785782,Ugonna,Pricing Analyst,26/07/1988,23/01/1995,22/05/2021,White Collar,Permanent,Full Time,Flex and Fixed,Voluntarily Terminated,High,Male,34,"26 Years, 3 Months",26,37951.09,1,0.27,0.39,0.88,2,1,1,1,1,51285.25,1
2844,15693233,De Neeve,Aerospace International Logistics Specialist,25/08/1983,04/07/2011,,Blue Collar,Permanent,Full Time,Fixed,Active,High,Male,39,"11 Years, 5 Months",11,34138.65,3,0.29,0.5,0.95,1,0,1,1,0,36629.45,0
2845,15757521,Ricci,Customer Servce Administrative Officer,28/05/1979,28/04/2012,,Blue Collar,Permanent,Full Time,Fixed,Active,Medium,Male,43,"10  Years, 7 Months",10,29771.64,2,0.26,0.92,0.62,5,0,1,0,1,35869.45,0
2846,15812513,Nnaife,Senior DevOps Engineer,27/12/1989,08/05/2016,20/11/2022,White Collar,Permanent,Full Time,Flex and Fixed,Voluntarily Terminated,Medium,Male,33,"6 Years, 6 Months",6,64364.17,3,0.3,0.73,0.66,2,1,0,1,1,69961.05,1
2847,15674950,Ebelechukwu,Perishable Warehouse Specialist - Air Logistics,03/03/1980,04/02/2020,,Blue Collar,Permanent,Full Time,Fixed,Active,High,Male,43,"2 Years, 10 Months",2,33165.49,4,0.81,0.74,0.38,2,0,0,1,0,36049.45,0
2848,15678572,Keating,National Perishable Air Logistics Development Manager Retail,01/08/1981,01/08/2009,04/11/2019,White Collar,Permanent,Full Time,Flex and Fixed,Voluntarily Terminated,Low,Male,41,"10 Years, 3 Months",10,33878.67,1,0.27,0.76,0.78,3,1,0,1,1,36350.5,1
2849,15713608,Tuan,Business Development Executive,05/06/1955,13/01/2016,,White Collar,Permanent,Full Time,Flex and Fixed,Active,Medium,Female,67,"6 Years, 11 Months",6,36666.95,3,0.27,0.53,0.92,2,0,1,1,1,40741.05,0
2850,15579262,Shearston,Customer Care Specialist-Key Accounts,08/11/1978,12/05/2017,,White Collar,Permanent,Full Time,Fixed,Active,High,Male,44,"5 Years, 7 Months",5,29815.42,1,0.86,0.65,0.72,2,0,0,0,0,32764.2,0
2851,15610426,Tien,IT System Engineer,29/10/1981,23/11/2016,,White Collar,Permanent,Full Time,Flex and Fixed,Active,Medium,Female,41,"6 Years, 0 Months",6,59546.42,1,0.3,0.91,0.85,1,1,1,0,1,69240.02,0
2852,15776454,Hamilton,Human Resoruces Coordinator,25/07/1996,04/11/2021,11/07/2022,White Collar,Permanent,Full Time,Fixed,Voluntarily Terminated,Low,Female,26,"1  Years, 1 Months",1,32327.07,1,0.2,0.69,0.76,1,0,0,1,1,34390.5,1
2853,15771483,Arnold,Cloud Service Analyst,30/09/1985,24/05/2014,,White Collar,Permanent,Full Time,Flex and Fixed,Active,High,Male,37,"8 Years, 6 Months",8,60209.63,3,0.77,0.56,0.66,2,1,1,1,1,65445.25,0
2854,15648489,Ting,Road Logistics Sales Representative,20/06/2004,14/06/2021,08/12/2022,White Collar,Permanent,Full Time,Fixed,Voluntarily Terminated,High,Male,18,"1  Years, 6 Months",1,32062.1,3,0.39,0.55,0.81,0,0,1,1,1,32062.1,1
2855,15646609,Chao,National Service Excellence Specialist- Air Logistics,19/07/1984,17/10/2014,,White Collar,Permanent,Full Time,Flex and Fixed,Active,Low,Male,38,"8 Years, 2 Months",8,28079.86,2,0.68,0.74,0.5,2,0,0,0,0,33428.4,0
2856,15693203,Powell,Human Resoruces Coordinator,09/04/1975,20/12/2021,,White Collar,Permanent,Full Time,Fixed,Active,Medium,Female,47,"0 Years, 11 Months",0,34868.4,1,0.3,0.86,0.86,0,0,1,1,1,34868.4,0
2857,15813067,Williams,Analyst Programmer ,01/04/1979,18/02/2017,27/05/2022,White Collar,Permanent,Full Time,Flex and Fixed,Voluntarily Terminated,Medium,Female,43,"5 Years, 3 Months",5,54382.04,3,0.26,0.82,0.74,2,1,0,1,0,59760.48,1
2858,15769829,Cheng,Cloud Service Analyst,23/03/1956,13/08/2009,,White Collar,Permanent,Full Time,Flex and Fixed,Active,Medium,Male,66,"13 Years, 4 Months",13,53441.5,1,0.3,0.35,0.8,1,1,1,0,0,64387.35,0
2859,15662434,Zhdanova,Accountant,09/06/1961,08/10/2001,,White Collar,Permanent,Full Time,Fixed,Active,High,Male,61,"21 Years, 2 Months",21,31896.03,4,0.26,0.93,0.99,2,1,0,0,0,36662.1,0
2860,15773503,Tsai,Perishable Operational Care Specialist - Air Logistics,11/07/1996,29/10/2021,,Blue Collar,Permanent,Full Time,Fixed,Active,High,Male,26,"1  Years, 1 Months",1,31366.3,2,0.91,0.55,0.77,1,0,0,1,0,33368.4,0
2861,15705890,Nebechukwu,Sea Logiscitcs Customer Care Specialist ,05/12/1986,23/07/2003,,Blue Collar,Permanent,Full Time,Fixed,Active,Low,Male,36,"19 Years, 4 Months",19,30157.87,4,0.44,0.99,0.68,1,0,0,1,0,33885.25,0
2862,15711398,Fetherstonhaugh,Transport Controller,09/04/1955,20/12/1993,,Blue Collar,Permanent,Full Time,Fixed,Active,High,Female,67,"28 Years, 11 Months",28,18704.24,3,0.94,0.91,0.89,1,0,0,1,0,28775.75,0
2863,15752375,Ojiofor,Warehouse Specialist - Air Logistics,16/08/1980,29/06/2012,,Blue Collar,Permanent,Full Time,Fixed,Active,Low,Male,42,"10  Years, 5 Months",10,21978.95,4,0.76,0.24,0.65,2,0,0,0,0,24421.05,0
2864,15659175,Severson,Perishable Warehouse Specialist - Air Logistics,29/08/1997,07/09/2016,,Blue Collar,Permanent,Full Time,Fixed,Active,Medium,Female,25,"6 Years, 3 Months",6,32413.03,1,0.52,0.77,0.67,2,0,0,1,0,35231.55,0
2865,15597033,Speight,Software Engineer,13/12/1986,05/06/2020,,White Collar,Permanent,Full Time,Flex and Fixed,Active,High,Male,36,"2 Years, 6 Months",2,63006.44,3,0.84,0.64,0.66,2,1,1,1,0,69237.85,0
2866,15590228,Greenwalt,Gateway & Procurement Specialist - Air Logistics,26/09/1979,19/03/2016,,Blue Collar,Permanent,Full Time,Fixed,Active,Medium,Male,43,"6 Years, 8 Months",6,30127.57,2,0.3,0.58,0.76,1,0,1,1,1,35444.2,0
2867,15631848,Grover,Finance Analyst,07/09/1981,29/10/2019,,White Collar,Permanent,Full Time,Flex and Fixed,Active,High,Female,41,"3 Years, 1 Months",3,49544.5,4,0.5,0.65,0.99,2,1,1,1,1,51076.8,0
2868,15654211,Milani,National Perishable Air Logistics Development Manager Seafood,26/07/1981,18/07/2019,,White Collar,Permanent,Full Time,Flex and Fixed,Active,Medium,Female,41,"3 Years, 5 Months",3,32549.71,2,0.29,0.44,0.68,1,1,1,0,1,34627.35,0
2869,15707968,Akobundu,Customer Servce Administrative Officer,15/10/1961,04/05/1991,,Blue Collar,Permanent,Full Time,Fixed,Active,Medium,Male,61,"31  Years, 7 Months",31,34471.23,3,0.48,0.59,0.75,3,0,0,1,0,36986.3,0
2870,15594084,Anderson,Gateway & Procurement Specialist - Air Logistics,12/03/1958,21/08/2010,,Blue Collar,Permanent,Full Time,Fixed,Active,Medium,Male,65,"12 Years, 3 Months",12,25698.52,3,0.42,0.99,0.56,2,0,0,1,0,32123.15,0
2871,15651093,Chien,Perishable Customer Care Team Leader - Air Logistics,25/07/1979,24/06/2015,,White Collar,Permanent,Full Time,Fixed,Active,Medium,Female,43,"7 Years, 5 Months",7,33710.07,3,0.53,0.75,0.79,1,0,1,0,1,39658.9,0
2872,15798824,Kennedy,Operations Specialist,22/01/1997,07/10/2013,,Blue Collar,Permanent,Full Time,Fixed,Active,Medium,Male,26,"9 Years, 2 Months",9,31062.11,4,0.28,0.77,0.49,2,0,0,1,0,35297.85,0
2873,15671591,Castiglione,Account Manager ,27/10/1960,15/06/2001,26/05/2019,White Collar,Permanent,Full Time,Fixed,Voluntarily Terminated,High,Male,62,"17 Years, 11 Months",17,30773.61,3,0.26,0.4,0.64,3,1,0,1,1,33018.9,1
2874,15707189,Marshall,Perishable Warehouse Specialist - Air Logistics,10/12/1986,26/12/2013,,Blue Collar,Permanent,Full Time,Fixed,Active,High,Female,36,"8 Years, 11 Months",8,30472.99,1,0.36,0.77,0.93,2,0,1,1,1,34628.4,0
2875,15733581,Duncan,Air Quality Manager healthcare,24/04/1981,01/12/1989,,White Collar,Permanent,Full Time,Flex and Fixed,Active,High,Male,41,"33 Years, 0 Months",33,68773.26,4,0.27,0.54,0.95,3,1,0,1,0,70176.8,0
2876,15641640,Uspenskaya,Inside Sales Executive/ Account Manager,24/10/2000,17/01/2012,,White Collar,Permanent,Full Time,Flex and Fixed,Active,High,Female,22,"10  Years, 11 Months",10,29283.28,4,0.26,0.69,0.82,4,1,0,1,0,34861.05,0
2877,15585284,Thomson,Network Engineer,06/09/1980,26/02/2015,,White Collar,Permanent,Full Time,Flex and Fixed,Active,Low,Female,42,"7 Years, 9 Months",7,62966.86,3,0.28,0.66,0.65,1,1,1,1,1,67706.3,0
2878,15617866,Calabrese,Internal Trainer,26/12/1990,06/12/2020,,White Collar,Permanent,Full Time,Fixed,Active,High,Male,32,"2 Years, 0 Months",2,32663.55,2,0.57,0.51,0.65,1,0,1,1,1,35122.1,0
2879,15667751,Herrera,Inside Sales Executive/ Account Manager,22/11/1986,17/12/1985,,White Collar,Permanent,Full Time,Flex and Fixed,Active,Medium,Female,36,"37 Years, 0 Months",37,30432.85,1,0.57,0.74,0.59,4,1,0,1,0,34980.29,0
2880,15669411,Muse,Cloud Service Analyst,16/06/1982,25/05/2012,11/06/2020,White Collar,Permanent,Full Time,Flex and Fixed,Voluntarily Terminated,Medium,Female,40,"10  Years, 6 Months",10,52374.28,2,0.27,0.55,0.72,4,1,0,1,0,61616.8,1
2881,15789425,Marsden,Account Manager ,31/05/1986,23/07/2008,10/07/2013,White Collar,Permanent,Full Time,Fixed,Voluntarily Terminated,Medium,Female,36,"4 Years, 11 Months",4,32957.01,1,0.39,0.65,0.84,2,1,0,1,0,36618.9,1
2882,15570943,Artemyeva,Inside Sales Executive/ Account Manager,06/03/1958,11/02/2001,,White Collar,Permanent,Full Time,Flex and Fixed,Active,Medium,Female,65,"21 Years, 10 Months",21,26408.4,4,0.79,0.2,0.77,3,1,1,1,1,33010.5,0
2883,15685829,McKay,Regional Air logistics Trainer Specialist,13/02/1990,07/05/2018,,White Collar,Permanent,Full Time,Fixed,Active,High,Male,33,"4 Years, 7 Months",4,33025.74,4,0.52,0.92,0.94,2,0,1,1,1,35511.55,0
2884,15721917,Chuang,Business Development Executive,04/03/1961,05/03/2013,,White Collar,Permanent,Full Time,Flex and Fixed,Active,Medium,Female,62,"9 Years, 9 Months",9,37019.79,2,0.7,0.57,0.6,2,0,1,1,1,40238.9,0
2885,15776047,Nicholls,Road Logistics Sales Representative,19/05/2002,31/05/2018,,White Collar,Permanent,Full Time,Fixed,Active,High,Female,20,"4 Years, 6 Months",4,29313.47,1,0.41,0.75,0.78,2,0,1,0,1,32212.6,0
2886,15716024,Dennis,National Air Logistics Service Excellence Manager,05/02/1987,13/05/2004,,White Collar,Permanent,Full Time,Fixed,Active,Medium,Male,36,"18 Years, 7 Months",18,40017.26,3,0.28,0.68,0.84,2,1,0,1,0,42571.55,0
2887,15675328,Knight,Perishable Operational Care Specialist - Air Logistics,26/11/1985,07/11/2018,,Blue Collar,Permanent,Full Time,Fixed,Active,Medium,Female,37,"4 Years, 1 Months",4,34703.47,4,0.26,0.97,0.7,2,0,0,1,0,36149.45,0
2888,15604314,Webb,National Perishable Air Logistics Development Manager Seafood,01/07/1984,08/09/1996,,White Collar,Permanent,Full Time,Flex and Fixed,Active,High,Female,38,"26 Years, 3 Months",26,32119.59,3,0.42,0.79,0.48,2,1,0,1,0,34912.6,0
2889,15658339,Pugliesi,Warehouse Apprentice- Air Logistics,17/09/2004,10/05/2022,,Blue Collar,Apprentice,Full Time,Fixed,Active,Low,Male,18,"0 Years, 7 Months",0,22898.9,1,0.44,0.66,0.75,0,0,1,1,1,22898.9,0
2890,15630402,Nebechukwu,Business Development Manager,10/07/1986,11/11/2017,,White Collar,Permanent,Full Time,Flex and Fixed,Active,Medium,Female,36,"5 Years, 1 Months",5,50656.99,4,0.98,0.96,0.69,1,1,1,0,1,53323.15,0
2891,15689616,Ward,Sea Logiscitcs Customer Care Specialist ,21/05/1994,20/10/2015,,Blue Collar,Permanent,Full Time,Fixed,Active,Low,Male,28,"7 Years, 1 Months",7,27274.25,4,0.79,0.73,0.69,2,0,0,0,0,32087.35,0
2892,15774224,Nixon,Business Development Executive,25/01/1973,22/12/2014,,White Collar,Permanent,Full Time,Flex and Fixed,Active,High,Female,50,"7 Years, 11 Months",7,33897.95,4,0.28,0.29,0.58,2,0,0,1,0,40354.7,0
2893,15701291,Chidubem,Business Analyst,15/08/1956,07/03/2004,,White Collar,Permanent,Full Time,Flex and Fixed,Active,Medium,Male,66,"18 Years, 9 Months",18,42166.98,3,0.94,0.58,0.56,1,1,0,1,0,51423.15,0
2894,15719606,Rivers,Data Engineer,17/04/1984,20/08/1992,,White Collar,Permanent,Full Time,Flex and Fixed,Active,Low,Male,38,"30 Years, 3 Months",30,60217.37,4,0.44,0.72,0.58,2,1,0,0,0,71687.35,0
2895,15644119,Sochima,Customer Servce Administrative Officer,07/09/1980,23/03/2015,,Blue Collar,Permanent,Full Time,Fixed,Active,High,Male,42,"7 Years, 8 Months",7,26615.61,2,0.28,0.94,0.87,1,0,1,1,1,31685.25,0
2896,15646859,Heydon,Transport Controller,19/05/1984,28/10/2020,,Blue Collar,Permanent,Full Time,Fixed,Active,Medium,Male,38,"2 Years, 1 Months",2,21794.68,3,0.49,0.48,0.56,2,0,1,1,1,24488.4,0
2897,15606836,Lombardo,Perishable Apprentice- Air Logistics,11/02/2002,28/05/2022,,Blue Collar,Apprentice,Full Time,Fixed,Active,Medium,Female,21,"0 Years, 6 Months",0,23483.15,3,0.73,0.6,0.99,0,0,1,1,1,23483.15,0
2898,15664150,Holland,Human Resoruces Coordinator,17/09/1982,31/01/2013,,White Collar,Permanent,Full Time,Fixed,Active,Low,Female,40,"9 Years, 10 Months",9,30646.22,1,0.96,0.97,0.58,1,0,0,1,0,34825.25,0
2899,15624510,Tien,Senior DevOps Engineer,26/09/1989,16/10/2011,26/03/2018,White Collar,Permanent,Full Time,Flex and Fixed,Voluntarily Terminated,High,Male,33,"6 Years, 5 Months",6,67725.46,2,0.36,0.47,0.41,1,1,0,1,0,70547.35,1
2900,15810944,Bryant,Inside Sales Executive/ Account Manager,21/08/1960,11/05/2007,,White Collar,Permanent,Full Time,Flex and Fixed,Active,Medium,Female,62,"15 Years, 7 Months",15,30863.12,1,0.35,0.97,0.61,1,1,0,1,0,35887.35,0
2901,15668575,Hao,Trucking Specialist - Air Logistics,05/02/2001,29/08/2012,,Blue Collar,Permanent,Full Time,Fixed,Active,Medium,Female,22,"10  Years, 3 Months",10,28363.76,3,0.47,0.88,0.67,1,0,1,0,1,35454.7,0
2902,15603246,Genovesi,Network Engineer,21/01/1984,14/01/1983,,White Collar,Permanent,Full Time,Flex and Fixed,Active,Low,Male,39,"39 Years, 11 Months",39,50311.56,2,0.87,0.5,0.7,3,1,1,1,0,71873.65,0
2903,15804002,Kovalev,Operations Specialist,11/01/1955,28/02/2000,,Blue Collar,Permanent,Full Time,Fixed,Active,High,Female,68,"22 Years, 9 Months",22,23585.65,2,0.29,0.93,0.98,2,0,1,1,1,34182.1,0
2904,15728773,Hsieh,Sales Specialist-Air Logitics ,01/04/2004,15/03/2021,,Blue Collar,Permanent,Full Time,Fixed,Active,Medium,Female,18,"1  Years, 9 Months",1,33423.15,2,0.29,0.3,0.7,0,0,1,1,1,33423.15,0
2905,15598044,Debellis,Customer Servce Administrative Officer,14/11/1980,29/03/2014,,Blue Collar,Permanent,Full Time,Fixed,Active,Medium,Female,42,"8 Years, 8 Months",8,34954.97,1,0.59,0.69,0.53,3,0,1,1,1,36794.7,0
2906,15694829,Chibueze,National Air Logistics Gateway Trade Lane Specialist,15/07/1981,06/12/2015,,White Collar,Permanent,Full Time,Fixed,Active,Low,Male,41,"7 Years, 0 Months",7,27851.71,2,0.71,0.69,0.9,2,0,1,0,1,33156.8,0
2907,15600575,Padovano,Transport Controller,02/11/1980,18/08/2021,,Blue Collar,Permanent,Full Time,Fixed,Active,High,Male,42,"1  Years, 4 Months",1,24410.5,2,0.26,0.53,0.67,0,0,0,1,0,24410.5,0
2908,15727311,Yen,Accountant,22/02/1980,13/03/2013,,White Collar,Permanent,Full Time,Fixed,Active,Medium,Female,43,"9 Years, 9 Months",9,31375.51,3,0.56,0.32,0.8,2,1,1,1,1,36483.15,0
2909,15570769,Kibble,Business Development Manager,26/06/1972,01/05/2015,,White Collar,Permanent,Full Time,Flex and Fixed,Active,Low,Male,50,"7 Years, 7 Months",7,44011.42,4,0.29,0.73,0.75,2,1,1,1,1,48364.2,0
2910,15606274,Lori,Transport Controller,29/09/1994,22/11/2020,,Blue Collar,Permanent,Full Time,Fixed,Active,Low,Male,28,"2 Years, 0 Months",2,23687.57,4,0.56,0.77,0.61,2,0,1,1,1,25470.5,0
2911,15746139,Enemuo,Perishable Customer Care Team Leader - Air Logistics,12/01/1995,27/11/2021,,White Collar,Permanent,Full Time,Fixed,Active,High,Male,28,"1  Years, 0 Months",1,40996.8,4,0.28,0.59,0.81,0,0,0,0,0,40996.8,0
2912,15704987,Lu,Inside Sales Executive/ Account Manager,28/09/1996,03/12/2012,,White Collar,Permanent,Full Time,Flex and Fixed,Active,Medium,Female,26,"10  Years, 0 Months",10,30546.27,4,0.6,0.19,0.51,4,1,0,1,0,37251.55,0
2913,15628972,Nebeolisa,Business Analyst,21/01/1991,20/11/2018,09/09/2020,White Collar,Permanent,Full Time,Flex and Fixed,Voluntarily Terminated,Medium,Male,32,"1 Years, 9 Months",1,45342.21,1,0.59,0.78,0.95,1,1,1,1,1,50946.3,1
2914,15697686,Stewart,Inside Sales Executive/ Account Manager,11/06/2001,23/05/2022,,White Collar,Permanent,Full Time,Flex and Fixed,Active,Low,Female,21,"0 Years, 6 Months",0,34397.85,3,0.94,0.84,0.74,0,1,1,1,0,34397.85,0
2915,15733883,Ward,Warehouse Quality Control Specialist - Air Logistics,30/01/1959,12/08/1998,,Blue Collar,Permanent,Full Time,Fixed,Active,Medium,Male,64,"24 Years, 4 Months",24,19639.04,4,0.26,0.65,0.77,2,0,0,0,0,25505.25,0
2916,15617482,Milanesi,National Perishable Air Logistics Development Manager Seafood,19/03/1990,26/05/1999,26/07/2020,White Collar,Permanent,Full Time,Flex and Fixed,Terminated for Cause,High,Female,32,"21 Years, 2 Months",21,31392.81,1,0.29,0.38,0.43,1,1,0,1,0,35673.65,1
2917,15704583,Chikwado,Project Manager,06/01/1981,13/09/2020,28/02/2022,White Collar,Permanent,Full Time,Flex and Fixed,Voluntarily Terminated,Medium,Male,42,"1 Years, 5 Months",1,36802.52,2,0.29,0.12,0.47,1,1,0,1,0,41821.05,1
2918,15621083,Douglas,National Perishable Air Logistics Development Manager Retail,11/12/1983,28/12/2007,15/11/2018,White Collar,Permanent,Part Time,Flex and Fixed,Voluntarily Terminated,High,Male,39,"10 Years, 10 Months",10,30613.73,3,0.26,0.74,0.81,2,1,1,1,1,32847.35,1
2919,15649487,Sal,National Perishable Air Logistics Development Manager Seafood,23/02/1981,14/03/2009,22/02/2014,White Collar,Permanent,Part Time,Flex and Fixed,Voluntarily Terminated,High,Female,42,"4 Years, 11 Months",4,34883.33,3,0.37,0.67,0.82,1,1,0,1,0,36336.8,1
2920,15736760,Douglas,Gateway & Procurement Specialist - Air Logistics,27/07/1994,20/04/2018,,Blue Collar,Permanent,Part Time,Fixed,Active,Low,Female,28,"4 Years, 7 Months",4,33642.43,2,0.81,0.5,0.79,3,0,0,0,0,35044.2,0
2921,15714658,Yates,Recruiter,21/12/1982,28/05/2018,,White Collar,Permanent,Part Time,Fixed,Active,Medium,Female,40,"4 Years, 6 Months",4,34666.07,2,0.27,0.99,0.39,2,0,1,1,0,38517.85,0
2922,15599081,Watt,Inside Sales Executive/ Account Manager,20/01/1989,25/10/2019,,White Collar,Permanent,Part Time,Flex and Fixed,Active,High,Female,34,"3 Years, 1 Months",3,35556.72,1,0.79,0.79,0.89,2,1,1,1,1,37826.3,0
2923,15705113,P'an,Internal Trainer,29/08/1985,31/07/1987,,White Collar,Permanent,Part Time,Fixed,Active,Medium,Male,37,"35 Years, 4 Months",35,32545.89,2,0.46,0.72,0.51,2,0,0,0,0,36162.1,0
2924,15631159,H?,Warehouse Specialist - Air Logistics,03/01/1974,01/02/2016,,Blue Collar,Permanent,Part Time,Fixed,Active,Low,Male,49,"6 Years, 10 Months",6,25651.53,4,0.42,0.83,0.57,2,0,1,1,1,27882.1,0
2925,15792818,Perry,Software Engineer,15/10/1984,06/08/1999,,White Collar,Permanent,Full Time,Flex and Fixed,Active,Low,Female,38,"23  Years, 4 Months",23,58915.418,4,0.39,0.69,0.55,3,1,0,1,0,68506.3,0
2926,15633531,Lavrov,Accountant,08/03/2001,19/12/2018,,White Collar,Permanent,Full Time,Fixed,Active,Low,Female,21,"3 Years, 11 Months",3,32845.22,3,0.92,0.5,0.89,1,1,1,1,1,36093.65,0
2927,15744529,Chiekwugo,Project Coordinator,01/02/1975,02/10/2018,,White Collar,Permanent,Full Time,Fixed,Active,Medium,Male,48,"4 Years, 2 Months",4,30056.86,2,1,0.82,0.84,1,0,1,1,1,32670.5,0
2928,15669656,Macdonald,National Perishable Air Logistics Development Manager Retail,27/06/1996,21/03/2013,,White Collar,Permanent,Full Time,Flex and Fixed,Active,High,Male,26,"9 Years, 8 Months",9,28374.28,2,0.57,0.68,0.56,10,1,1,1,1,33778.9,0
2929,15581198,Jenkins,Inside Sales Executive/ Account Manager,04/04/1992,24/04/2012,,White Collar,Permanent,Full Time,Flex and Fixed,Active,Low,Female,30,"10  Years, 7 Months",10,28033.68,2,0.57,0.82,0.69,2,1,0,1,0,35042.1,0
2930,15729054,Korovina,National Air Logistics Pharma Compliance Specialist,12/08/1989,25/05/2021,,Blue Collar,Permanent,Full Time,Fixed,Active,Low,Male,33,"1  Years, 6 Months",1,32870.29,2,0.92,0.32,0.81,1,0,1,1,1,34600.3,0
2931,15573452,Manning,Software Engineer,14/10/1991,31/08/2020,,White Collar,Permanent,Full Time,Flex and Fixed,Active,Low,Male,31,"2 Years, 3 Months",2,63132.33,4,0.3,0.93,0.86,1,1,0,1,0,68622.1,0
2932,15776733,Wilson,National Air Logistics Pharma Compliance Specialist,31/01/1974,06/07/2018,,Blue Collar,Permanent,Full Time,Fixed,Active,High,Female,49,"4 Years, 5 Months",4,33031.89,4,0.3,0.42,0.73,2,0,0,1,0,36702.1,0
2933,15724858,Begum,Software Engineer,22/04/1983,04/02/2012,15/10/2020,White Collar,Permanent,Full Time,Flex and Fixed,Voluntarily Terminated,High,Female,39,"10  Years, 10 Months",10,52729.26,4,0.28,0.22,0.44,4,1,0,1,1,65097.85,1
2934,15713144,Ingrassia,Customer Care Specialist-Key Accounts,03/08/1980,20/03/2015,,White Collar,Permanent,Full Time,Fixed,Active,Low,Male,42,"7 Years, 8 Months",7,31580.04,1,0.27,0.56,0.88,3,0,0,1,0,36298.9,0
2935,15690188,Maclean,Sales Account Manager,21/04/1987,05/10/2001,11/06/2018,White Collar,Permanent,Full Time,Fixed,Voluntarily Terminated,Low,Male,35,"16 Years, 8 Months",16,31476.56,3,0.57,0.33,0.75,1,1,1,1,1,34213.65,1
2936,15689425,Olejuru,Perishable Warehouse Specialist - Air Logistics,10/10/1996,02/08/2021,,Blue Collar,Permanent,Full Time,Fixed,Active,Medium,Male,26,"1  Years, 4 Months",1,33344.2,2,0.57,0.29,0.48,0,0,0,1,0,33344.2,0
2937,15671766,Enyinnaya,Business Development Manager,04/02/1959,11/05/1989,,White Collar,Permanent,Full Time,Flex and Fixed,Active,High,Male,64,"33 Years, 7 Months",33,29482.6,3,0.41,0.97,0.65,2,1,1,1,1,49970.5,0
2938,15782806,Watson,Account Manager ,17/07/1972,26/04/2022,,White Collar,Permanent,Full Time,Fixed,Active,High,Male,50,"0 Years, 7 Months",0,35890.5,2,0.3,0.91,0.7,0,1,0,1,0,35890.5,0
2939,15764419,Langdon,Gateway & Procurement Specialist - Air Logistics,23/11/2000,04/06/2019,,Blue Collar,Permanent,Full Time,Fixed,Active,Low,Male,22,"3 Years, 6 Months",3,33888.7,4,0.99,0.52,0.67,2,0,1,1,1,34936.8,0
2940,15591915,Frolov,National Service Excellence Specialist- Air Logistics,27/07/1999,12/08/2016,29/12/2021,White Collar,Permanent,Part Time,Flex and Fixed,Voluntarily Terminated,High,Female,23,"5 Years, 4 Months",5,29775.71,3,0.25,0.54,0.64,2,0,1,0,1,32720.56,1
2941,15772798,Chikezie,BI Developer,20/07/1975,16/05/2022,,White Collar,Permanent,Part Time,Flex and Fixed,Active,Medium,Female,47,"0 Years, 7 Months",0,60282.1,3,0.92,0.54,0.98,0,1,1,1,1,60282.1,0
2942,15792008,Zetticci,Analyst Programmer ,04/06/1973,25/12/2014,,White Collar,Permanent,Part Time,Flex and Fixed,Active,Low,Female,49,"7 Years, 11 Months",7,57299.33,4,0.26,0.67,0.52,1,1,1,0,1,62966.3,0
2943,15715541,Yang,Sea Logiscitcs Customer Care Specialist ,13/04/1996,31/10/2016,,Blue Collar,Permanent,Part Time,Fixed,Active,High,Female,26,"6 Years, 1 Months",6,31808.74,4,0.83,0.72,0.85,1,0,1,1,1,36146.3,0
2944,15639277,Lin,Business Development Manager,20/11/1981,25/03/2014,,White Collar,Permanent,Part Time,Flex and Fixed,Active,High,Female,41,"8 Years, 8 Months",8,45778.23,4,0.3,0.68,0.51,3,1,0,0,0,53230.5,0
2945,15798850,Goddard,Warehouse Apprentice- Air Logistics,05/10/2004,14/04/2022,,Blue Collar,Apprentice,Part Time,Fixed,Active,High,Male,18,"0 Years, 8 Months",0,22895.75,3,0.47,0.65,0.98,0,0,0,1,0,22895.75,0
2946,15776348,Rogers,Perishable Operational Care Specialist - Air Logistics,09/07/1995,10/07/2017,22/10/2017,Blue Collar,Permanent,Part Time,Fixed,Voluntarily Terminated,High,Male,27,"0 Years, 3 Months",0,32667.35,3,0.46,0.46,0.98,0,0,0,0,1,32667.35,1
2947,15727696,Zubareva,Warehouse Quality Control Specialist - Air Logistics,16/05/1979,22/08/2012,,Blue Collar,Permanent,Part Time,Fixed,Active,High,Male,43,"10  Years, 3 Months",10,19876.2,2,0.6,0.51,0.79,3,0,1,1,1,24845.25,0
2948,15793813,Onochie,Accountant,17/06/1981,07/11/2015,,White Collar,Permanent,Part Time,Fixed,Active,Low,Male,41,"7 Years, 1 Months",7,29889.18,1,0.7,0.8,0.58,3,1,1,0,1,32138.9,0
2949,15694395,Ts'ui,Java Software Engineer ,25/04/1985,09/10/2017,,White Collar,Permanent,Part Time,Flex and Fixed,Active,Low,Female,37,"5 Years, 2 Months",5,64382,2,0.44,0.83,0.93,1,1,0,0,0,70749.45,0
2950,15764195,Newsom,Sea Logistics Pricing Coordinator,01/07/1982,11/08/2021,,White Collar,Permanent,Part Time,Fixed,Active,Low,Male,40,"1  Years, 4 Months",1,34518.53,4,0.67,0.15,0.86,1,0,1,1,1,35956.8,0
2951,15744919,Genovese,Stock Investigator & Analyst,14/04/1955,21/08/2018,,White Collar,Permanent,Part Time,Flex and Fixed,Active,Low,Female,67,"4 Years, 3 Months",4,43127.62,1,0.27,0.5,0.73,1,1,1,1,1,46877.85,0
2952,15671655,Thorpe,Internal Trainer,23/09/1989,06/05/2016,26/08/2020,White Collar,Permanent,Part Time,Fixed,Voluntarily Terminated,Medium,Male,33,"4 Years, 3 Months",4,31262.78,1,0.28,0.8,0.55,1,0,1,1,1,34354.7,1
2953,15654901,Horton,Accounting Coordinator,03/03/1980,19/10/2012,,White Collar,Permanent,Part Time,Fixed,Active,Medium,Male,43,"10  Years, 1 Months",10,31292.18,4,0.57,0.96,0.62,5,1,0,1,0,37252.6,0
2954,15649136,Williamson,Recruiter,20/05/1980,17/12/2017,,White Collar,Permanent,Part Time,Fixed,Active,Low,Female,42,"5 Years, 0 Months",5,39164.93,3,0.8,0.67,0.7,2,0,1,1,1,40796.8,0
2955,15775562,Shoobridge,Regional Air logistics Trainer Specialist,04/06/1985,07/12/2012,,White Collar,Permanent,Part Time,Fixed,Active,Medium,Female,37,"10  Years, 0 Months",10,27327.93,2,0.27,0.98,0.96,5,0,0,1,0,32150.5,0
2956,15807481,Peng,Accountant,16/05/1995,08/11/2012,,White Collar,Permanent,Part Time,Fixed,Active,Low,Female,27,"10 Years, 1 Months",10,30195.03,3,0.28,0.88,0.59,2,1,1,1,1,35110.5,0
2957,15642885,Gray,Senior DevOps Engineer,25/09/1960,22/11/2015,,White Collar,Permanent,Part Time,Flex and Fixed,Active,Medium,Male,62,"7 Years, 0 Months",7,62664.41,4,0.79,0.85,0.79,2,1,0,1,0,70409.45,0
2958,15789109,Watson,Internal Trainer,24/03/1989,07/03/2015,28/09/2019,White Collar,Permanent,Part Time,Fixed,Voluntarily Terminated,High,Female,33,"7  Years, 9 Months",7,33118.34,3,0.41,0.34,0.7,3,0,1,1,1,35534.7,1
2959,15814004,Fyodorova,Software Engineer,08/04/1985,14/04/2017,,White Collar,Permanent,Part Time,Flex and Fixed,Active,High,Male,37,"5  Years, 8 Months",5,63693.26,4,0.7,0.38,0.77,1,1,1,0,1,65663.15,0
2960,15673619,Bazhenov,Data Engineer,06/08/1981,06/01/1996,,White Collar,Permanent,Part Time,Flex and Fixed,Active,Medium,Male,41,"26 Years, 11 Months",26,58598.07,1,0.26,0.55,0.82,4,1,0,1,0,68938.9,0
2961,15595135,Solomon,Sales Account Manager,07/12/1977,18/06/2022,,White Collar,Permanent,Part Time,Fixed,Active,Medium,Female,45,"0 Years, 6 Months",0,33437.85,4,0.3,0.63,0.89,0,1,0,1,0,33437.85,0
2962,15583681,Layh,National Air Logistics Pharma Compliance Specialist,25/12/1981,27/05/1999,,Blue Collar,Permanent,Part Time,Fixed,Active,Low,Male,41,"23 Years, 6 Months",23,32683.13,1,0.86,0.78,0.51,2,0,1,1,1,35143.15,0
2963,15605000,John,Warehouse Shift Team Leader- Air Logistics,30/10/1982,11/09/2017,11/08/2018,White Collar,Permanent,Part Time,Fixed,Voluntarily Terminated,Medium,Male,40,"0 Years, 11 Months",0,43770.5,3,0.08,0.99,0.84,0,0,1,1,1,43770.5,1
2964,15718071,Tuan,Perishable Operational Care Specialist - Air Logistics,14/08/1962,02/03/1989,,Blue Collar,Permanent,Part Time,Fixed,Active,Low,Female,60,"33 Years, 9 Months",33,32487.12,3,0.95,0.72,0.87,2,0,1,0,0,36096.8,0
2965,15679760,Slattery,Customer Brokerage Specialist,04/07/1958,16/03/2008,,Blue Collar,Permanent,Part Time,Fixed,Active,Medium,Male,64,"14 Years, 9 Months",14,29595.74,3,0.48,0.14,0.83,1,1,0,0,0,34413.65,0
2966,15654574,Onyekachi,Inside Sales Executive/ Account Manager,22/03/1969,10/12/2019,,White Collar,Permanent,Part Time,Flex and Fixed,Active,Low,Male,53,"3 Years, 0 Months",3,32212.04,4,0.3,0.81,0.67,1,1,0,1,0,35397.85,0
2967,15577178,Genovese,Account Manager ,02/05/1986,08/03/2005,07/09/2013,White Collar,Permanent,Part Time,Fixed,Voluntarily Terminated,Low,Male,36,"8 Years, 5 Months",8,30150.67,3,0.29,0.45,0.86,3,1,0,1,0,35893.65,1
2968,15595324,Daniels,National Perishable Air Logistics Development Manager Seafood,04/12/1981,21/11/2014,07/10/2022,White Collar,Permanent,Part Time,Flex and Fixed,Voluntarily Terminated,Medium,Female,41,"7 Years, 10 Months",7,32607.15,2,0.11,0.58,0.8,2,1,0,0,0,33272.6,1
2969,15756932,Caldwell,Aerospace International Logistics Specialist,21/04/1981,11/03/2007,,Blue Collar,Permanent,Part Time,Fixed,Active,High,Female,41,"15 Years, 9 Months",15,34374.12,2,0.72,0.24,0.85,1,0,1,1,1,36882.1,0
2970,15726358,Chiemenam,Customer Brokerage Specialist,27/09/1955,22/02/2003,,Blue Collar,Permanent,Part Time,Fixed,Active,Low,Male,67,"19 Years, 9 Months",19,27892.76,3,0.36,0.31,0.86,5,1,0,0,0,35759.95,0
2971,15595228,Wanliss,Warehouse Quality Control Specialist - Air Logistics,04/01/1984,20/05/2008,25/02/2015,Blue Collar,Permanent,Part Time,Fixed,Voluntarily Terminated,Low,Male,39,"14  Years, 6 Months",14,23805.24,3,0.3,0.74,0.63,2,0,1,0,1,25542.1,1
2972,15782530,Bruce,Customer Servce Administrative Officer,01/12/1981,03/07/2012,,Blue Collar,Permanent,Part Time,Fixed,Active,High,Male,41,"10  Years, 5 Months",10,29092.2,3,0.44,0.86,0.69,4,0,0,1,0,36365.25,0
2973,15592877,Wright,Business Analyst,15/11/1989,03/08/2021,,White Collar,Permanent,Part Time,Flex and Fixed,Active,High,Male,33,"1  Years, 4 Months",1,49409.45,3,0.41,0.22,0.8,0,1,0,1,0,49409.45,0
2974,15651983,Fang,National Perishable Air Logistics Development Manager Retail,28/10/1981,11/08/2002,26/10/2018,White Collar,Permanent,Part Time,Flex and Fixed,Voluntarily Terminated,High,Female,41,"16 Years, 2 Months",16,31873.37,2,0.29,0.66,0.7,3,1,1,1,1,34198.9,1
2975,15746737,Eames,Business Analyst,24/07/1960,09/07/1988,,White Collar,Permanent,Part Time,Flex and Fixed,Active,Low,Male,62,"34  Years, 5 Months",34,46547.02,4,0.99,0.21,0.76,2,1,1,1,1,49943.15,0
2976,15774179,Sutherland,Project Manager,10/12/1974,16/09/2017,,White Collar,Permanent,Part Time,Flex and Fixed,Active,High,Male,48,"5 Years, 3 Months",5,39399.89,1,0.26,0.95,0.61,2,1,1,1,1,44772.6,0
2977,15667265,Cavenagh,Data Engineer,19/08/1985,22/09/2019,,White Collar,Permanent,Part Time,Flex and Fixed,Active,High,Male,37,"3 Years, 2 Months",3,63657.82,2,0.3,0.24,0.55,2,1,1,1,1,69953.65,0
2978,15655123,Dumetolisa,Software Engineer,03/09/1958,16/05/2009,11/09/2020,White Collar,Permanent,Part Time,Flex and Fixed,Voluntarily Terminated,Low,Female,64,"11 Years, 3 Months",11,57295.06,1,0.3,0.66,0.95,1,1,0,1,0,68208.4,1
2979,15595917,Mackay,Warehouse Quality Control Specialist - Air Logistics,13/02/2001,06/10/2022,,Blue Collar,Permanent,Part Time,Fixed,Active,High,Female,22,"0 Years, 2 Months",0,24734.7,2,0.96,0.88,0.86,0,0,1,0,1,24734.7,0
2980,15668385,Dellucci,National Service Excellence Specialist- Air Logistics,04/07/1980,12/12/2014,,White Collar,Permanent,Part Time,Flex and Fixed,Active,High,Male,42,"8 Years, 0 Months",8,30760.82,4,0.81,0.67,0.61,2,0,1,1,0,35768.4,0
2981,15709476,Kenyon,Warehouse Quality Control Specialist - Air Logistics,29/03/1985,10/07/2016,,Blue Collar,Permanent,Part Time,Fixed,Active,Medium,Female,37,"6  Years, 5 Months",6,25452.97,1,0.68,0.75,0.58,1,0,0,1,0,26792.6,0
2982,15711218,Parry,Revenue Care Specialist- Air Logistics,01/02/1961,20/07/1999,,White Collar,Permanent,Part Time,Fixed,Active,Low,Male,62,"23  Years, 4 Months",23,35770.12,3,0.27,0.93,0.48,2,1,0,1,0,43622.1,0
2983,15798659,Kennedy,Project Coordinator,20/06/1973,07/06/2013,,White Collar,Permanent,Part Time,Fixed,Active,Medium,Female,49,"9 Years, 6 Months",9,27646.84,2,0.97,0.64,0.71,2,0,0,1,0,33309.45,0
2984,15663939,Arnott,Accountant,27/01/1986,26/10/2015,,White Collar,Permanent,Part Time,Fixed,Active,Low,Male,37,"7 Years, 1 Months",7,31465.84,1,0.71,0.51,0.53,1,1,1,1,0,34577.85,0
2985,15694946,Hanson,Inside Sales Executive/ Account Manager,28/02/1995,10/11/2014,,White Collar,Permanent,Part Time,Flex and Fixed,Active,Low,Male,28,"8 Years, 1 Months",8,30121.77,4,0.26,0.98,0.5,3,1,1,1,1,32741.05,0
2986,15631912,T'ao,Account Manager ,14/02/1996,28/09/2020,,White Collar,Permanent,Part Time,Fixed,Active,High,Male,27,"2 Years, 2 Months",2,35498.69,4,0.41,0.72,0.63,1,1,0,1,0,36223.15,0
2987,15768816,Shen,Trucking Specialist - Air Logistics,16/04/1997,15/02/2019,,Blue Collar,Permanent,Part Time,Fixed,Active,Medium,Male,25,"3 Years, 10 Months",3,34993.48,4,0.28,0.51,0.75,1,0,0,1,0,36075.75,0
2988,15682268,Steere,Cloud Service Analyst,11/08/1988,11/07/2018,,White Collar,Permanent,Part Time,Flex and Fixed,Active,Medium,Female,34,"4 Years, 5 Months",4,59730.44,3,0.44,0.54,0.58,1,1,0,0,0,65637.85,0
2989,15684801,Abbott,Accounts Payable,10/10/1962,21/10/1994,,White Collar,Permanent,Part Time,Fixed,Active,Low,Male,60,"28 Years, 1 Months",28,33189.12,3,0.8,0.99,0.76,2,1,0,1,0,36876.8,0
2990,15636428,Sutherland,National Service Excellence Specialist- Air Logistics,29/09/1961,22/07/2017,12/08/2019,White Collar,Permanent,Part Time,Flex and Fixed,Voluntarily Terminated,Low,Female,61,"2 Years, 0 Months",2,33706.97,2,0.39,0.44,0.9,1,0,0,1,1,34749.45,1
2991,15809823,Thurgood,National Air Logistics Gateway Trade Lane Specialist,29/05/1955,22/02/2005,,White Collar,Permanent,Part Time,Fixed,Active,Medium,Male,67,"17  Years, 9 Months",17,28553.78,1,0.65,0.74,0.48,3,0,0,0,0,33992.6,0
2992,15699284,Johnson,Warehouse Shift Team Leader Healthcare- Air Logistics,01/10/1974,10/05/2018,,White Collar,Permanent,Part Time,Fixed,Active,High,Male,48,"4 Years, 7 Months",4,37563.17,1,0.42,0.9,0.77,2,0,0,1,0,40390.5,0
2993,15786993,Lung,Customer Servce Administrative Officer,12/03/1981,21/10/2007,,Blue Collar,Permanent,Part Time,Fixed,Active,Low,Female,41,"15 Years, 1 Months",15,34409.39,1,0.94,0.86,0.58,2,0,1,0,1,36919.95,0
2994,15709441,Cocci,Operations Specialist,08/12/1980,03/10/2021,,Blue Collar,Permanent,Part Time,Fixed,Active,Low,Female,42,"1  Years, 2 Months",1,33391.55,1,0.65,0.66,0.52,0,0,1,1,1,33391.55,0
2995,15710257,Matveyeva,Stock Investigator & Analyst,28/02/1969,19/08/1994,,White Collar,Permanent,Part Time,Flex and Fixed,Active,Medium,Female,54,"28  Years, 3 Months",28,41831.96,2,0.88,0.64,0.96,3,1,1,0,1,46479.95,0
2996,15582492,Moore,Cloud Service Analyst,17/04/1980,14/07/2020,,White Collar,Permanent,Part Time,Flex and Fixed,Active,Low,Female,42,"2 Years, 5 Months",2,62242.35,4,0.26,0.5,0.59,1,1,0,1,0,63512.6,0
2997,15575694,Yobachukwu,Road Logistics Sales Representative,08/07/2002,25/04/2021,,White Collar,Permanent,Part Time,Fixed,Active,Low,Female,20,"1  Years, 7 Months",1,33223.15,1,0.28,0.88,0.68,0,0,0,1,0,33223.15,0
2998,15756820,Fleming,Customer Servce Administrative Officer,18/02/1960,15/10/2007,,Blue Collar,Permanent,Part Time,Fixed,Active,Medium,Female,63,"15 Years, 2 Months",15,32263.88,3,0.56,0.72,0.47,2,0,1,0,1,36251.55,0
2999,15766289,Dickinson,Sea Logiscitcs Customer Care Specialist ,02/06/1982,14/12/2020,,Blue Collar,Permanent,Part Time,Fixed,Active,Low,Male,40,"2  Years, 0 Months",2,36355.75,4,0.41,0.53,0.53,0,0,0,1,0,36355.75,0
3000,15593014,Evseyev,Sales Account Manager,06/04/1975,21/12/2021,,White Collar,Permanent,Part Time,Fixed,Active,Low,Male,47,"0 Years, 11 Months",0,33175.75,1,0.66,0.83,0.77,0,1,1,0,1,33175.75,0
3001,15584545,Aksenov,National Air Logistics Gateway QSHE Manager - Pharma,31/05/1984,20/09/2022,,White Collar,Permanent,Part Time,Flex and Fixed,Active,High,Female,38,"0 Years, 2 Months",0,70726.3,2,0.27,0.24,0.52,0,1,1,0,1,70726.3,0
3002,15675949,Fleming,Revenue Care Specialist- Air Logistics,05/11/1969,01/08/2009,,White Collar,Permanent,Part Time,Fixed,Active,High,Female,53,"13 Years, 4 Months",13,38053.17,4,0.26,0.66,0.75,1,1,1,1,1,40482.1,0
3003,15672091,Ulyanov,BI Developer,27/01/1984,10/05/2007,,White Collar,Permanent,Part Time,Flex and Fixed,Active,Low,Female,39,"15 Years, 7 Months",15,51573.73,4,0.46,0.43,0.63,2,1,0,0,0,59969.45,0
3004,15801658,Summers,Business Development Manager,31/08/1988,09/09/2020,,White Collar,Permanent,Part Time,Flex and Fixed,Active,Medium,Male,34,"2 Years, 3 Months",2,49142.18,4,0.78,0.75,0.66,1,1,1,0,1,52841.05,0
3005,15706185,Clements,Analyst Programmer ,28/06/1978,29/08/2013,,White Collar,Permanent,Part Time,Flex and Fixed,Active,Medium,Male,44,"9 Years, 3 Months",9,53227.51,3,0.55,0.42,0.89,3,1,1,1,1,61181.05,0
3006,15789863,Kazakova,Business Development Manager,29/11/1961,30/11/2008,,White Collar,Permanent,Part Time,Flex and Fixed,Active,High,Male,61,"14 Years, 0 Months",14,43936.01,1,0.45,0.54,0.74,1,1,0,1,0,49366.3,0
3007,15720943,Pirozzi,Perishable Apprentice- Air Logistics,24/08/2003,04/02/2009,09/09/2017,Blue Collar,Apprentice,Part Time,Fixed,Voluntarily Terminated,High,Female,19,"8 Years, 7 Months",8,22169.81,4,0.24,0.34,0.85,2,0,0,1,0,23787.35,1
3008,15697997,Jamieson,National Perishable Air Logistics Development Manager Seafood,03/12/1999,17/10/2012,02/01/2019,White Collar,Permanent,Part Time,Flex and Fixed,Voluntarily Terminated,Low,Male,23,"10  Years, 2 Months",10,28178.82,3,0.23,0.95,0.79,5,1,1,0,1,33151.55,1
3009,15665416,Ferri,Warehouse Quality Control Specialist - Air Logistics,05/12/1982,13/01/2016,,Blue Collar,Permanent,Part Time,Fixed,Active,Medium,Male,40,"6 Years, 11 Months",6,23208.81,4,0.45,0.6,0.61,1,0,1,0,1,26373.65,0
3010,15660200,Mai,Stock Investigator & Analyst,04/12/1985,08/04/2018,,White Collar,Permanent,Part Time,Flex and Fixed,Active,Medium,Male,37,"4 Years, 8 Months",4,46673.14,3,0.35,0.95,0.71,3,1,1,1,1,48617.85,0
3011,15619653,Hannaford,Apprentice,21/01/2003,20/05/2009,12/06/2014,Blue Collar,Apprentice,Part Time,Fixed,Voluntarily Terminated,High,Male,20,"5 Years, 0 Months",5,22569.45,2,0.35,0.62,0.89,0,0,0,1,0,22569.45,1
3012,15773447,Fomin,Forklift Operator,07/07/2002,19/02/2021,,Blue Collar,Permanent,Part Time,Fixed,Active,High,Male,20,"1  Years, 9 Months",1,26749.63,3,0.3,0.89,0.73,1,0,0,1,0,27864.2,0
3013,15739160,Mahon,Recruiter,06/10/1984,13/12/2021,,White Collar,Permanent,Part Time,Fixed,Active,Low,Female,38,"1 Years, 0 Months",1,41285.25,4,0.86,0.73,0.93,0,0,0,1,0,41285.25,0
3014,15689237,Shaw,Recruiter,20/08/1956,07/09/2021,,White Collar,Permanent,Part Time,Fixed,Active,Medium,Female,66,"1  Years, 3 Months",1,38671.55,3,0.3,0.86,0.94,0,0,0,1,0,38671.55,0
3015,15679297,Volkova,Trucking Specialist - Air Logistics,22/12/1980,26/09/2018,,Blue Collar,Permanent,Part Time,Fixed,Active,High,Male,42,"4 Years, 2 Months",4,30888.72,3,0.37,0.76,0.73,2,0,0,1,0,32175.75,0
3016,15591433,Miles,Sea Logistics Pricing Coordinator,17/03/1969,24/08/1998,,White Collar,Permanent,Part Time,Fixed,Active,Medium,Male,53,"24 Years, 3 Months",24,30929.39,4,0.36,0.91,0.76,1,0,0,1,0,33618.9,0
3017,15642725,Madison,Network Engineer,05/02/1991,25/07/2021,,White Collar,Permanent,Part Time,Flex and Fixed,Active,Low,Male,32,"1  Years, 4 Months",1,63627.74,4,0.57,1,0.81,1,1,1,0,1,66278.9,0
3018,15701962,Scott,Business Analyst,27/10/1981,30/07/2017,,White Collar,Permanent,Part Time,Flex and Fixed,Active,Medium,Female,41,"5 Years, 4 Months",5,46177.98,3,0.29,0.98,0.78,1,1,0,1,0,48608.4,0
3019,15811613,Voss,National Service Excellence Specialist- Air Logistics,20/08/1981,23/03/2012,,White Collar,Permanent,Part Time,Flex and Fixed,Active,Low,Female,41,"10  Years, 8 Months",10,29443.96,2,0.93,0.65,0.89,2,0,0,1,0,34639.95,0
3020,15741049,Colebatch,Perishable Warehouse Specialist - Air Logistics,21/06/1961,06/04/2019,,Blue Collar,Permanent,Part Time,Fixed,Active,High,Male,61,"3 Years, 8 Months",3,32076.53,4,0.29,0.62,0.79,1,0,1,1,1,36041.05,0
3021,15724423,Wilson,Accounting Coordinator,24/09/1986,15/11/2005,,White Collar,Permanent,Part Time,Fixed,Active,Medium,Female,36,"17 Years, 1 Months",17,34484.21,3,0.26,0.83,0.82,2,1,0,0,0,35921.05,0
3022,15574305,T'ang,Gateway & Procurement Specialist - Air Logistics,14/10/1984,03/01/1983,,Blue Collar,Permanent,Part Time,Fixed,Active,Low,Male,38,"39  Years, 11 Months",39,27894.28,3,0.81,0.75,1,3,0,1,1,1,32816.8,0
3023,15678168,Gibson,Trucking Specialist - Air Logistics,23/06/1978,20/06/2018,,Blue Collar,Permanent,Part Time,Fixed,Active,Medium,Female,44,"4 Years, 5 Months",4,31577.32,2,0.59,0.82,0.63,2,0,1,1,1,34700.35,0
3024,15697020,Hs?eh,Stock Investigator & Analyst,23/04/1992,08/07/2022,,White Collar,Permanent,Part Time,Flex and Fixed,Active,High,Male,30,"0 Years, 5 Months",0,49282.1,4,0.29,0.69,0.68,0,1,0,1,0,49282.1,0
3025,15610801,Pan,Stock Investigator & Analyst,15/09/1973,10/06/2019,,White Collar,Permanent,Part Time,Flex and Fixed,Active,Low,Male,49,"3 Years, 6 Months",3,44825.2,4,0.36,0.41,0.96,1,1,1,0,1,46211.55,0
3026,15745232,Chikelu,Apprentice,11/12/2003,26/05/2022,,Blue Collar,Apprentice,Part Time,Fixed,Active,Medium,Female,19,"0 Years, 6 Months",0,22897.85,1,0.27,0.52,0.64,0,0,1,1,1,22897.85,0
3027,15722758,Allan,Material Handler ,06/10/2004,04/08/2022,,Blue Collar,Permanent,Part Time,Fixed,Active,Medium,Male,18,"0 Years, 4 Months",0,24086.3,2,0.9,0.74,0.86,0,0,0,0,0,24086.3,0
3028,15792102,Yefremova,IT System Engineer,13/01/1984,28/10/1995,,White Collar,Permanent,Part Time,Flex and Fixed,Active,Medium,Female,39,"27 Years, 1 Months",27,61714.75,3,0.27,0.33,0.96,1,1,0,0,0,66359.95,0
3029,15675185,Chuang,Transport Controller,13/01/1981,02/02/2019,,Blue Collar,Permanent,Part Time,Fixed,Active,Medium,Female,42,"3 Years, 10 Months",3,22208.18,4,0.48,0.8,0.69,2,0,1,1,1,24675.75,0
3030,15801247,Fan,Warehouse Apprentice- Air Logistics,15/06/2003,11/03/2022,,Blue Collar,Apprentice,Part Time,Fixed,Active,High,Male,19,"0 Years, 9 Months",0,21434.7,3,0.89,0.82,0.89,0,0,0,1,0,21434.7,0
3031,15725660,Dellucci,IT System Engineer,23/02/1979,12/03/2021,,White Collar,Permanent,Part Time,Flex and Fixed,Active,Low,Male,44,"1  Years, 9 Months",1,66237.99,4,0.53,0.59,0.65,1,1,0,0,0,69724.2,0
3032,15638963,Garran,Accountant,15/09/1984,11/11/2003,,White Collar,Permanent,Part Time,Fixed,Active,Low,Female,38,"19  Years, 1 Months",19,25814.72,3,0.41,0.98,0.8,1,1,1,1,0,32268.4,0
3033,15800061,Moretti,Aerospace International Logistics Specialist,21/01/1986,08/02/2012,25/09/2019,Blue Collar,Permanent,Part Time,Fixed,Voluntarily Terminated,Low,Female,37,"10  Years, 10 Months",10,27394.29,1,0.56,0.44,0.94,4,0,0,1,1,33820.11,1
3034,15578006,Yao,Project Manager,27/12/1969,03/03/2018,,White Collar,Permanent,Full Time,Flex and Fixed,Active,High,Female,53,"4 Years, 9 Months",4,40030.4,1,0.28,0.49,0.95,1,1,1,1,1,43989.45,0
3035,15668504,Lucchesi,Sea Logiscitcs Customer Care Specialist ,21/08/1999,28/09/2018,,Blue Collar,Permanent,Full Time,Fixed,Active,High,Male,23,"4 Years, 2 Months",4,31464.07,1,0.29,0.6,0.94,2,0,1,1,1,34960.08,0
3036,15687491,Nkemdilim,Warehouse Specialist - Air Logistics,19/12/1962,03/12/2000,13/05/2017,Blue Collar,Permanent,Full Time,Fixed,Voluntarily Terminated,Medium,Male,60,"16 Years, 5 Months",16,23050.28,2,0.11,0.34,0.82,3,0,0,0,1,24785.25,1
3037,15610403,Anderson,Customer Servce Administrative Officer,16/03/1994,18/08/2014,,Blue Collar,Permanent,Full Time,Fixed,Active,Medium,Male,28,"8 Years, 4 Months",8,26866.25,4,0.49,0.71,0.77,3,0,0,1,0,31607.35,0
3038,15741094,Sagese,Network Engineer,06/02/1962,13/12/1989,,White Collar,Permanent,Full Time,Flex and Fixed,Active,Medium,Male,61,"33 Years, 0 Months",33,62517.53,3,0.3,0.6,0.64,1,1,1,1,0,67223.15,0
3039,15807909,Rubensohn,Perishable Warehouse Specialist - Air Logistics,08/07/2000,27/05/2020,,Blue Collar,Permanent,Full Time,Fixed,Active,Low,Male,22,"2 Years, 6 Months",2,30106.62,1,0.5,0.12,0.78,1,0,0,1,0,33084.2,0
3040,15666141,Baldwin,Transport Controller,10/06/1969,14/04/2005,,Blue Collar,Permanent,Full Time,Fixed,Active,Medium,Female,53,"17 Years, 8 Months",17,22257.49,3,0.27,0.16,0.87,2,0,1,1,1,25292.6,0
3041,15617134,Iqbal,Pricing Analyst,03/05/1959,13/05/2016,,White Collar,Permanent,Full Time,Flex and Fixed,Active,Medium,Male,63,"6 Years, 7 Months",6,48809.96,4,0.48,0.57,0.61,1,1,0,1,0,51378.9,0
3042,15783029,Monaldo,Sales Specialist-Air Logitics ,29/08/2002,04/01/2022,,Blue Collar,Permanent,Full Time,Fixed,Active,High,Male,20,"0 Years, 11 Months",0,35935.75,4,0.26,0.72,0.8,0,0,1,1,1,35935.75,0
3043,15622833,Mahon,Aerospace International Logistics Specialist,31/07/1994,23/07/2020,,Blue Collar,Permanent,Full Time,Fixed,Active,Low,Female,28,"2 Years, 4 Months",2,32136.75,4,0.98,0.91,0.55,1,0,0,0,0,32792.6,0
3044,15746422,Muir,Recruiter,19/02/1960,09/07/1995,,White Collar,Permanent,Full Time,Fixed,Active,High,Female,63,"27 Years, 5 Months",27,37681.23,1,0.28,0.95,0.49,3,0,0,1,0,40430.5,0
3045,15750839,Burns,Transport Controller,25/01/1967,22/12/1990,,Blue Collar,Permanent,Full Time,Fixed,Active,Low,Male,56,"31 Years, 11 Months",31,26718.95,1,0.44,0.71,0.9,1,0,1,1,0,28668.4,0
3046,15749130,Dyer,Transport Controller,06/08/1983,17/04/2020,,Blue Collar,Permanent,Full Time,Fixed,Active,Medium,Male,39,"2 Years, 8 Months",2,23055.03,1,0.57,0.9,0.69,2,0,1,1,1,26198.9,0
3047,15779862,Lyons,Sales Account Manager,17/03/1988,12/05/2007,23/05/2022,White Collar,Permanent,Full Time,Fixed,Voluntarily Terminated,Low,Female,34,"15 Years, 0 Months",15,31200.99,2,0.43,0.66,0.81,10,1,1,0,1,33549.45,1
3048,15767871,H?,Perishable Warehouse Specialist - Air Logistics,10/06/1972,08/12/2018,,Blue Collar,Permanent,Full Time,Fixed,Active,High,Male,50,"4 Years, 0 Months",4,31098.02,2,0.66,0.48,0.59,2,0,1,1,1,34173.65,0
3049,15679651,Gardiner,Business Development Manager,20/10/1980,23/10/1998,,White Collar,Permanent,Full Time,Flex and Fixed,Active,Medium,Female,42,"24 Years, 1 Months",24,40975.12,3,0.29,0.82,0.82,3,1,0,1,0,51218.9,0
3050,15576219,Cameron,Finance Analyst,20/12/1975,06/06/2013,,White Collar,Permanent,Full Time,Flex and Fixed,Active,Medium,Male,47,"9 Years, 6 Months",9,41049.72,2,0.41,0.83,0.79,3,1,1,1,1,50060.63,0
3051,15699247,Chapman,Trucking Specialist - Air Logistics,02/03/1995,14/01/2016,21/06/2017,Blue Collar,Permanent,Full Time,Fixed,Voluntarily Terminated,Medium,Female,28,"1 Years, 5 Months",1,35140.97,3,0.27,0.85,0.82,0,0,1,1,1,35140.97,1
3052,15619087,Taylor,Internal Trainer,11/09/1991,13/03/2022,,White Collar,Permanent,Full Time,Fixed,Active,Medium,Male,31,"0 Years, 9 Months",0,35191.55,1,0.75,0.84,0.47,0,0,1,1,1,35191.55,0
3053,15605327,Namatjira,Internal Trainer,19/01/1976,24/09/2022,,White Collar,Permanent,Full Time,Fixed,Active,Low,Male,47,"0 Years, 2 Months",0,33376.8,3,0.3,0.99,0.51,0,0,1,1,1,33376.8,0
3054,15610140,He,Pricing Analyst,14/10/1991,01/09/2017,,White Collar,Permanent,Full Time,Flex and Fixed,Active,High,Female,31,"5 Years, 3 Months",5,48260.38,4,0.36,0.54,0.72,3,1,0,1,0,50800.4,0
3055,15791174,Leibius,Customer Care Specialist-Key Accounts,31/07/1983,23/12/2012,,White Collar,Permanent,Full Time,Fixed,Active,High,Male,39,"9 Years, 11 Months",9,33092.38,2,0.27,0.64,0.42,3,0,1,0,1,36365.25,0
3056,15602373,White,Data Analyst,15/01/1984,06/04/2021,,White Collar,Permanent,Full Time,Flex and Fixed,Active,Medium,Male,39,"1 Years, 8 Months",1,42944.14,1,0.37,0.67,0.68,1,1,0,1,0,45685.25,0
3057,15762605,Wall,Business Analyst,22/07/1991,03/03/2004,,White Collar,Permanent,Full Time,Flex and Fixed,Active,High,Male,31,"18 Years, 9 Months",18,39522.85,2,0.51,0.48,0.54,1,1,1,1,1,45956.8,0
3058,15598840,Moretti,Forklift Operator,02/10/2004,10/08/2021,,Blue Collar,Permanent,Full Time,Fixed,Active,Medium,Male,18,"1  Years, 4 Months",1,26274.7,4,0.46,0.58,0.77,0,0,0,1,0,26274.7,0
3059,15744279,Patterson,Warehouse Quality Control Specialist - Air Logistics,01/03/1999,11/02/2018,,Blue Collar,Permanent,Full Time,Fixed,Active,Low,Female,24,"4 Years, 10 Months",4,25802.48,1,0.93,0.54,0.59,1,0,1,1,1,27449.45,0
3060,15670619,Coppin,Data Engineer,07/02/1962,22/03/2003,,White Collar,Permanent,Full Time,Flex and Fixed,Active,Medium,Female,61,"19 Years, 8 Months",19,68375.79,3,0.6,0.25,0.65,2,1,0,0,0,70490.5,0
3061,15599533,Tsao,Business Development Manager,26/12/1985,18/09/2022,,White Collar,Permanent,Full Time,Flex and Fixed,Active,Low,Female,37,"0 Years, 3 Months",0,49990.5,3,0.57,0.9,0.53,0,1,1,1,1,49990.5,0
3062,15757837,Kao,Warehouse Specialist - Air Logistics,30/06/1990,10/06/2012,,Blue Collar,Permanent,Full Time,Fixed,Active,Low,Male,32,"10  Years, 6 Months",10,24134.6,4,0.76,0.48,0.39,5,0,1,1,1,28393.65,0
3063,15697574,Stewart,Account Manager ,07/06/1986,04/03/2022,,White Collar,Permanent,Full Time,Fixed,Active,High,Female,36,"0 Years, 9 Months",0,34723.15,3,0.3,0.76,0.9,0,1,1,1,1,34723.15,0
3064,15578738,Tuan,Project Coordinator,18/12/1983,20/12/2014,,White Collar,Permanent,Full Time,Fixed,Active,Low,Male,39,"7 Years, 11 Months",7,29807.96,1,0.28,0.72,0.53,1,0,1,1,1,33119.95,0
3065,15762228,Barnes,Warehouse Specialist - Air Logistics,21/02/1980,12/12/2015,,Blue Collar,Permanent,Full Time,Fixed,Active,High,Male,43,"7 Years, 0 Months",7,24424.99,1,0.95,0.95,0.66,1,0,0,1,0,28074.7,0
3066,15614827,Sun,Warehouse Specialist - Air Logistics,25/10/2000,28/05/2014,,Blue Collar,Permanent,Full Time,Fixed,Active,Medium,Male,22,"8 Years, 6 Months",8,21352.5,3,0.29,0.73,0.55,2,0,1,1,1,24264.2,0
3067,15789815,Fallaci,Aerospace International Logistics Specialist,09/02/1983,02/10/2021,,Blue Collar,Permanent,Full Time,Fixed,Active,Low,Female,40,"1  Years, 2 Months",1,35625.25,3,0.7,0.93,0.7,0,0,0,1,0,35625.25,0
3068,15579781,Buccho,National Perishable Air Logistics Development Manager Seafood,25/06/1994,19/10/2021,,White Collar,Permanent,Full Time,Flex and Fixed,Active,Medium,Male,28,"1  Years, 1 Months",1,36892.6,2,0.56,0.89,0.61,0,1,0,1,0,36892.6,0
3069,15587013,Tien,National Air Logistics Pharma Compliance Specialist,08/10/1969,29/01/1994,,Blue Collar,Permanent,Full Time,Fixed,Active,High,Female,53,"28  Years, 10 Months",28,32473.82,1,0.71,0.7,0.97,1,0,1,1,1,34843.15,0
3070,15570932,Pirozzi,Finance Analyst,03/02/1972,26/06/2015,10/05/2016,White Collar,Permanent,Full Time,Flex and Fixed,Voluntarily Terminated,High,Male,51,"0 Years, 10 Months",0,48407.35,2,0.27,0.35,0.57,0,1,1,1,1,48407.35,1
3071,15794661,Liu,Perishable Operational Care Specialist - Air Logistics,24/10/2000,31/01/2016,,Blue Collar,Permanent,Full Time,Fixed,Active,Medium,Male,22,"6 Years, 10 Months",6,31903.95,4,0.82,0.72,0.65,1,0,0,1,0,33940.37,0
3072,15581654,Long,Sales Account Manager,26/04/1980,01/06/2013,,White Collar,Permanent,Full Time,Fixed,Active,High,Male,42,"9 Years, 6 Months",9,30450.32,1,0.3,0.49,0.69,2,1,1,0,1,35407.35,0
3073,15644296,Scott,Sea Logiscitcs Customer Care Specialist ,28/06/1989,02/11/2014,,Blue Collar,Permanent,Full Time,Fixed,Active,High,Female,33,"8 Years, 1 Months",8,30606.93,4,0.3,0.15,0.85,1,0,0,1,0,35589.45,0
3074,15614420,Gerasimova,National Perishable Air Logistics Development Manager Seafood,24/08/1984,22/02/2012,,White Collar,Permanent,Full Time,Flex and Fixed,Active,Low,Female,38,"10  Years, 9 Months",10,30670.58,1,0.83,0.57,0.96,3,1,1,1,1,36512.6,0
3075,15609653,Ifeatu,Accountant,08/09/1988,03/07/2012,13/02/2014,White Collar,Permanent,Full Time,Fixed,Voluntarily Terminated,Low,Female,34,"10  Years, 5 Months",10,30344.3,3,0.29,0.21,0.81,5,1,0,1,0,37462.1,1
3076,15594577,De Luca,National Perishable Air Logistics Development Manager Seafood,05/03/1997,01/02/2018,,White Collar,Permanent,Full Time,Flex and Fixed,Active,High,Male,26,"4 Years, 10 Months",4,36102.05,1,0.27,0.46,0.57,1,1,1,1,1,37606.3,0
3077,15584114,Ogbonnaya,Transport Controller,09/01/1976,07/05/2014,,Blue Collar,Permanent,Full Time,Fixed,Active,Low,Female,47,"8 Years, 7 Months",8,21362.71,2,0.82,0.56,0.52,2,0,1,1,1,25132.6,0
3078,15673367,Humffray,National Perishable Air Logistics Development Manager Retail,15/04/1962,27/07/2017,,White Collar,Permanent,Full Time,Flex and Fixed,Active,High,Male,60,"5 Years, 4 Months",5,32185.39,2,0.26,0.81,0.66,2,1,0,1,0,36994.7,0
3079,15685576,Degtyaryov,National Air Logistics Gateway Trade Lane Specialist,27/09/1974,17/02/2022,,White Collar,Permanent,Full Time,Fixed,Active,High,Female,48,"0 Years, 10 Months",0,32963.15,3,0.3,0.93,0.59,0,0,1,1,1,32963.15,0
3080,15774727,Monaldo,National Service Excellence Specialist- Air Logistics,10/09/1990,19/04/2020,,White Collar,Permanent,Full Time,Flex and Fixed,Active,Medium,Female,32,"2 Years, 7 Months",2,32866.15,1,0.26,0.82,0.97,1,0,0,0,0,35339.95,0
3081,15694288,Cawthorne,Stock Investigator & Analyst,01/04/1981,05/06/2016,,White Collar,Permanent,Full Time,Flex and Fixed,Active,Medium,Male,41,"6 Years, 6 Months",6,47149.47,3,0.3,0.76,0.51,1,1,0,1,0,51812.6,0
3082,15603319,Graham,Aerospace International Logistics Specialist,31/07/1989,26/05/2019,,Blue Collar,Permanent,Full Time,Fixed,Active,Medium,Male,33,"3 Years, 6 Months",3,30196.59,3,0.3,0.97,0.81,2,0,0,0,0,32469.45,0
3083,15759066,Carpenter,National Service Excellence Specialist- Air Logistics,26/05/1997,17/11/2012,25/12/2021,White Collar,Permanent,Full Time,Flex and Fixed,Voluntarily Terminated,High,Female,25,"10  Years, 1 Months",10,31495.23,2,0.29,0.38,0.81,3,0,0,1,0,34994.7,1
3084,15814816,Kambinachi,Analyst Programmer ,01/10/1956,08/08/1997,29/05/2022,White Collar,Permanent,Full Time,Flex and Fixed,Voluntarily Terminated,Medium,Male,66,"24 Years, 9 Months",24,40097.41,1,0.24,0.46,0.49,2,1,0,1,0,60753.65,1
3085,15724402,Tyler,National Air Logistics Gateway Trade Lane Specialist,02/08/1991,29/05/2015,,White Collar,Permanent,Full Time,Fixed,Active,Medium,Female,31,"7 Years, 6 Months",7,27009.07,2,0.27,0.34,0.57,1,0,0,1,0,32153.65,0
3086,15571059,Martin,Gateway & Procurement Specialist - Air Logistics,09/10/1995,19/03/2016,30/10/2019,Blue Collar,Permanent,Full Time,Fixed,Voluntarily Terminated,High,Female,27,"3 Years, 7 Months",3,33800.69,3,0.26,0.63,0.76,2,0,0,1,0,34490.5,1
3087,15674206,Walker,Customer Servce Administrative Officer,09/04/1999,13/08/2011,,Blue Collar,Permanent,Full Time,Fixed,Active,High,Female,23,"11 Years, 4 Months",11,29776.89,2,0.55,0.57,0.56,3,0,1,1,0,31949.45,0
3088,15715160,Khan,Stock Investigator & Analyst,12/04/1972,14/03/2018,,White Collar,Permanent,Full Time,Flex and Fixed,Active,Low,Male,50,"4 Years, 9 Months",4,44588.84,4,0.28,0.17,0.76,3,1,1,1,1,49543.15,0
3089,15730448,Iroawuchi,Aerospace International Logistics Specialist,13/12/1955,15/10/1993,,Blue Collar,Permanent,Full Time,Fixed,Active,High,Male,67,"29 Years, 2 Months",29,24154.31,3,0.3,0.74,0.67,2,0,1,1,1,35521.05,0
3090,15662067,Summers,Accounts Payable,12/03/2001,10/10/2018,,White Collar,Permanent,Full Time,Fixed,Active,Medium,Male,21,"4 Years, 2 Months",4,35330.14,1,0.42,0.59,0.56,1,1,0,1,0,37585.25,0
3091,15779581,Bottrill,National Perishable Air Logistics Development Manager Retail,03/10/1980,04/05/2014,03/02/2015,White Collar,Permanent,Full Time,Flex and Fixed,Voluntarily Terminated,Medium,Female,42,"0 Years, 8 Months",0,33117.85,3,0.35,0.49,0.61,0,1,1,0,1,33117.85,1
3092,15662901,Hu,Stock Investigator & Analyst,25/05/1980,26/03/2018,,White Collar,Permanent,Full Time,Flex and Fixed,Active,High,Male,42,"4 Years, 8 Months",4,44182.47,3,0.96,0.49,0.58,1,1,1,0,1,50207.35,0
3093,15689751,Jones,National Air Logistics Gateway Trade Lane Specialist,23/01/1978,25/12/2015,,White Collar,Permanent,Full Time,Fixed,Active,High,Female,45,"6 Years, 11 Months",6,30217.23,4,0.26,0.61,0.71,2,0,0,0,0,33574.7,0
3094,15667742,Vincent,Sea Logiscitcs Customer Care Specialist ,27/08/1998,07/08/2019,,Blue Collar,Permanent,Full Time,Fixed,Active,Medium,Male,24,"3 Years, 4 Months",3,34165.22,3,0.92,0.81,0.79,1,0,1,0,1,36736.8,0
3095,15738448,Sanford,National Perishable Air Logistics Development Manager Seafood,02/10/1996,29/07/2019,,White Collar,Permanent,Full Time,Flex and Fixed,Active,Low,Female,26,"3 Years, 4 Months",3,30957.43,3,0.3,0.74,0.63,1,1,0,0,0,35178.9,0
3096,15680243,Brown,Revenue Care Specialist- Air Logistics,10/01/1969,27/12/1993,,White Collar,Permanent,Full Time,Fixed,Active,High,Male,54,"28 Years, 11 Months",28,35811.53,3,0.76,0.91,0.98,3,1,0,1,0,43672.6,0
3097,15745083,Lei,Recruiter,23/09/1983,20/10/2015,04/01/2017,White Collar,Permanent,Full Time,Fixed,Voluntarily Terminated,Low,Male,39,"1 Years, 2 Months",1,41064.2,1,0.59,0.71,0.66,0,0,0,0,1,41064.2,1
3098,15708228,Toscani,Accounting Coordinator,23/10/1999,18/10/2016,,White Collar,Permanent,Full Time,Fixed,Active,High,Male,23,"6 Years, 2 Months",6,29359.57,4,0.95,0.73,0.71,2,1,0,1,0,34540.67,0
3099,15628523,Chien,Gateway & Procurement Team Leader- Air Logistics,27/03/1991,13/08/2014,,White Collar,Permanent,Full Time,Fixed,Active,High,Female,31,"8 Years, 4 Months",8,36494.93,1,0.38,0.44,0.4,1,0,1,1,1,39668.4,0
3100,15708196,Uchenna,Project Coordinator,15/01/1984,05/12/2004,,White Collar,Permanent,Full Time,Fixed,Active,Low,Male,39,"18 Years, 0 Months",18,35006.59,3,0.27,0.6,0.56,1,0,1,1,1,37241.05,0
3101,15735549,Lori,National Perishable Air Logistics Development Manager Seafood,17/06/1982,02/12/2019,,White Collar,Permanent,Full Time,Flex and Fixed,Active,Medium,Male,40,"3 Years, 0 Months",3,31502.83,2,0.45,0.73,0.88,1,1,1,1,1,33513.65,0
3102,15809347,Fanucci,Technical Support Engineer,28/09/1981,17/03/2012,,White Collar,Permanent,Full Time,Flex and Fixed,Active,Low,Male,41,"10 Years, 9 Months",10,51924.35,1,0.49,0.8,0.54,2,1,0,1,0,61814.7,0
3103,15660866,Chimaobim,Data Engineer,04/02/1974,24/12/2021,,White Collar,Permanent,Full Time,Flex and Fixed,Active,Low,Female,49,"0 Years, 11 Months",0,69971.55,1,0.78,0.97,0.5,0,1,0,1,0,69971.55,0
3104,15766609,Jowers,Customer Care Specialist-Key Accounts,18/07/1957,28/08/2009,,White Collar,Permanent,Full Time,Fixed,Active,Low,Female,65,"13 Years, 3 Months",13,29752.43,3,0.54,0.99,0.75,2,0,0,1,0,35846.3,0
3105,15654230,Miller,Inside Sales Executive/ Account Manager,30/12/1975,12/12/2014,,White Collar,Permanent,Full Time,Flex and Fixed,Active,Low,Male,47,"8 Years, 0 Months",8,33120.69,1,0.81,0.96,0.82,2,1,0,1,0,35613.65,0
3106,15794566,Kirsova,Network Engineer,04/05/1955,23/11/1985,03/03/2021,White Collar,Permanent,Full Time,Flex and Fixed,Voluntarily Terminated,Low,Female,67,"37  Years, 0 Months",37,38143.06,4,0.28,0.24,0.7,6,1,1,1,1,68112.6,1
3107,15800890,T'ien,Operations Specialist,02/02/2001,08/12/2018,,Blue Collar,Permanent,Full Time,Fixed,Active,Medium,Female,22,"4 Years, 0 Months",4,31048.42,2,0.27,0.45,0.39,1,0,1,1,1,32342.1,0
3108,15697424,Ku,Accounting Coordinator,12/12/1992,23/12/2008,23/02/2019,White Collar,Permanent,Full Time,Fixed,Voluntarily Terminated,Low,Female,30,"13  Years, 11 Months",13,30871.54,3,0.45,0.43,0.96,7,1,1,1,1,32157.85,1
3109,15724536,Chin,Inside Sales Executive/ Account Manager,02/06/1973,05/06/2013,,White Collar,Permanent,Full Time,Flex and Fixed,Active,Medium,Female,49,"9 Years, 6 Months",9,28365.82,4,0.39,0.6,0.98,3,1,1,1,1,33371.55,0
3110,15735878,Law,Trucking Team Leader- Air Logistics,30/03/1982,11/12/2016,,White Collar,Permanent,Full Time,Fixed,Active,Medium,Female,40,"6 Years, 0 Months",6,35128.87,3,0.95,0.67,0.56,1,0,0,0,0,38603.15,0
3111,15707596,Chung,Perishable Customer Care Team Leader - Air Logistics,15/08/1995,19/07/2016,14/03/2018,White Collar,Permanent,Full Time,Fixed,Voluntarily Terminated,High,Female,27,"1 Years, 7 Months",1,42786.3,3,0.38,0.57,0.99,0,0,1,1,1,42786.3,1
3112,15657163,Cockrum,Revenue Care Specialist- Air Logistics,06/09/1988,17/07/2020,,White Collar,Permanent,Full Time,Fixed,Active,Medium,Male,34,"2 Years, 5 Months",2,36766.35,1,0.4,0.87,0.71,1,1,0,1,0,41310.5,0
3113,15622478,Greaves,Technical Support Engineer,01/12/1973,25/05/2013,29/01/2017,White Collar,Permanent,Full Time,Flex and Fixed,Voluntarily Terminated,Medium,Female,49,"3 Years, 8 Months",3,51052.51,1,0.25,0.25,0.83,3,1,0,1,0,60776.8,1
3114,15779529,Grant,Transport Controller,26/08/2003,26/07/2022,,Blue Collar,Permanent,Full Time,Fixed,Active,Medium,Male,19,"0 Years, 4 Months",0,26513.65,2,0.79,0.98,0.84,0,0,1,1,0,26513.65,0
3115,15636023,O'Donnell,Cloud Service Analyst,05/02/1980,02/06/2009,11/11/2017,White Collar,Permanent,Full Time,Flex and Fixed,Terminated for Cause,High,Female,43,"8 Years, 5 Months",8,60153.24,1,0.23,0.3,0.64,1,1,1,1,1,64542.1,1
3116,15582066,Maclean,Technical Support Engineer,11/12/1992,19/02/2015,,White Collar,Permanent,Full Time,Flex and Fixed,Active,Low,Male,30,"7 Years, 9 Months",7,53849.34,2,0.81,0.21,0.52,1,1,1,1,0,59832.6,0
3117,15666675,Hsieh,Internal Trainer,18/04/1972,03/07/2014,,White Collar,Permanent,Full Time,Fixed,Active,Low,Female,50,"8 Years, 5 Months",8,26926.17,1,0.88,0.56,0.7,2,0,1,1,1,31677.85,0
3118,15732987,Hs?,Customer Care Specialist-Key Accounts,16/07/1980,01/03/2019,,White Collar,Permanent,Part Time,Fixed,Active,Medium,Male,42,"3 Years, 9 Months",3,33881.55,3,0.29,0.75,0.96,2,0,0,0,0,36044.2,0
3119,15789432,Mazzanti,Business Analyst,31/08/1983,09/09/2004,,White Collar,Permanent,Full Time,Flex and Fixed,Active,Medium,Male,39,"18 Years, 3 Months",18,47764.75,4,0.86,0.5,0.77,1,1,0,1,0,51359.95,0
3120,15663161,Chiu,Java Software Engineer ,27/10/1981,26/04/2010,15/10/2016,White Collar,Permanent,Full Time,Flex and Fixed,Voluntarily Terminated,Low,Female,41,"6 Years, 5 Months",6,67516.81,3,0.52,0.61,0.92,3,1,0,0,0,68894.7,1
3121,15694879,Reeves,Transport Controller,30/05/2003,10/10/2022,,Blue Collar,Permanent,Full Time,Fixed,Active,Low,Female,19,"0 Years, 2 Months",0,24607.35,3,0.29,0.83,0.59,0,0,0,1,0,24607.35,0
3122,15593715,Castiglione,National Perishable Air Logistics Development Manager Seafood,30/03/1999,29/10/2012,,White Collar,Permanent,Full Time,Flex and Fixed,Active,Low,Male,23,"10  Years, 1 Months",10,27189.44,3,0.85,0.66,0.76,2,1,0,1,0,33157.85,0
3123,15575002,Ferguson,Finance Analyst,22/12/1990,07/08/2020,,White Collar,Permanent,Full Time,Flex and Fixed,Active,Medium,Male,32,"2 Years, 4 Months",2,45036.38,3,0.89,0.84,0.68,2,1,0,1,0,50040.42,0
3124,15622171,Nnamdi,Customer Servce Administrative Officer,28/07/1986,07/08/2012,,Blue Collar,Permanent,Full Time,Fixed,Active,High,Male,36,"10  Years, 4 Months",10,27769.48,4,0.45,0.87,0.57,5,0,0,1,0,33058.9,0
3125,15795224,Wu,National Air Logistics Gateway Trade Lane Specialist,18/09/1984,09/07/1988,30/03/2016,White Collar,Permanent,Full Time,Fixed,Voluntarily Terminated,Low,Male,38,"27 Years, 8 Months",27,31756.64,3,0.44,0.48,0.37,2,0,0,1,0,34073.65,1
3126,15685346,Chu,Java Software Engineer ,13/07/1992,26/01/2018,,White Collar,Permanent,Full Time,Flex and Fixed,Active,High,Female,30,"4 Years, 10 Months",4,60645.86,3,0.57,0.84,0.79,2,1,1,1,1,68915.75,0
3127,15691808,King,Gateway & Procurement Team Leader- Air Logistics,22/12/1984,24/04/2014,,White Collar,Permanent,Full Time,Fixed,Active,High,Male,38,"8 Years, 7 Months",8,35914.82,4,0.48,0.49,0.71,2,0,0,1,0,39037.85,0
3128,15721007,Charlton,Data Analyst,30/06/1975,24/05/2015,29/01/2022,White Collar,Permanent,Full Time,Flex and Fixed,Voluntarily Terminated,High,Male,47,"6 Years, 8 Months",6,41657.31,3,0.57,0.67,0.93,2,1,0,0,0,47337.85,1
3129,15794253,Marsh,Cloud Service Analyst,07/04/1990,04/03/2021,,White Collar,Permanent,Full Time,Flex and Fixed,Active,Medium,Female,32,"1  Years, 9 Months",1,63126.3,2,0.47,0.12,0.93,0,1,1,0,1,63126.3,0
3130,15694453,Walker,Finance Analyst,23/12/1956,03/09/2005,,White Collar,Permanent,Full Time,Flex and Fixed,Active,High,Male,66,"17 Years, 3 Months",17,41457.68,3,0.26,0.99,0.67,2,1,1,1,1,51822.1,0
3131,15813113,Chang,Project Manager,16/05/1983,22/05/2009,29/05/2020,White Collar,Permanent,Full Time,Flex and Fixed,Voluntarily Terminated,Low,Female,39,"11 Years, 0 Months",11,35915.71,3,0.29,0.17,0.59,3,1,0,1,0,42756.8,1
3132,15614187,Pottinger,Account Manager ,28/03/1958,13/08/1984,,White Collar,Permanent,Full Time,Fixed,Active,High,Female,64,"38 Years, 4 Months",38,22659.78,4,0.39,0.58,0.66,5,1,1,0,1,37766.3,0
3133,15619407,Buckley,Inventory Clerk,17/03/2004,25/05/2020,,Blue Collar,Permanent,Full Time,Fixed,Active,High,Male,18,"2 Years, 6 Months",2,25279.14,4,0.39,0.5,0.73,1,0,1,1,1,28726.3,0
3134,15646227,Folliero,Cloud Service Analyst,24/07/1971,18/07/2012,,White Collar,Permanent,Full Time,Flex and Fixed,Active,High,Female,51,"10  Years, 5 Months",10,50791.6,1,0.3,0.35,0.69,2,1,0,1,0,61194.7,0
3135,15660541,Olisanugo,Road Logistics Sales Representative,18/11/2001,04/09/2019,,White Collar,Permanent,Full Time,Fixed,Active,Low,Male,21,"3 Years, 3 Months",3,34067.14,3,0.52,0.93,0.95,3,0,0,1,0,35120.76,0
3136,15753874,Kent,Aerospace International Logistics Specialist,31/05/1955,02/05/2002,,Blue Collar,Permanent,Full Time,Fixed,Active,High,Male,67,"20 Years, 7 Months",20,29468.96,4,0.26,0.73,0.87,2,0,1,0,1,35082.1,0
3137,15617877,Jessop,Warehouse Shift Team Leader- Air Logistics,12/05/1969,23/07/1999,,White Collar,Permanent,Full Time,Fixed,Active,High,Male,53,"23 Years, 4 Months",23,36111.83,4,0.52,0.91,0.54,3,0,1,1,1,41990.5,0
3138,15772073,Hodge,Data Analyst,01/10/1973,29/10/2011,15/04/2016,White Collar,Permanent,Full Time,Flex and Fixed,Voluntarily Terminated,High,Male,49,"4 Years, 5 Months",4,49928.4,3,0.3,0.72,0.66,1,1,0,1,1,50947.35,1
3139,15701537,Ignatiev,IT System Engineer,08/04/1991,28/02/1987,11/08/2021,White Collar,Permanent,Full Time,Flex and Fixed,Voluntarily Terminated,Low,Male,31,"35  Years, 9 Months",35,56797.52,2,0.37,0.51,0.39,4,1,1,1,1,66820.61,1
3140,15736228,Chambers,Perishable Customer Care Team Leader - Air Logistics,11/09/1975,24/12/2021,,White Collar,Permanent,Full Time,Fixed,Active,Low,Female,47,"0 Years, 11 Months",0,43506.3,2,0.29,0.55,0.92,0,0,1,1,1,43506.3,0
3141,15780572,Mansom,Customer Servce Administrative Officer,25/01/1979,26/10/2017,,Blue Collar,Permanent,Full Time,Fixed,Active,Low,Male,44,"5 Years, 1 Months",5,31805.05,3,0.89,0.66,0.76,2,0,0,1,0,36142.1,0
3142,15769596,Yen,Technical Support Engineer,24/09/1977,11/02/2012,09/04/2013,White Collar,Permanent,Full Time,Flex and Fixed,Voluntarily Terminated,Medium,Female,45,"10  Years, 10 Months",10,47892.31,4,0.27,0.3,0.41,1,1,0,0,0,58405.25,1
3143,15586996,Azikiwe,Sales Account Manager,19/02/1957,12/11/2015,,White Collar,Permanent,Full Time,Fixed,Active,Medium,Female,66,"7 Years, 1 Months",7,32358.29,2,0.82,0.81,0.8,1,1,1,0,1,35953.65,0
3144,15722061,Allen,Sales Account Manager,10/06/1991,13/04/2022,,White Collar,Permanent,Full Time,Fixed,Active,Medium,Female,31,"0 Years, 8 Months",0,33459.95,3,0.81,0.81,0.69,0,1,0,1,0,33459.95,0
3145,15638003,Komarova,Network Engineer,01/08/1969,03/02/1986,,White Collar,Permanent,Full Time,Flex and Fixed,Active,Medium,Male,53,"36 Years, 10 Months",36,66935.21,3,0.95,0.5,0.75,1,1,1,0,1,71818.9,0
3146,15775590,Mackay,Project Manager,27/02/1957,23/12/2015,09/01/2022,White Collar,Permanent,Full Time,Flex and Fixed,Voluntarily Terminated,Low,Female,66,"6 Years, 0 Months",6,39073.85,1,0.12,0.78,0.68,1,1,0,0,0,44402.1,1
3147,15730688,Yu,Perishable Operational Care Specialist - Air Logistics,11/09/1992,18/01/2007,13/06/2019,Blue Collar,Permanent,Full Time,Fixed,Voluntarily Terminated,Low,Female,30,"12 Years, 4 Months",12,31969.11,3,0.21,0.42,0.74,1,0,1,1,1,32957.85,1
3148,15753102,Curtis,National Perishable Air Logistics Development Manager Retail,03/08/1984,09/03/2019,,White Collar,Permanent,Full Time,Flex and Fixed,Active,Medium,Male,38,"3 Years, 9 Months",3,33430.06,4,0.3,0.49,0.71,2,1,0,1,0,35946.3,0
3149,15810075,Fang,Apprentice,24/05/2004,27/03/2011,15/01/2014,Blue Collar,Apprentice,Full Time,Fixed,Voluntarily Terminated,Medium,Female,18,"2 Years, 9 Months",2,22379.95,3,0.24,0.99,0.61,0,0,1,1,1,22379.95,1
3150,15723373,Page,Customer Brokerage Specialist,18/09/1972,13/01/2014,,Blue Collar,Permanent,Full Time,Fixed,Active,Medium,Female,50,"8 Years, 11 Months",8,30104.52,2,0.66,0.73,0.48,2,1,0,1,0,35005.25,0
3151,15795298,Olisaemeka,Project Coordinator,02/09/1992,17/02/2021,,White Collar,Permanent,Full Time,Fixed,Active,High,Female,30,"1  Years, 10 Months",1,33005,1,0.41,0.88,0.74,1,0,1,0,1,34742.1,0
3152,15584320,Brennan,Gateway & Procurement Team Leader- Air Logistics,21/11/1972,25/10/2016,,White Collar,Permanent,Full Time,Fixed,Active,Low,Female,50,"6 Years, 1 Months",6,37483.95,1,0.8,0.79,0.91,2,0,0,0,0,42116.8,0
3153,15724161,Sutton,Trucking Team Leader- Air Logistics,22/03/1957,16/01/2003,27/01/2022,White Collar,Permanent,Full Time,Fixed,Voluntarily Terminated,Low,Female,65,"19 Years, 0 Months",19,32833.39,2,0.16,0.5,0.98,5,0,0,1,0,43777.85,1
3154,15750056,Hyde,Customer Servce Administrative Officer,07/10/1959,18/11/2007,,Blue Collar,Permanent,Full Time,Fixed,Active,Low,Female,63,"15 Years, 1 Months",15,31727.15,3,0.3,0.21,0.44,3,0,1,1,1,32708.4,0
3155,15609637,Nkemakolam,Sales Specialist-Air Logitics ,30/12/2003,19/06/2020,,Blue Collar,Permanent,Full Time,Fixed,Active,Medium,Male,19,"2 Years, 5 Months",2,34898.29,1,0.76,0.87,0.52,2,0,1,0,1,35610.5,0
3156,15794493,Chimaijem,Sea Logistics Pricing Coordinator,10/06/1995,25/07/2019,,White Collar,Permanent,Full Time,Fixed,Active,Low,Male,27,"3 Years, 4 Months",3,28228.89,1,0.37,1,0.89,1,0,1,1,1,31717.85,0
3157,15569641,Sung,Data Engineer,28/02/1962,20/10/2016,,White Collar,Permanent,Full Time,Flex and Fixed,Active,Medium,Female,61,"6 Years, 1 Months",6,66764.96,4,0.71,0.49,0.98,1,1,0,1,0,70278.9,0
3158,15815236,Chiganu,Trucking Specialist - Air Logistics,29/08/1980,17/12/2019,,Blue Collar,Permanent,Full Time,Fixed,Active,Medium,Male,42,"3 Years, 0 Months",3,34438.15,1,0.97,0.51,0.63,1,0,0,0,0,35140.97,0
3159,15811177,Beneventi,Trucking Specialist - Air Logistics,06/02/1961,14/07/1996,,Blue Collar,Permanent,Full Time,Fixed,Active,Low,Female,62,"26 Years, 5 Months",26,28000.25,4,0.73,0.63,0.64,4,0,0,1,0,32184.2,0
3160,15680587,Esposito,Internal Trainer,21/02/1982,23/07/2019,,White Collar,Permanent,Full Time,Fixed,Active,Medium,Male,41,"3 Years, 4 Months",3,30208.35,2,0.26,0.91,0.63,2,0,0,1,0,32482.1,0
3161,15672821,Owen,Transport Controller,02/01/1995,20/09/2012,,Blue Collar,Permanent,Full Time,Fixed,Active,High,Male,28,"10  Years, 2 Months",10,22061.36,3,0.3,0.54,0.5,1,0,1,1,1,26579.95,0
3162,15767681,Smalley,Gateway & Procurement Specialist - Air Logistics,25/07/1958,28/03/1987,,Blue Collar,Permanent,Full Time,Fixed,Active,Medium,Male,64,"35 Years, 8 Months",35,18696.92,1,0.26,1,0.59,1,0,1,0,1,33387.35,0
3163,15600379,Hsiung,Sales Account Manager,21/03/1985,05/03/2002,,White Collar,Permanent,Full Time,Fixed,Active,Medium,Male,37,"20 Years, 9 Months",20,33663.65,4,0.68,0.64,0.91,3,1,1,0,1,35066.3,0
3164,15801336,Ch'ang,Sales Account Manager,27/05/1975,08/12/2015,17/04/2016,White Collar,Permanent,Full Time,Fixed,Voluntarily Terminated,High,Female,47,"0 Years, 4 Months",0,35851.55,1,0.17,0.65,0.96,0,1,1,1,1,35851.55,1
3165,15721592,Barton,National Perishable Air Logistics Development Manager Retail,20/06/1981,27/11/2019,,White Collar,Permanent,Full Time,Flex and Fixed,Active,Low,Female,41,"3 Years, 0 Months",3,33407.55,2,0.52,0.15,0.93,2,1,0,1,0,35922.1,0
3166,15581282,Lucchese,Account Manager ,28/12/1957,15/02/2019,,White Collar,Permanent,Full Time,Fixed,Active,Medium,Female,65,"3 Years, 10 Months",3,36214.7,4,0.71,0.81,0.83,0,1,0,1,0,36214.7,0
3167,15746203,Hsia,Finance Analyst,29/03/1984,16/08/2009,16/06/2015,White Collar,Permanent,Full Time,Flex and Fixed,Voluntarily Terminated,Medium,Male,38,"5 Years, 10 Months",5,48717.85,1,0.37,0.61,0.83,0,1,1,0,1,48717.85,1
3168,15583137,Pope,Gateway & Procurement Team Leader- Air Logistics,19/01/1971,27/12/2016,05/04/2019,White Collar,Permanent,Full Time,Fixed,Voluntarily Terminated,High,Female,52,"2 Years, 3 Months",2,36359.33,2,0.36,0.86,0.55,1,0,1,1,1,38680.14,1
3169,15680752,Horrocks,Finance Analyst,05/10/1978,14/04/2017,04/07/2022,White Collar,Permanent,Full Time,Flex and Fixed,Voluntarily Terminated,Low,Female,44,"5 Years, 2 Months",5,47308.96,2,0.11,0.71,0.62,3,1,1,1,1,49798.9,1
3170,15688172,Tai,Finance Analyst,19/10/1979,17/10/2022,,White Collar,Permanent,Full Time,Flex and Fixed,Active,High,Male,43,"0 Years, 2 Months",0,51122.1,3,0.66,0.72,0.82,0,1,0,1,0,51122.1,0
3171,15791373,Chikezie,Gateway & Procurement Specialist - Air Logistics,06/11/1988,10/02/2007,27/12/2015,Blue Collar,Permanent,Full Time,Fixed,Voluntarily Terminated,Medium,Female,34,"15  Years, 10 Months",15,33644.45,3,0.28,0.41,0.37,1,0,0,0,1,35046.3,1
3172,15589449,Frye,Perishable Apprentice- Air Logistics,05/09/2001,12/03/2022,22/05/2022,Blue Collar,Apprentice,Full Time,Fixed,Voluntarily Terminated,Medium,Female,21,"0 Years, 2 Months",0,21340.07,1,0.27,0.38,0.74,0,0,1,1,1,21340.07,1
3173,15692819,Toscani,Inside Sales Executive/ Account Manager,11/12/1982,15/02/2012,,White Collar,Permanent,Full Time,Flex and Fixed,Active,High,Male,40,"10  Years, 10 Months",10,28645.85,3,0.7,0.75,0.56,2,1,0,0,0,35365.25,0
3174,15727467,Mellor,Business Analyst,11/11/1981,11/02/2018,,White Collar,Permanent,Full Time,Flex and Fixed,Active,Low,Female,41,"4 Years, 10 Months",4,44525.81,4,0.44,0.93,0.77,2,1,0,1,0,46381.05,0
3175,15734312,Kang,National Perishable Air Logistics Development Manager Retail,22/03/1974,04/08/2019,,White Collar,Permanent,Full Time,Flex and Fixed,Active,Medium,Male,48,"3 Years, 4 Months",3,32199.88,3,0.28,0.71,0.64,2,1,1,1,0,33195.75,0
3176,15764604,Sutherland,Business Development Executive,15/12/1957,22/05/1991,11/07/2021,White Collar,Permanent,Full Time,Flex and Fixed,Voluntarily Terminated,Medium,Female,65,"30 Years, 1 Months",30,29330.74,1,0.27,0.75,0.96,1,0,0,1,0,41901.05,1
3177,15613014,Hs?,Sea Logiscitcs Customer Care Specialist ,30/08/1975,23/08/2014,,Blue Collar,Permanent,Full Time,Fixed,Active,Low,Male,47,"8 Years, 3 Months",8,29010.37,3,0.94,0.56,0.68,1,0,0,1,0,33345.25,0
3178,15759684,Ting,Cloud Service Analyst,18/05/1986,19/10/2010,,White Collar,Permanent,Full Time,Flex and Fixed,Active,Medium,Female,36,"12 Years, 1 Months",12,59013.96,2,0.91,0.57,0.82,1,1,1,0,0,64850.5,0
3179,15609669,Chuang,Accounts Payable,01/04/1992,16/03/2022,,White Collar,Permanent,Full Time,Fixed,Active,High,Female,30,"0 Years, 9 Months",0,32246.3,2,0.8,0.63,0.83,0,1,1,1,0,32246.3,0
3180,15685536,Chu,Aerospace International Logistics Specialist,28/09/1977,05/09/2019,,Blue Collar,Permanent,Full Time,Fixed,Active,High,Female,45,"3 Years, 3 Months",3,32640.99,3,0.36,0.59,0.91,3,0,1,1,1,33650.5,0
3181,15750447,Ozoemena,Perishable Apprentice- Air Logistics,31/03/2002,26/08/2009,04/03/2015,Blue Collar,Apprentice,Full Time,Fixed,Voluntarily Terminated,High,Female,20,"5 Years, 6 Months",5,21828.4,1,0.35,0.77,0.62,0,0,0,1,0,21828.4,1
3182,15663249,Howells,Revenue Care Specialist- Air Logistics,13/08/1990,06/09/2014,,White Collar,Permanent,Full Time,Fixed,Active,Low,Female,32,"8 Years, 3 Months",8,35659.71,1,0.28,0.65,0.7,1,1,0,1,0,41952.6,0
3183,15638646,Lucchese,National Perishable Air Logistics Development Manager Retail,03/11/1972,24/06/2021,,White Collar,Permanent,Full Time,Flex and Fixed,Active,Low,Female,50,"1  Years, 5 Months",1,33265.25,3,0.26,0.84,0.49,0,1,1,1,1,33265.25,0
3184,15734161,Nnonso,Trucking Specialist - Air Logistics,16/10/1959,17/11/2008,,Blue Collar,Permanent,Full Time,Fixed,Active,Medium,Male,63,"14  Years, 1 Months",14,33047.23,2,0.26,0.9,0.45,1,0,0,1,0,34424.2,0
3185,15631070,Gerasimova,Perishable Apprentice- Air Logistics,04/09/2004,23/04/2009,16/03/2014,Blue Collar,Apprentice,Full Time,Fixed,Voluntarily Terminated,High,Male,18,"4 Years, 10 Months",4,20119.93,3,0.6,0.6,0.83,3,0,1,1,1,23670.5,1
3186,15761950,Woronoff,National Perishable Air Logistics Development Manager Retail,04/05/1983,13/06/1988,30/03/2022,White Collar,Permanent,Full Time,Flex and Fixed,Voluntarily Terminated,Low,Female,39,"34  Years, 6 Months",34,20894.97,3,0.08,0.9,0.74,4,1,1,1,1,36657.85,1
3187,15649668,Wilhelm,Pricing Analyst,15/11/1961,05/06/2000,,White Collar,Permanent,Full Time,Flex and Fixed,Active,High,Female,61,"22 Years, 6 Months",22,47012.83,3,0.28,0.94,0.7,3,1,1,1,1,50013.65,0
3188,15713912,Nebechukwu,Operations Specialist,12/12/1988,14/08/2014,,Blue Collar,Permanent,Full Time,Fixed,Active,High,Female,34,"8 Years, 4 Months",8,28620.76,1,0.51,0.56,0.9,2,0,1,0,1,33279.95,0
3189,15586757,Anenechukwu,Customer Servce Administrative Officer,09/01/1985,27/12/2012,,Blue Collar,Permanent,Full Time,Fixed,Active,High,Female,38,"9 Years, 11 Months",9,29092.91,4,0.3,0.95,0.86,1,0,1,1,1,33060.13,0
3190,15596522,Meredith,National Perishable Air Logistics Development Manager Seafood,12/02/1979,30/10/2021,,White Collar,Permanent,Full Time,Flex and Fixed,Active,High,Female,44,"1  Years, 1 Months",1,35589.7,2,0.59,0.97,0.85,1,1,0,1,0,37072.6,0
3191,15625395,Chinomso,Customer Servce Administrative Officer,13/11/1985,20/09/1997,,Blue Collar,Permanent,Full Time,Fixed,Active,High,Female,37,"25 Years, 2 Months",25,28651.98,4,0.42,0.55,0.63,1,0,1,1,1,34520.46,0
3192,15760570,Stephenson,Sales Specialist-Air Logitics ,08/11/2004,10/09/2022,,Blue Collar,Permanent,Full Time,Fixed,Active,Low,Male,18,"0 Years, 3 Months",0,34247.35,1,0.28,0.79,0.6,0,0,0,1,0,34247.35,0
3193,15566689,Chimaoke,Project Coordinator,24/03/1958,04/07/2010,,White Collar,Permanent,Full Time,Fixed,Active,Low,Male,64,"12 Years, 5 Months",12,31253.4,1,0.81,0.49,0.76,5,0,1,1,1,37654.7,0
3194,15725794,Winters,Technical Support Engineer,11/01/1984,15/01/2003,,White Collar,Permanent,Full Time,Flex and Fixed,Active,Medium,Female,39,"19 Years, 11 Months",19,55662.97,2,0.27,0.49,0.58,1,1,0,1,0,58592.6,0
3195,15673539,Napolitani,Account Manager ,20/10/1998,04/09/2015,,White Collar,Permanent,Full Time,Fixed,Active,Low,Female,24,"7 Years, 3 Months",7,30603.32,2,0.59,0.57,0.65,3,1,0,1,0,35585.25,0
3196,15705298,L?,Regional Air logistics Trainer Specialist,19/12/1974,04/04/2014,,White Collar,Permanent,Full Time,Fixed,Active,High,Male,48,"8 Years, 8 Months",8,28867.51,3,0.3,0.89,0.81,2,0,0,0,0,33181.05,0
3197,15675791,Williams,Warehouse Specialist - Air Logistics,29/11/1975,04/02/2017,,Blue Collar,Permanent,Full Time,Fixed,Active,Low,Male,47,"5 Years, 10 Months",5,25482.99,2,0.3,0.66,0.59,2,0,0,1,0,26824.2,0
3198,15747043,Giles,Revenue Care Specialist- Air Logistics,01/11/1956,31/07/1990,,White Collar,Permanent,Full Time,Fixed,Active,High,Male,66,"32 Years, 4 Months",32,25020.96,2,0.69,0.94,0.77,3,1,0,0,0,42408.4,0
3199,15736397,Wang,Trucking Specialist - Air Logistics,14/12/1979,20/09/2014,,Blue Collar,Permanent,Full Time,Fixed,Active,High,Male,43,"8 Years, 2 Months",8,29944.53,4,0.4,0.98,0.95,2,0,0,1,0,32548.4,0
3200,15678201,Robertson,Warehouse Specialist - Air Logistics,28/10/1958,19/11/2001,06/12/2021,Blue Collar,Permanent,Full Time,Fixed,Voluntarily Terminated,Medium,Female,64,"20 Years, 0 Months",20,22770.52,1,0.26,0.18,0.52,1,0,1,1,1,28463.15,1
3201,15720745,Murray,Accountant,13/01/1981,03/03/2021,,White Collar,Permanent,Full Time,Fixed,Active,Medium,Male,42,"1  Years, 9 Months",1,31283.15,3,0.3,0.57,0.73,1,1,1,1,1,33279.95,0
3202,15637593,Greco,National Air Logistics Pharma Compliance Specialist,04/10/1989,02/08/2018,,Blue Collar,Permanent,Full Time,Fixed,Active,Low,Male,33,"4 Years, 4 Months",4,28840.73,3,0.8,0.67,0.55,2,0,0,1,0,32045.25,0
3203,15598070,Marchesi,National Perishable Air Logistics Development Manager Seafood,18/04/1996,22/01/2022,,White Collar,Permanent,Full Time,Flex and Fixed,Active,Medium,Female,26,"0 Years, 10 Months",0,33276.8,1,0.7,0.12,0.61,0,1,0,1,0,33276.8,0
3204,15787550,Chao,Java Software Engineer ,07/10/1962,29/05/1986,,White Collar,Permanent,Full Time,Flex and Fixed,Active,Low,Male,60,"36  Years, 6 Months",36,57851.89,3,0.73,0.48,0.95,1,1,1,1,1,68061.05,0
3205,15603942,Hawthorn,Sales Account Manager,28/11/1979,15/12/2012,24/03/2021,White Collar,Permanent,Full Time,Fixed,Voluntarily Terminated,High,Male,43,"8 Years, 3 Months",8,28873.24,2,0.26,0.61,0.97,3,1,1,0,1,32810.5,1
3206,15733973,Bibi,Analyst Programmer ,07/06/1984,14/08/2009,20/01/2013,White Collar,Permanent,Full Time,Flex and Fixed,Voluntarily Terminated,Medium,Female,38,"3 Years, 5 Months",3,61780.69,2,0.26,0.23,0.52,0,1,0,1,0,61780.69,1
3207,15596761,Hawdon,Account Manager ,17/08/1982,24/12/2018,08/11/2020,White Collar,Permanent,Full Time,Fixed,Voluntarily Terminated,High,Male,40,"1 Years, 10 Months",1,31454.37,3,0.14,0.4,0.38,1,1,0,1,0,33462.1,1
3208,15652400,Moss,National Air Logistics Gateway Trade Lane Specialist,02/10/1990,07/09/2015,,White Collar,Permanent,Full Time,Fixed,Active,Low,Male,32,"7 Years, 3 Months",7,33167.09,2,0.59,0.57,0.6,2,0,1,0,1,36447.35,0
3209,15717893,Briggs,Perishable Customer Care Team Leader - Air Logistics,06/11/1957,18/07/1988,,White Collar,Permanent,Full Time,Fixed,Active,High,Male,65,"34  Years, 5 Months",34,23004.77,2,0.93,0.95,0.98,2,0,0,1,0,41079.95,0
3210,15622585,McIntyre,Material Handler ,19/08/2003,17/06/2020,,Blue Collar,Permanent,Full Time,Fixed,Active,Medium,Male,19,"2 Years, 6 Months",2,23993.96,4,0.46,0.93,0.66,1,0,1,1,1,26659.95,0
3211,15733964,Russo,Project Manager,23/07/1990,28/04/2012,,White Collar,Permanent,Full Time,Flex and Fixed,Active,High,Female,32,"10  Years, 7 Months",10,36789.79,3,0.96,0.7,0.88,3,1,1,1,1,43282.1,0
3212,15753861,Ballard,Accountant,08/11/1996,28/02/2014,,White Collar,Permanent,Full Time,Fixed,Active,Low,Female,26,"8 Years, 9 Months",8,31183.36,4,0.27,0.58,0.9,1,1,0,0,0,36686.3,0
3213,15747097,Hs?,Software Engineer,06/12/1982,25/12/2015,,White Collar,Permanent,Full Time,Flex and Fixed,Active,Medium,Male,40,"6 Years, 11 Months",6,61852.87,3,0.58,0.52,0.95,2,1,1,1,1,70287.35,0
3214,15594762,Pisani,Perishable Operational Care Specialist - Air Logistics,26/09/1998,01/02/2019,,Blue Collar,Permanent,Full Time,Fixed,Active,Medium,Male,24,"3 Years, 10 Months",3,32498.06,2,0.89,0.98,0.88,2,0,1,1,1,33503.15,0
3215,15667417,Tao,Software Engineer,05/03/1986,02/06/1986,,White Collar,Permanent,Full Time,Flex and Fixed,Active,High,Male,37,"36 Years, 6 Months",36,65013.36,4,0.49,0.93,0.94,1,1,0,1,0,69163.15,0
3216,15684861,Thomson,Cloud Service Analyst,01/06/1987,02/08/2020,,White Collar,Permanent,Full Time,Flex and Fixed,Active,Low,Female,35,"2 Years, 4 Months",2,54749.86,3,0.51,0.34,0.63,2,1,0,0,0,62215.75,0
3217,15742204,Hsu,Trucking Specialist - Air Logistics,29/04/1997,21/06/2019,,Blue Collar,Permanent,Full Time,Fixed,Active,Low,Male,25,"3 Years, 5 Months",3,32786.8,1,0.51,0.87,0.75,2,0,1,0,1,36029.45,0
3218,15623502,Morrison,Trucking Specialist - Air Logistics,21/06/1990,08/03/2016,,Blue Collar,Permanent,Full Time,Fixed,Active,High,Female,32,"6 Years, 9 Months",6,31572.11,3,0.26,0.52,0.96,2,0,1,1,1,33587.35,0
3219,15774872,Joslin,Pricing Analyst,17/07/1987,02/04/2018,,White Collar,Permanent,Full Time,Flex and Fixed,Active,High,Male,35,"4 Years, 8 Months",4,49063.06,4,0.28,0.58,0.91,1,1,0,1,0,51107.35,0
3220,15611191,Scott,Accounts Payable,28/06/1991,10/07/2016,,White Collar,Permanent,Full Time,Fixed,Active,Medium,Female,31,"6 Years, 5 Months",6,27024.98,1,0.27,0.65,0.51,1,1,1,1,1,32172.6,0
3221,15674331,Bidwill,Senior DevOps Engineer,20/02/1991,04/07/2021,,White Collar,Permanent,Full Time,Flex and Fixed,Active,Medium,Male,32,"1  Years, 5 Months",1,70422.1,3,0.93,0.74,0.59,0,1,0,0,0,70422.1,0
3222,15619465,Cameron,Accounts Payable,21/03/1986,16/07/2021,,White Collar,Permanent,Full Time,Fixed,Active,Medium,Female,36,"1  Years, 5 Months",1,37261.05,4,0.28,0.63,0.7,0,1,1,0,1,37261.05,0
3223,15575247,Cartwright,Customer Brokerage Specialist,17/05/1980,14/07/2010,,Blue Collar,Permanent,Full Time,Fixed,Active,Medium,Male,42,"12 Years, 5 Months",12,32728.97,1,0.83,0.74,0.74,3,1,0,1,0,34451.55,0
3224,15695679,Yao,Account Manager ,18/09/1992,14/08/2015,,White Collar,Permanent,Full Time,Fixed,Active,High,Male,30,"7 Years, 4 Months",7,29788.44,4,0.91,0.65,1,2,1,0,0,0,33850.5,0
3225,15713463,Tate,Finance Analyst,25/06/1979,21/02/2015,30/04/2021,White Collar,Permanent,Full Time,Flex and Fixed,Voluntarily Terminated,Medium,Female,43,"6 Years, 2 Months",6,44669.34,3,0.36,0.48,0.94,3,1,0,1,1,48031.55,1
3226,15785170,Neal,Warehouse Quality Control Specialist - Air Logistics,17/04/1986,25/07/1999,,Blue Collar,Permanent,Full Time,Fixed,Active,Low,Female,36,"23 Years, 4 Months",23,23968.17,4,0.9,0.84,0.75,2,0,0,0,0,24709.45,0
3227,15796351,Yao,Customer Care Specialist-Key Accounts,05/12/1980,18/02/2020,,White Collar,Permanent,Full Time,Fixed,Active,High,Male,42,"2 Years, 10 Months",2,33438.63,3,0.26,0.6,0.62,1,0,1,1,1,34121.05,0
3228,15639576,Burns,Customer Brokerage Specialist,06/01/1986,14/04/1995,,Blue Collar,Permanent,Full Time,Fixed,Active,High,Male,37,"27 Years, 8 Months",27,31862.78,2,0.94,0.56,0.57,2,1,0,1,0,34261.05,0
3229,15693264,Onyinyechukwuka,Warehouse Quality Control Specialist - Air Logistics,07/03/1990,07/06/2013,,Blue Collar,Permanent,Full Time,Fixed,Active,Low,Female,33,"9 Years, 6 Months",9,25724.24,4,0.86,0.13,0.8,3,0,1,1,1,28268.4,0
3230,15589715,Fulks,Network Engineer,06/10/1979,09/03/2014,15/07/2017,White Collar,Permanent,Full Time,Flex and Fixed,Voluntarily Terminated,Medium,Female,43,"3 Years, 4 Months",3,64858.15,1,0.22,0.4,0.51,2,1,0,1,0,69739.95,1
3231,15769902,Christie,Perishable Manager - Air Logistics,25/10/1971,28/10/2016,,White Collar,Permanent,Full Time,Flex and Fixed,Active,High,Female,51,"6 Years, 1 Months",6,66605.39,4,0.5,0.91,0.42,2,1,1,1,1,70856.8,0
3232,15587177,Lloyd,Human Resoruces Coordinator,27/11/1961,30/03/2016,,White Collar,Permanent,Full Time,Fixed,Active,Low,Male,61,"6 Years, 8 Months",6,29754.73,3,0.29,0.97,0.97,3,0,0,1,0,32342.1,0
3233,15814553,Ball,Aerospace International Logistics Specialist,07/04/1986,31/03/2019,,Blue Collar,Permanent,Full Time,Fixed,Active,Medium,Female,36,"3 Years, 8 Months",3,33449.15,2,0.88,0.9,0.96,2,0,1,1,1,35584.2,0
3234,15601550,Genovesi,Cloud Service Analyst,27/02/1974,29/05/2012,,White Collar,Permanent,Part Time,Flex and Fixed,Active,Low,Male,49,"10  Years, 6 Months",10,55911.97,3,0.98,0.57,0.87,1,1,1,1,1,58854.7,0
3235,15664907,Alexander,National Perishable Air Logistics Development Manager Seafood,22/02/1960,22/08/2010,30/08/2013,White Collar,Permanent,Part Time,Flex and Fixed,Voluntarily Terminated,Low,Male,63,"3 Years, 0 Months",3,32957.01,3,0.14,0.84,0.79,1,1,0,1,1,36618.9,1
3236,15612465,Siciliano,Project Manager,11/01/1986,08/11/1993,,White Collar,Permanent,Part Time,Flex and Fixed,Active,Medium,Male,37,"29 Years, 1 Months",29,43530.43,3,0.49,0.84,0.74,2,1,1,1,0,45344.2,0
3237,15810800,Ositadimma,National Perishable Air Logistics Development Manager Seafood,06/04/1973,08/05/2019,,White Collar,Permanent,Part Time,Flex and Fixed,Active,Medium,Female,49,"3 Years, 7 Months",3,30757.95,1,0.54,0.17,0.93,2,1,1,1,1,33799.95,0
3238,15665760,Kazantsev,Project Coordinator,09/10/1982,08/11/2016,,White Collar,Permanent,Part Time,Fixed,Active,High,Male,40,"6 Years, 1 Months",6,29132.17,4,0.47,0.97,0.86,1,0,1,0,1,33485.25,0
3239,15588080,Giles,Account Manager ,04/02/1986,01/12/2017,16/09/2020,White Collar,Permanent,Part Time,Fixed,Voluntarily Terminated,High,Male,37,"2 Years, 9 Months",2,30643.96,1,0.59,0.94,0.66,1,1,0,1,0,32256.8,1
3240,15776844,Hao,Sea Logistics Pricing Coordinator,20/07/1999,03/12/2020,,White Collar,Permanent,Part Time,Fixed,Active,High,Female,23,"2 Years, 0 Months",2,34680.63,2,0.29,0.83,0.61,2,0,0,1,0,35388.4,0
3241,15717560,Martin,Project Coordinator,17/06/1980,14/10/1987,25/09/2013,White Collar,Permanent,Full Time,Fixed,Voluntarily Terminated,High,Male,42,"25 Years, 11 Months",25,34791.77,1,0.36,0.91,0.73,1,0,0,1,0,37410.5,1
3242,15629739,Hartley,Perishable Operational Care Specialist - Air Logistics,25/10/1995,11/07/2020,,Blue Collar,Permanent,Full Time,Fixed,Active,High,Female,27,"2 Years, 5 Months",2,35207.77,4,0.3,0.9,0.76,1,0,1,1,1,35926.3,0
3243,15729908,Allan,Business Development Manager,24/05/1971,25/02/2014,,White Collar,Permanent,Full Time,Flex and Fixed,Active,High,Female,51,"8 Years, 9 Months",8,45067.83,2,0.52,0.95,0.86,2,1,0,0,0,51802.1,0
3244,15716781,Dolgorukova,Trucking Team Leader- Air Logistics,27/05/1975,06/01/2014,,White Collar,Permanent,Full Time,Fixed,Active,Low,Male,47,"8 Years, 11 Months",8,38032.86,4,0.91,0.69,0.95,3,0,1,0,1,41340.07,0
3245,15646936,Nnamdi,National Air Logistics Gateway Trade Lane Specialist,15/06/1983,27/10/2016,,White Collar,Permanent,Full Time,Fixed,Active,Low,Female,39,"6 Years, 1 Months",6,30394.82,2,0.53,0.49,0.98,2,0,1,1,1,33037.85,0
3246,15768151,Romano,National Perishable Air Logistics Development Manager Seafood,10/08/1979,10/10/2016,27/02/2019,White Collar,Permanent,Full Time,Flex and Fixed,Voluntarily Terminated,Medium,Female,43,"2 Years, 4 Months",2,29809.35,2,0.51,0.45,0.37,1,1,1,0,1,33493.65,1
3247,15579212,Chuang,Pricing Analyst,04/01/1972,21/10/2018,21/04/2019,White Collar,Permanent,Full Time,Flex and Fixed,Voluntarily Terminated,High,Male,51,"0 Years, 6 Months",0,51497.85,4,0.27,0.21,0.9,0,1,0,1,0,51497.85,1
3248,15721835,Owen,National Perishable Air Logistics Development Manager Retail,08/01/1987,02/06/2016,,White Collar,Permanent,Full Time,Flex and Fixed,Active,High,Male,36,"6 Years, 6 Months",6,30768.5,3,0.27,0.67,0.61,1,1,0,1,0,34964.2,0
3249,15800515,Singh,Transport Controller,28/02/1960,28/02/2009,,Blue Collar,Temporary,Full Time,Fixed,Active,Medium,Male,63,"13 Years, 9 Months",13,25333.14,2,0.26,0.76,0.62,2,0,0,1,0,28464.2,0
3250,15591279,Nwagugheuzo,National Perishable Air Logistics Development Manager Seafood,25/07/1986,30/10/2010,,White Collar,Permanent,Full Time,Flex and Fixed,Active,Low,Male,36,"12 Years, 1 Months",12,29574.6,3,0.3,0.19,0.78,1,1,1,0,1,32146.3,0
3251,15587419,Shipton,Operations Specialist,13/11/1997,02/05/2018,25/12/2019,Blue Collar,Permanent,Full Time,Fixed,Voluntarily Terminated,Medium,Male,25,"1 Years, 7 Months",1,31559.67,3,0.26,0.52,0.73,1,0,1,0,1,35066.3,1
3252,15750335,Paterson,Warehouse Specialist - Air Logistics,27/11/1994,17/06/2020,,Blue Collar,Temporary,Full Time,Fixed,Active,Low,Male,28,"2 Years, 6 Months",2,25537.31,2,0.93,0.66,0.59,1,0,0,1,0,27167.35,0
3253,15699619,Rivas,Perishable Customer Care Team Leader - Air Logistics,25/01/1958,08/01/1988,,White Collar,Permanent,Full Time,Fixed,Active,High,Male,65,"34 Years, 11 Months",34,22838.52,3,0.44,0.95,0.67,5,0,0,1,0,38064.2,0
3254,15606472,Lung,Warehouse Specialist - Air Logistics,13/05/1983,20/10/2020,,Blue Collar,Temporary,Full Time,Fixed,Active,Medium,Female,39,"2 Years, 1 Months",2,21790.4,2,0.27,0.95,0.78,2,0,1,1,1,24211.55,0
3255,15778368,Allan,Inside Sales Executive/ Account Manager,05/10/1992,14/07/2009,31/05/2017,White Collar,Permanent,Full Time,Flex and Fixed,Voluntarily Terminated,High,Male,30,"7 Years, 10 Months",7,31517.47,3,0.29,0.57,0.54,2,1,0,1,0,32160.68,1
3256,15671387,Fetherstonhaugh,Human Resoruces Coordinator,09/09/1983,07/04/2015,,White Collar,Permanent,Part Time,Fixed,Active,Medium,Female,39,"7 Years, 8 Months",7,27643.08,3,0.83,0.48,0.57,3,0,0,0,0,31773.65,0
3257,15573926,Lung,Customer Servce Administrative Officer,09/10/1999,03/05/2015,,Blue Collar,Permanent,Part Time,Fixed,Active,Low,Male,23,"7 Years, 7 Months",7,28831.96,4,0.71,0.95,0.5,2,0,0,0,0,33919.95,0
3258,15709183,Davidson,Technical Support Engineer,27/05/1981,13/01/2020,,White Collar,Permanent,Part Time,Flex and Fixed,Active,Low,Female,41,"2 Years, 11 Months",2,53170.8,3,0.59,0.7,0.67,2,1,1,1,1,58429.45,0
3259,15577514,Mai,Software Engineer,15/04/1979,12/04/2020,,White Collar,Permanent,Part Time,Flex and Fixed,Active,Medium,Female,43,"2 Years, 8 Months",2,65959.15,4,0.76,0.48,0.61,1,1,1,1,0,67305.25,0
3260,15778830,Dellucci,Project Manager,28/11/1986,03/08/2014,,White Collar,Permanent,Part Time,Flex and Fixed,Active,High,Male,36,"8 Years, 4 Months",8,36696.71,3,0.41,0.62,0.58,1,1,0,1,0,43172.6,0
3261,15768072,Mitchell,Inventory Clerk,15/04/2002,16/03/2016,27/04/2019,Blue Collar,Temporary,Part Time,Fixed,Voluntarily Terminated,High,Female,20,"3 Years, 1 Months",3,25958.84,2,0.24,0.58,0.76,2,0,0,0,1,28843.15,1
3262,15768293,Sun,National Perishable Air Logistics Development Manager Seafood,23/02/1957,31/05/2015,,White Collar,Permanent,Part Time,Flex and Fixed,Active,High,Male,66,"7 Years, 6 Months",7,31789.36,3,0.7,1,0.87,2,1,1,1,1,34553.65,0
3263,15654456,Napolitano,Internal Trainer,04/10/1984,05/07/2019,19/08/2020,White Collar,Permanent,Part Time,Fixed,Voluntarily Terminated,Low,Male,38,"1 Years, 1 Months",1,33230.5,1,0.56,0.79,0.65,0,0,0,0,0,33230.5,1
3264,15807525,Bailey,Project Coordinator,20/10/1974,23/08/2015,25/12/2015,White Collar,Permanent,Part Time,Fixed,Voluntarily Terminated,Low,Male,48,"0 Years, 4 Months",0,37232.6,1,0.28,0.58,0.73,0,0,0,1,0,37232.6,1
3265,15574372,Hoolan,Gateway & Procurement Team Leader- Air Logistics,20/02/1997,17/06/2014,,White Collar,Permanent,Part Time,Fixed,Active,Medium,Male,26,"8 Years, 6 Months",8,33218.89,3,0.81,0.59,0.79,2,0,0,1,0,39081.05,0
3266,15671249,Kent,Transport Controller,02/04/1962,09/03/2020,,Blue Collar,Temporary,Part Time,Fixed,Active,High,Female,60,"2  Years, 9 Months",2,19932.8,4,0.58,0.66,0.8,1,0,0,1,0,24608.4,0
3267,15779744,Chou,Sales Operations Manager ,02/12/1974,13/01/2019,,White Collar,Permanent,Part Time,Flex and Fixed,Active,Medium,Male,48,"3 Years, 11 Months",3,65555.66,3,0.29,0.71,0.59,2,1,1,1,1,67583.15,0
3268,15624755,Pepper,Customer Servce Administrative Officer,26/12/1984,20/11/2010,,Blue Collar,Permanent,Part Time,Fixed,Active,Medium,Female,38,"12 Years, 0 Months",12,32335.95,3,0.69,0.9,0.74,3,0,0,1,0,34399.95,0
3269,15611430,Abramowitz,Warehouse Shift Team Leader- Air Logistics,13/12/1986,20/01/2007,16/11/2015,White Collar,Permanent,Part Time,Fixed,Voluntarily Terminated,Low,Male,36,"8 Years, 9 Months",8,37771.56,1,0.48,0.39,0.63,1,0,0,1,0,42439.95,1
3270,15774744,Lord,Java Software Engineer ,18/05/1981,27/12/1997,,White Collar,Permanent,Part Time,Flex and Fixed,Active,Medium,Male,41,"24 Years, 11 Months",24,63816.52,1,0.39,0.66,0.93,2,1,0,1,0,65118.9,0
3271,15629885,Wilson,Project Manager,18/11/1982,13/05/2014,,White Collar,Permanent,Part Time,Flex and Fixed,Active,Medium,Female,40,"8 Years, 7 Months",8,36640.38,4,0.94,0.92,0.53,3,1,0,1,0,41636.8,0
3272,15708791,Abazu,Forklift Operator,11/01/2003,14/03/2020,,Blue Collar,Temporary,Part Time,Fixed,Active,Medium,Male,20,"2 Years, 9 Months",2,25329.36,4,0.72,0.55,0.51,2,0,0,0,0,28459.95,0
3273,15793890,Harriman,Customer Care Specialist-Key Accounts,24/03/2001,03/06/2012,28/01/2022,White Collar,Permanent,Part Time,Fixed,Voluntarily Terminated,Medium,Female,21,"10  Years, 6 Months",10,27447.53,2,0.18,0.51,0.43,3,0,1,1,1,33472.6,1
3274,15646091,Frankland,Customer Servce Administrative Officer,04/04/1979,31/08/2018,,Blue Collar,Permanent,Part Time,Fixed,Active,Low,Female,43,"4 Years, 3 Months",4,33641.96,3,0.73,0.49,0.52,2,0,0,1,0,36567.35,0
3275,15596984,Pinto,Recruiter,16/08/1960,24/06/2007,11/05/2021,White Collar,Permanent,Part Time,Fixed,Voluntarily Terminated,Low,Female,62,"15  Years, 5 Months",15,36949.37,2,0.08,0.88,0.52,3,0,1,1,1,39645.25,1
3276,15800215,Kwemtochukwu,Internal Trainer,06/04/1982,19/05/2013,,White Collar,Permanent,Part Time,Fixed,Active,High,Male,40,"9 Years, 6 Months",9,32180.47,4,0.28,0.6,0.8,2,0,1,0,0,35363.15,0
3277,15577806,Chiu,Recruiter,03/11/1957,24/12/1985,,White Collar,Permanent,Part Time,Fixed,Active,High,Female,65,"36 Years, 11 Months",36,27069.7,2,0.26,0.93,0.65,2,0,1,1,1,41014.7,0
3278,15749381,Yu,Internal Trainer,03/03/1979,13/03/2017,,White Collar,Permanent,Part Time,Fixed,Active,Medium,Female,44,"5 Years, 9 Months",5,34215.17,3,0.48,0.86,0.59,2,0,0,1,0,36790.5,0
3279,15683758,Onyekachukwu,IT-Support,12/07/1971,02/04/2013,,White Collar,Permanent,Part Time,Fixed,Active,High,Male,51,"9 Years, 8 Months",9,34887.97,4,0.71,0.78,0.98,2,0,0,1,0,42546.3,0
3280,15670615,Castiglione,National Perishable Air Logistics Development Manager Seafood,23/02/1990,27/02/2015,,White Collar,Permanent,Part Time,Flex and Fixed,Active,Medium,Male,33,"7 Years, 9 Months",7,31381.48,4,0.27,0.69,0.55,3,1,0,1,0,37358.9,0
3281,15715622,To Rot,Accounting Coordinator,05/01/1997,25/10/2011,29/05/2018,White Collar,Permanent,Part Time,Fixed,Voluntarily Terminated,Low,Female,26,"6 Years, 7 Months",6,31469.22,1,0.28,0.84,0.51,1,1,1,0,1,35760.48,1
3282,15707634,Anenechukwu,Warehouse Quality Control Specialist - Air Logistics,13/01/2001,18/06/2015,,Blue Collar,Permanent,Part Time,Fixed,Active,High,Female,22,"7 Years, 6 Months",7,21873.6,1,0.51,0.48,0.62,3,0,1,1,1,25733.65,0
3283,15806901,Henderson,Gateway & Procurement Team Leader- Air Logistics,13/02/1997,08/11/2021,,White Collar,Permanent,Part Time,Fixed,Active,Low,Female,26,"1  Years, 1 Months",1,40689.84,4,0.49,0.63,0.86,1,0,1,1,1,42385.25,0
3284,15775335,Ellis,Trucking Specialist - Air Logistics,11/11/1962,05/11/1989,,Blue Collar,Permanent,Part Time,Fixed,Active,Low,Female,60,"33 Years, 1 Months",33,30866.89,3,0.26,0.54,0.61,1,0,0,1,0,36746.3,0
3285,15724150,Nkemdirim,Warehouse Specialist - Air Logistics,10/05/1996,06/05/2021,,Blue Collar,Temporary,Part Time,Fixed,Active,High,Male,26,"1  Years, 7 Months",1,25402.95,4,0.53,0.85,0.53,1,0,1,1,1,26739.95,0
3286,15627220,Kang,IT System Engineer,31/01/1980,29/10/2013,20/10/2016,White Collar,Permanent,Part Time,Flex and Fixed,Voluntarily Terminated,Low,Female,43,"2 Years, 11 Months",2,58095.69,2,0.53,0.51,0.52,2,1,0,0,0,70848.4,1
3287,15672330,Lear,National Air Logistics Pharma Compliance Specialist,14/05/1999,06/01/2013,,Blue Collar,Permanent,Part Time,Fixed,Active,Low,Female,23,"9 Years, 11 Months",9,27169.13,4,0.3,0.88,0.86,2,0,1,0,1,32344.2,0
3288,15668521,Jamieson,Aerospace International Logistics Specialist,17/04/1972,06/06/2014,,Blue Collar,Permanent,Part Time,Fixed,Active,Low,Male,50,"8 Years, 6 Months",8,27697.42,3,0.36,0.87,0.93,2,0,1,1,1,32206.3,0
3289,15807837,Mazzanti,Accountant,15/10/1957,16/01/2017,,White Collar,Permanent,Part Time,Fixed,Active,High,Female,65,"5 Years, 11 Months",5,32632.55,3,0.83,0.54,0.5,2,1,1,1,1,35859.95,0
3290,15592570,Marino,Gateway & Procurement Team Leader- Air Logistics,28/07/1975,01/05/2020,,White Collar,Permanent,Part Time,Fixed,Active,High,Female,47,"2 Years, 7 Months",2,36927.15,4,0.27,0.96,0.67,2,0,0,1,0,39284.2,0
3291,15748589,Winter,Java Software Engineer ,15/01/1976,01/11/2021,,White Collar,Permanent,Part Time,Flex and Fixed,Active,High,Female,47,"1  Years, 1 Months",1,67175.71,3,0.26,0.58,0.75,1,1,0,1,0,69974.7,0
3292,15635893,T'ien,Internal Trainer,06/02/1956,28/12/1990,,White Collar,Permanent,Part Time,Fixed,Active,Medium,Female,67,"31 Years, 11 Months",31,18687.82,3,0.4,0.21,0.57,2,0,1,1,1,33977.85,0
3293,15757632,Hughes-Jones,Perishable Operational Care Specialist - Air Logistics,16/07/1983,24/02/2018,,Blue Collar,Permanent,Part Time,Fixed,Active,High,Female,39,"4 Years, 9 Months",4,34144.66,4,0.26,0.5,0.56,3,0,0,1,0,35567.35,0
3294,15691863,Cody,Regional Air logistics Trainer Specialist,06/01/1979,10/07/2019,,White Collar,Permanent,Part Time,Fixed,Active,Medium,Female,44,"3 Years, 5 Months",3,33878.51,4,0.6,0.52,0.54,2,0,1,1,1,34926.3,0
3295,15706071,Hunt,Apprentice,20/09/2003,28/11/2009,09/05/2017,Blue Collar,Apprentice,Part Time,Fixed,Voluntarily Terminated,Low,Male,19,"7 Years, 5 Months",7,20716.87,3,0.6,0.5,0.7,3,0,1,1,1,22228.4,1
3296,15654296,Estrada,National Perishable Air Logistics Development Manager Retail,24/07/1979,08/05/2019,,White Collar,Permanent,Part Time,Flex and Fixed,Active,High,Female,43,"3 Years, 7 Months",3,36410.7,1,0.65,0.74,0.86,2,1,0,1,0,37536.8,0
3297,15755018,Dickinson,Project Manager,07/04/1990,23/03/2012,,White Collar,Permanent,Part Time,Flex and Fixed,Active,Medium,Female,32,"10  Years, 8 Months",10,35263.63,2,0.58,0.69,0.63,5,1,0,1,0,42486.3,0
3298,15594041,Fanucci,Sales Specialist-Air Logitics ,26/02/2004,05/10/2021,,Blue Collar,Permanent,Part Time,Fixed,Active,High,Female,19,"1  Years, 2 Months",1,35901.05,4,0.4,0.61,0.74,0,0,0,1,0,35901.05,0
3299,15670587,Yang,IT-Support,14/07/1984,23/08/2020,,White Collar,Permanent,Part Time,Fixed,Active,Low,Male,38,"2 Years, 3 Months",2,35499.72,1,0.47,0.5,0.82,1,0,0,1,0,36224.2,0
3300,15724527,Forbes,Regional Air logistics Trainer Specialist,01/04/1996,15/09/2000,,White Collar,Permanent,Part Time,Fixed,Active,Medium,Male,26,"22  Years, 3 Months",22,26028.99,4,0.28,0.79,0.53,5,0,1,1,1,33370.5,0
3301,15801904,Heard,Accounting Coordinator,14/10/1984,19/07/1992,22/04/2018,White Collar,Permanent,Part Time,Fixed,Voluntarily Terminated,Medium,Male,38,"30  Years, 4 Months",30,32267.34,4,0.11,0.73,0.68,1,1,0,1,0,35852.6,1
3302,15658195,Efremova,Stock Investigator & Analyst,17/08/1984,10/10/1997,,White Collar,Permanent,Part Time,Flex and Fixed,Active,Low,Male,38,"25 Years, 2 Months",25,41113.56,3,0.6,0.49,0.69,2,1,1,1,1,46719.95,0
3303,15630113,Morphett,Accountant,09/07/1972,15/04/2019,,White Collar,Permanent,Part Time,Fixed,Active,Medium,Male,50,"3 Years, 8 Months",3,34602.42,3,0.44,0.7,0.77,1,1,1,1,1,35672.6,0
3304,15784320,Lenhardt,Java Software Engineer ,03/04/1992,14/06/2018,20/04/2020,White Collar,Permanent,Part Time,Flex and Fixed,Voluntarily Terminated,Medium,Female,30,"1 Years, 10 Months",1,61280.38,1,0.44,0.27,0.62,1,1,1,1,1,69636.8,1
3305,15676513,Burns,Perishable Apprentice- Air Logistics,14/05/2004,09/10/2022,,Blue Collar,Apprentice,Part Time,Fixed,Active,High,Male,18,"0 Years, 2 Months",0,21358.9,3,0.53,0.8,0.54,0,0,0,1,0,21358.9,0
3306,15574072,Ch'ien,Inventory Clerk,14/10/2004,03/11/2020,,Blue Collar,Temporary,Part Time,Fixed,Active,Low,Female,18,"2 Years, 1 Months",2,27245.03,1,0.3,0.45,0.6,1,0,1,1,1,27801.05,0
3307,15633854,Sun,Business Development Manager,07/06/1984,12/07/1984,,White Collar,Permanent,Part Time,Flex and Fixed,Active,Low,Female,38,"38 Years, 5 Months",38,46185.96,3,0.84,0.63,0.64,3,1,0,1,0,48616.8,0
3308,15618566,Jamieson,BI Developer,16/11/1985,07/05/2020,,White Collar,Permanent,Part Time,Flex and Fixed,Active,Low,Female,37,"2 Years, 7 Months",2,53881.56,1,0.7,0.76,0.52,1,1,1,1,1,59868.4,0
3309,15733014,Nolan,Apprentice,08/04/2002,23/10/2022,,Blue Collar,Apprentice,Part Time,Fixed,Active,Low,Female,20,"0 Years, 1 Months",0,23236.8,2,0.46,0.42,0.74,0,0,1,1,1,23236.8,0
3310,15753343,Barry,National Perishable Air Logistics Development Manager Seafood,07/11/1961,10/03/2006,,White Collar,Permanent,Part Time,Flex and Fixed,Active,High,Female,61,"16 Years, 9 Months",16,33145.39,3,0.36,0.41,0.87,2,1,1,1,1,35261.05,0
3311,15746076,Saunders,National Air Logistics Pharma Compliance Specialist,20/02/1979,27/01/2020,,Blue Collar,Permanent,Part Time,Fixed,Active,High,Male,44,"2 Years, 10 Months",2,31512.64,4,0.8,0.74,0.46,2,0,0,1,0,32155.75,0
3312,15608226,McMorran,Apprentice,28/12/2002,29/09/2022,,Blue Collar,Apprentice,Full Time,Fixed,Active,Medium,Male,20,"0 Years, 2 Months",0,22976.8,2,0.89,0.82,0.75,0,0,1,1,0,22976.8,0
3313,15605684,Phelan,Analyst Programmer ,11/01/1992,08/07/2020,,White Collar,Permanent,Full Time,Flex and Fixed,Active,Low,Female,31,"2 Years, 5 Months",2,58552.66,4,0.36,0.82,0.65,2,1,0,1,0,63644.2,0
3314,15638988,Fu,Gateway & Procurement Specialist - Air Logistics,25/08/1955,12/08/2018,,Blue Collar,Permanent,Full Time,Fixed,Active,Low,Male,67,"4 Years, 4 Months",4,34745.61,3,0.42,0.53,0.73,3,0,1,1,1,35454.7,0
3315,15628767,Hotchin,Senior DevOps Engineer,17/03/1978,08/12/2017,17/06/2018,White Collar,Permanent,Full Time,Flex and Fixed,Voluntarily Terminated,Medium,Female,44,"0 Years, 6 Months",0,69889.45,1,0.42,0.71,0.77,0,1,1,1,1,69889.45,1
3316,15737977,Aksyonov,Human Resoruces Coordinator,23/05/1955,29/04/1996,,White Collar,Permanent,Full Time,Fixed,Active,Medium,Female,67,"26 Years, 7 Months",26,22203.97,4,0.89,0.5,0.9,3,0,1,0,1,31719.95,0
3317,15758116,Rossi,Accountant,24/11/1998,14/09/2018,30/12/2019,White Collar,Permanent,Full Time,Fixed,Voluntarily Terminated,High,Male,24,"4  Years, 3 Months",4,33960.58,3,0.2,0.68,0.89,0,1,0,1,1,33960.58,1
3318,15575119,Hughes,Technical Support Engineer,28/02/1981,16/06/2012,10/10/2019,White Collar,Permanent,Full Time,Flex and Fixed,Voluntarily Terminated,Medium,Male,42,"10  Years, 6 Months",10,47926.72,1,0.4,0.68,0.99,4,1,1,1,1,59908.4,1
3319,15625126,Duncan,Air Logistics Support Manager,25/08/1984,01/03/1997,,White Collar,Permanent,Full Time,Flex and Fixed,Active,High,Female,38,"25  Years, 9 Months",25,58218.81,3,0.7,0.48,0.86,5,1,1,1,1,70143.15,0
3320,15567114,McGarry,Operations Specialist,23/08/1997,19/03/2022,,Blue Collar,Permanent,Full Time,Fixed,Active,Medium,Male,25,"0 Years, 8 Months",0,36785.25,2,0.3,0.59,0.72,0,0,0,0,0,36785.25,0
3321,15672242,Aksenov,Human resources Manager,19/04/1988,23/01/2019,,White Collar,Permanent,Full Time,Flex and Fixed,Active,High,Male,34,"3 Years, 10 Months",3,71042.75,4,0.92,0.21,0.7,1,1,1,0,0,73239.95,0
3322,15681327,Akhtar,Transport Controller,30/07/1985,09/07/2020,,Blue Collar,Temporary,Full Time,Fixed,Active,Low,Male,37,"2  Years, 5 Months",2,20960.18,2,0.29,0.99,0.73,1,0,1,1,1,24952.6,0
3323,15802585,Pisani,Account Manager ,14/12/1958,08/01/1993,,White Collar,Permanent,Full Time,Fixed,Active,High,Female,64,"29 Years, 11 Months",29,26024.58,3,0.36,1,0.88,3,1,1,1,1,36145.25,0
3324,15740630,Pisano,Apprentice,25/05/2004,12/02/2022,,Blue Collar,Apprentice,Full Time,Fixed,Active,Medium,Female,18,"0 Years, 10 Months",0,23496.8,4,0.41,0.84,0.51,0,0,0,1,0,23496.8,0
3325,15815420,McDaniels,National Air Logistics Pharma Compliance Specialist,13/03/1981,30/11/1987,,Blue Collar,Permanent,Full Time,Fixed,Active,High,Male,41,"35 Years, 0 Months",35,29997.85,4,0.73,0.86,0.82,1,0,1,0,1,32255.75,0
3326,15711468,Tennant,Perishable Warehouse Specialist - Air Logistics,21/01/1975,02/06/2020,,Blue Collar,Permanent,Full Time,Fixed,Active,High,Female,48,"2 Years, 6 Months",2,34667.21,2,0.55,0.52,0.54,1,0,1,1,0,35374.7,0
3327,15799626,Donaghy,Operations Specialist,08/04/2000,11/09/2020,12/02/2022,Blue Collar,Permanent,Full Time,Fixed,Voluntarily Terminated,Low,Male,22,"1 Years, 5 Months",1,31528.59,2,0.28,0.38,0.97,1,0,1,0,1,33541.05,1
3328,15659325,Todd,Transport Controller,29/08/1977,09/07/2014,,Blue Collar,Temporary,Full Time,Fixed,Active,Medium,Male,45,"8 Years, 5 Months",8,22655.11,3,0.95,0.55,0.81,1,0,1,1,1,26343.15,0
3329,15651352,Tobenna,Customer Servce Administrative Officer,22/08/1998,13/09/2009,13/10/2019,Blue Collar,Permanent,Full Time,Fixed,Voluntarily Terminated,High,Female,24,"10 Years, 1 Months",10,33055.57,1,0.16,0.35,0.59,2,0,0,1,1,35467.35,1
3330,15684925,Vicars,National Air Logistics Service Excellence Manager,02/05/1969,04/06/1983,,White Collar,Permanent,Full Time,Fixed,Active,Medium,Female,53,"39 Years, 6 Months",39,39239.02,4,0.58,0.91,0.9,1,1,0,0,0,40452.6,0
3331,15657439,Chao,Stock Investigator & Analyst,25/11/1980,21/12/2016,,White Collar,Permanent,Full Time,Flex and Fixed,Active,High,Male,42,"5 Years, 11 Months",5,45941.95,3,0.27,0.82,0.99,1,1,1,1,1,48359.95,0
3332,15574122,Tien,Accounting Coordinator,02/12/1989,10/02/2020,,White Collar,Permanent,Full Time,Fixed,Active,High,Male,33,"2 Years, 10 Months",2,29617.29,4,0.91,0.84,0.94,1,1,0,0,0,33277.85,0
3333,15720508,Hsing,National Service Excellence Specialist- Air Logistics,15/10/1959,30/03/2015,,White Collar,Permanent,Full Time,Flex and Fixed,Active,Medium,Male,63,"7 Years, 8 Months",7,29494.07,4,0.91,0.72,0.68,2,0,0,0,0,34698.9,0
3334,15599078,Yang,Road Logistics Sales Representative,16/01/2004,10/12/2021,,White Collar,Permanent,Full Time,Fixed,Active,Medium,Female,19,"1  Years, 0 Months",1,32569.45,2,0.37,0.68,0.85,0,0,0,1,0,32569.45,0
3335,15702300,Walker,Warehouse Quality Control Specialist - Air Logistics,03/05/1981,23/06/1988,,Blue Collar,Permanent,Full Time,Fixed,Active,High,Male,41,"34 Years, 5 Months",34,17083.64,3,0.54,0.99,0.96,4,0,0,0,0,24758.9,0
3336,15660735,T'ang,Sales Account Manager,10/12/2000,25/12/2015,,White Collar,Permanent,Full Time,Fixed,Active,Medium,Female,22,"6 Years, 11 Months",6,29455.69,3,0.27,0.74,0.85,1,1,0,1,0,35066.3,0
3337,15671390,Chukwukere,Customer Brokerage Specialist,07/08/1981,14/04/2016,,Blue Collar,Permanent,Full Time,Fixed,Active,Low,Male,41,"6 Years, 8 Months",6,31349.54,2,0.92,0.8,0.41,1,1,0,1,0,35224.2,0
3338,15647385,Ch'iu,"Branch Air Logistics QSHE, Facilities and Security Specialist",27/03/1968,11/09/2006,15/04/2015,White Collar,Permanent,Full Time,Fixed,Voluntarily Terminated,Medium,Male,54,"8 Years, 7 Months",8,32106.86,3,0.52,0.55,0.55,2,0,0,0,1,32762.1,1
3339,15739223,Pai,Software Engineer,21/08/1955,20/06/2017,,White Collar,Permanent,Full Time,Flex and Fixed,Active,Medium,Female,67,"5 Years, 5 Months",5,64864.94,4,0.41,0.56,0.95,1,1,1,1,1,69005.25,0
3340,15631305,Franklin,Apprentice,14/04/2002,06/02/2022,25/08/2022,Blue Collar,Apprentice,Full Time,Fixed,Voluntarily Terminated,High,Female,20,"0 Years, 6 Months",0,23822.1,3,0.36,0.35,0.98,0,0,0,1,0,23822.1,1
3341,15809263,Y?,Customer Servce Administrative Officer,16/09/1989,27/05/2021,,Blue Collar,Permanent,Full Time,Fixed,Active,Low,Male,33,"1  Years, 6 Months",1,34999,4,0.89,0.86,0.49,1,0,1,1,1,36841.05,0
3342,15640866,Peng,Internal Trainer,13/08/1959,30/07/2010,,White Collar,Permanent,Full Time,Fixed,Active,Low,Female,63,"12 Years, 4 Months",12,27784.82,2,0.95,0.64,0.95,2,0,1,0,1,31218.9,0
3343,15775663,Otitodilichukwu,Human Resoruces Coordinator,29/01/1961,25/01/2012,,White Collar,Permanent,Full Time,Fixed,Active,Medium,Male,62,"10 Years, 10 Months",10,30155.21,3,0.3,0.82,0.58,2,0,1,1,1,35064.2,0
3344,15631800,Pagnotto,Gateway & Procurement Team Leader- Air Logistics,15/09/1977,12/04/2013,,White Collar,Permanent,Full Time,Fixed,Active,Medium,Male,45,"9 Years, 8 Months",9,35627.91,2,0.3,0.66,0.8,1,0,0,0,0,39151.55,0
3345,15654292,Vessels,Sales Account Manager,26/08/1994,07/08/2019,,White Collar,Permanent,Full Time,Fixed,Active,Low,Male,28,"3 Years, 4 Months",3,31661.82,1,0.56,0.64,0.95,2,1,0,1,0,32641.05,0
3346,15648320,Heller,Inside Sales Executive/ Account Manager,29/09/1958,28/09/2007,,White Collar,Permanent,Full Time,Flex and Fixed,Active,Medium,Female,64,"15 Years, 2 Months",15,26021.45,3,0.57,0.17,0.78,4,1,0,1,0,32125.25,0
3347,15726747,Donaldson,Sea Logiscitcs Customer Care Specialist ,24/01/1997,15/05/2014,,Blue Collar,Permanent,Full Time,Fixed,Active,High,Male,26,"8 Years, 7 Months",8,28874.03,3,0.29,0.75,0.68,2,0,1,0,1,33969.45,0
3348,15694510,Ifeanyichukwu,National Service Excellence Specialist- Air Logistics,02/03/1972,07/10/2019,,White Collar,Permanent,Full Time,Flex and Fixed,Active,Medium,Male,51,"3 Years, 2 Months",3,35102.75,4,0.92,0.45,0.39,3,0,0,0,0,36188.4,0
3349,15572291,Kao,Customer Care Specialist-Key Accounts,17/12/1980,20/02/2019,,White Collar,Permanent,Full Time,Fixed,Active,Medium,Male,42,"3 Years, 9 Months",3,33944.95,1,0.3,0.99,0.9,2,0,0,0,0,36499.95,0
3350,15603465,Dunn,Technical Support Engineer,26/02/1980,20/09/2014,14/06/2022,White Collar,Permanent,Full Time,Flex and Fixed,Voluntarily Terminated,Low,Female,43,"7 Years, 8 Months",7,55750.02,4,0.1,0.35,0.67,2,1,0,1,1,60597.85,1
3351,15685628,Calabresi,Transport Controller,06/05/2003,28/06/2022,,Blue Collar,Temporary,Full Time,Fixed,Active,Medium,Male,19,"0 Years, 5 Months",0,25228.4,2,0.26,0.88,0.8,0,0,1,0,1,25228.4,0
3352,15792729,Holland,Sea Logiscitcs Customer Care Specialist ,15/04/1999,05/01/2020,,Blue Collar,Permanent,Full Time,Fixed,Active,Low,Female,23,"2 Years, 11 Months",2,28806.54,4,0.28,0.62,0.52,1,0,0,1,0,32734.7,0
3353,15767414,Calabresi,Analyst Programmer ,06/02/1978,22/02/2014,,White Collar,Permanent,Full Time,Flex and Fixed,Active,Low,Male,45,"8 Years, 9 Months",8,53109.79,3,0.53,0.94,0.88,2,1,1,1,1,62482.1,0
3354,15568044,Butusov,National Air Logistics Pharma Compliance Specialist,01/07/1991,23/07/2022,,Blue Collar,Permanent,Full Time,Fixed,Active,High,Female,31,"0 Years, 4 Months",0,36910.5,3,0.73,0.59,0.92,0,0,1,1,1,36910.5,0
3355,15751333,Atkinson,Sales Account Manager,07/11/1995,03/07/2014,,White Collar,Permanent,Full Time,Fixed,Active,Low,Female,27,"8 Years, 5 Months",8,32549.55,3,0.29,0.93,0.89,3,1,1,0,1,35379.95,0
3356,15623062,Vasilyeva,Customer Servce Administrative Officer,15/11/1963,11/09/2004,,Blue Collar,Permanent,Full Time,Fixed,Active,Low,Male,59,"18 Years, 3 Months",18,30619.09,3,0.35,0.71,0.39,2,0,1,1,1,33647.35,0
3357,15713621,Mollison,Perishable Warehouse Specialist - Air Logistics,03/06/1978,17/08/2021,,Blue Collar,Permanent,Full Time,Fixed,Active,Medium,Male,44,"1  Years, 4 Months",1,32793.55,3,0.36,0.6,0.6,1,0,1,1,1,34159.95,0
3358,15670668,Webb,Cloud Service Analyst,16/12/1979,14/07/2015,,White Collar,Permanent,Full Time,Flex and Fixed,Active,Low,Male,43,"7 Years, 5 Months",7,56750.43,4,0.27,0.71,0.69,2,1,1,0,1,61685.25,0
3359,15750638,Obiajulu,Warehouse Specialist - Air Logistics,23/05/1980,04/05/2012,01/03/2021,Blue Collar,Temporary,Full Time,Fixed,Voluntarily Terminated,High,Female,42,"10  Years, 7 Months",10,20894.46,2,0.55,0.43,0.57,1,0,0,0,0,25481.05,1
3360,15747878,Aiken,Warehouse Shift Team Leader Healthcare- Air Logistics,07/12/1968,24/08/2019,,White Collar,Permanent,Full Time,Fixed,Active,Medium,Male,54,"3  Years, 3 Months",3,31161.11,4,0.28,0.78,0.96,2,0,1,1,1,38470.5,0
3361,15726796,Brabyn,Stock Investigator & Analyst,13/08/1972,11/04/2022,,White Collar,Permanent,Full Time,Flex and Fixed,Active,Medium,Male,50,"0 Years, 8 Months",0,46513.65,3,0.88,0.52,0.63,0,1,1,1,1,46513.65,0
3362,15754952,Su,Gateway & Procurement Specialist - Air Logistics,14/10/1981,18/07/1992,,Blue Collar,Permanent,Full Time,Fixed,Active,High,Female,41,"30 Years, 5 Months",30,30654.57,4,0.73,0.99,0.7,1,0,0,0,0,34060.63,0
3363,15652192,Traeger,Warehouse Specialist - Air Logistics,23/09/1987,10/06/2019,,Blue Collar,Temporary,Full Time,Fixed,Active,High,Female,35,"3 Years, 6 Months",3,26713.75,2,0.8,0.86,0.51,2,0,0,0,0,27539.95,0
3364,15681924,Ekwueme,Operations Specialist,15/09/1979,11/12/2016,,Blue Collar,Permanent,Full Time,Fixed,Active,Medium,Male,43,"6 Years, 0 Months",6,34145.74,4,0.29,0.74,0.68,1,0,0,1,0,36325.25,0
3365,15763544,Thompson,Recruiter,29/08/1986,09/02/2019,,White Collar,Permanent,Full Time,Fixed,Active,Medium,Male,36,"3 Years, 10 Months",3,36366.11,4,0.67,0.15,0.84,1,0,0,0,0,38687.35,0
3366,15764431,Chinwenma,Recruiter,05/07/1983,25/12/2014,05/09/2018,White Collar,Permanent,Full Time,Fixed,Voluntarily Terminated,Low,Female,39,"3 Years, 8 Months",3,36660.55,1,0.48,0.57,0.54,2,0,1,1,1,39419.95,1
3367,15684010,Tuan,Project Manager,25/03/1983,04/09/2022,,White Collar,Permanent,Full Time,Flex and Fixed,Active,Medium,Female,39,"0 Years, 3 Months",0,44854.7,1,0.57,0.67,0.6,0,1,1,1,0,44854.7,0
3368,15648881,Tsai,Analyst Programmer ,28/09/1989,10/11/2017,08/06/2019,White Collar,Permanent,Full Time,Flex and Fixed,Voluntarily Terminated,Medium,Male,33,"5  Years, 1 Months",5,60568.4,1,0.29,0.37,0.93,0,1,1,0,1,60568.4,1
3369,15733303,Liu,Accounts Payable,06/01/1988,10/06/2012,,White Collar,Permanent,Full Time,Fixed,Active,Low,Male,35,"10  Years, 6 Months",10,28286.9,4,0.29,0.83,0.82,3,1,1,1,1,34922.1,0
3370,15643294,Robinson,Transport Controller,12/08/2003,14/09/2020,,Blue Collar,Temporary,Full Time,Fixed,Active,Low,Female,19,"2 Years, 3 Months",2,23696.35,2,0.44,0.69,0.53,1,0,1,1,1,24179.95,0
3371,15749905,Carr,Business Development Executive,09/05/1968,14/08/2015,,White Collar,Permanent,Full Time,Flex and Fixed,Active,High,Female,54,"7 Years, 4 Months",7,37297.96,1,0.55,0.64,0.83,3,0,0,1,0,43879.95,0
3372,15625175,Palerma,Operations Specialist,04/08/1998,01/12/2019,,Blue Collar,Permanent,Full Time,Fixed,Active,Medium,Female,24,"3 Years, 0 Months",3,31584.86,4,0.42,0.95,0.52,1,0,1,0,1,32229.45,0
3373,15643967,Chineze,Recruiter,09/06/1980,11/08/2012,19/05/2015,White Collar,Permanent,Full Time,Fixed,Voluntarily Terminated,Low,Female,42,"10  Years, 4 Months",10,33151.12,1,0.29,0.4,0.52,2,0,1,0,1,41438.9,1
3374,15578251,Fang,Sea Logistics Pricing Coordinator,18/12/1972,10/05/2014,,White Collar,Permanent,Full Time,Fixed,Active,Medium,Male,50,"8 Years, 7 Months",8,27140.93,3,0.3,0.85,0.86,3,0,0,1,0,31930.5,0
3375,15772573,Simpson,Internal Trainer,27/07/1975,04/09/2021,,White Collar,Permanent,Full Time,Fixed,Active,Low,Male,47,"1  Years, 3 Months",1,31223.98,2,0.3,0.72,0.51,1,0,1,0,1,32867.35,0
3376,15733234,Moretti,Project Manager,12/09/1963,09/01/1990,26/12/2019,White Collar,Permanent,Full Time,Flex and Fixed,Voluntarily Terminated,Low,Female,59,"29 Years, 11 Months",29,36430.62,3,0.53,0.44,0.85,2,1,1,1,1,40033.65,1
3377,15721582,Hale,National Perishable Air Logistics Development Manager Retail,25/06/1985,15/10/2016,09/08/2019,White Collar,Permanent,Full Time,Flex and Fixed,Voluntarily Terminated,High,Female,37,"2 Years, 9 Months",2,30299.63,2,0.47,0.44,0.83,2,1,1,1,1,32233.65,1
3378,15628219,Benson,National Perishable Air Logistics Development Manager Retail,09/08/1970,10/10/2017,10/04/2019,White Collar,Permanent,Full Time,Flex and Fixed,Voluntarily Terminated,Medium,Female,52,"1 Years, 6 Months",1,37824.2,2,0.17,0.13,0.67,0,1,1,1,1,37824.2,1
3379,15571302,Estep,National Air Logistics Pharma Compliance Specialist,26/01/1963,21/04/1998,,Blue Collar,Permanent,Full Time,Fixed,Active,High,Male,60,"24 Years, 7 Months",24,32621.81,4,0.66,0.95,0.81,2,0,1,1,1,33981.05,0
3380,15637178,Mishina,Regional Air logistics Trainer Specialist,24/01/1980,08/10/2018,,White Collar,Permanent,Full Time,Fixed,Active,High,Female,43,"4 Years, 2 Months",4,32222.64,1,0.81,0.82,0.54,1,0,1,1,1,33565.25,0
3381,15601184,Abramovich,Accountant,04/03/1995,12/08/2016,,White Collar,Permanent,Full Time,Fixed,Active,Low,Female,28,"6 Years, 4 Months",6,31387.07,4,0.29,0.63,0.93,3,1,0,1,0,33390.5,0
3382,15629511,Lavrentiev,Sales Account Manager,13/06/1996,18/07/2021,,White Collar,Permanent,Full Time,Fixed,Active,Low,Male,26,"1  Years, 5 Months",1,34869.99,3,0.26,0.55,0.69,1,1,0,1,0,36705.25,0
3383,15570629,Alexeyeva,Customer Servce Administrative Officer,10/05/1996,31/01/2022,,Blue Collar,Permanent,Full Time,Fixed,Active,Medium,Female,26,"0 Years, 10 Months",0,31795.75,4,0.88,0.83,0.95,0,0,1,1,1,31795.75,0
3384,15665766,T'ang,Accountant,01/02/1991,07/01/2020,,White Collar,Permanent,Full Time,Fixed,Active,Medium,Male,32,"2 Years, 11 Months",2,33126.61,3,0.6,0.54,0.98,1,1,1,0,1,35620.01,0
3385,15693732,Kilgour,Data Engineer,13/09/1961,10/08/1994,,White Collar,Permanent,Full Time,Flex and Fixed,Active,High,Female,61,"28  Years, 4 Months",28,63781.9,3,0.44,0.89,0.91,1,1,1,1,1,68730.5,0
3386,15765982,Chin,Regional Air logistics Trainer Specialist,02/03/2000,08/08/2021,06/12/2022,White Collar,Permanent,Full Time,Fixed,Voluntarily Terminated,Medium,Male,23,"1  Years, 4 Months",1,34670.5,1,0.52,0.48,0.55,0,0,1,1,1,34670.5,1
3387,15582016,Fiorentini,Trucking Specialist - Air Logistics,29/11/1956,29/05/2008,,Blue Collar,Permanent,Full Time,Fixed,Active,Low,Male,66,"14 Years, 6 Months",14,27010.5,4,0.39,0.56,0.73,2,0,0,1,0,33346.3,0
3388,15798024,Lori,National Air Logistics Gateway Trade Lane Specialist,17/10/1956,03/11/2015,,White Collar,Permanent,Full Time,Fixed,Active,Low,Male,66,"7  Years, 1 Months",7,33055.3,2,0.56,0.89,0.7,3,0,1,1,1,34432.6,0
3389,15588622,Marchesi,Aerospace International Logistics Specialist,30/08/1971,02/08/2022,,Blue Collar,Permanent,Full Time,Fixed,Active,Medium,Male,51,"0 Years, 4 Months",0,35945.25,4,0.43,1,0.66,0,0,1,1,1,35945.25,0
3390,15724863,Sheppard,Sea Logiscitcs Customer Care Specialist ,12/08/1977,11/02/2013,18/04/2019,Blue Collar,Permanent,Full Time,Fixed,Voluntarily Terminated,High,Female,45,"6 Years, 2 Months",6,30850.91,2,0.59,0.43,0.72,2,0,0,1,0,33902.1,1
3391,15618213,Nnanna,Sea Logistics Pricing Coordinator,10/07/1968,14/01/1998,,White Collar,Permanent,Full Time,Fixed,Active,High,Female,54,"24 Years, 11 Months",24,28044.13,2,0.76,0.71,0.55,2,0,1,1,1,32609.45,0
3392,15780411,Norris,Transport Controller,23/02/1962,31/05/1992,,Blue Collar,Temporary,Full Time,Fixed,Active,Medium,Female,61,"30  Years, 6 Months",30,26080.7,1,0.43,0.98,0.59,1,0,0,0,0,28104.2,0
3393,15725429,Vincent,Gateway & Procurement Team Leader- Air Logistics,14/03/1997,25/10/2016,,White Collar,Permanent,Full Time,Fixed,Active,Low,Male,25,"6 Years, 1 Months",6,36208.75,4,0.95,0.81,0.7,2,0,1,1,1,38519.95,0
3394,15600626,Bradley,Sales Account Manager,11/11/1992,20/06/2016,,White Collar,Permanent,Full Time,Fixed,Active,Low,Male,30,"6 Years, 5 Months",6,30305.45,3,0.68,0.71,0.53,2,1,1,1,1,35238.9,0
3395,15668460,Bellucci,National Service Excellence Specialist- Air Logistics,24/01/1991,03/02/2013,,White Collar,Permanent,Full Time,Flex and Fixed,Active,High,Male,32,"9 Years, 10 Months",9,30912.88,2,0.3,0.99,0.6,2,0,1,1,1,36801.05,0
3396,15576263,Clements,Customer Care Specialist-Key Accounts,24/12/1988,21/06/2022,,White Collar,Permanent,Part Time,Fixed,Active,High,Female,34,"0 Years, 5 Months",0,33306.3,4,0.85,0.34,0.62,0,0,0,1,0,33306.3,0
3397,15720354,Knowles,Analyst Programmer ,27/02/1980,12/09/2012,,White Collar,Permanent,Full Time,Flex and Fixed,Active,Medium,Male,43,"10  Years, 3 Months",10,57308.18,4,0.67,0.58,0.91,3,1,1,1,0,63675.75,0
3398,15691624,Chidiebere,Perishable Operational Care Specialist - Air Logistics,23/03/1999,29/10/2017,,Blue Collar,Permanent,Full Time,Fixed,Active,Low,Male,23,"5 Years, 1 Months",5,29719.89,1,0.41,0.77,0.49,2,0,0,1,0,33772.6,0
3399,15793196,Kelly,Revenue Care Specialist- Air Logistics,12/11/1969,27/04/2000,,White Collar,Permanent,Full Time,Fixed,Active,Low,Male,53,"22 Years, 7 Months",22,40450.24,1,0.26,0.64,0.5,1,1,1,0,1,41275.75,0
3400,15633352,Okwukwe,Perishable Operational Care Specialist - Air Logistics,07/05/1999,24/07/2020,14/01/2021,Blue Collar,Permanent,Full Time,Fixed,Voluntarily Terminated,Low,Female,23,"0 Years, 5 Months",0,36023.15,1,0.6,0.13,1,0,0,0,1,0,36023.15,1
3401,15750874,Onyemere,Technical Support Engineer,09/01/1961,27/01/2005,,White Collar,Permanent,Full Time,Flex and Fixed,Active,Low,Male,62,"17 Years, 10 Months",17,58528.98,3,0.3,0.98,0.6,2,1,1,1,1,61609.45,0
3402,15588923,Murphy,Gateway & Procurement Team Leader- Air Logistics,09/10/1984,07/02/1992,,White Collar,Permanent,Full Time,Fixed,Active,Low,Female,38,"30 Years, 10 Months",30,36416.8,2,0.28,0.72,0.84,1,0,0,1,0,39157.85,0
3403,15715745,Elliott,Inventory Clerk,21/05/2004,28/07/2022,,Blue Collar,Temporary,Full Time,Fixed,Active,Low,Female,18,"0 Years, 4 Months",0,25735.75,3,0.28,0.55,0.79,0,0,1,1,1,25735.75,0
3404,15611800,Loggia,National Air Logistics Pharma Compliance Specialist,28/11/1969,08/05/2005,,Blue Collar,Permanent,Full Time,Fixed,Active,Medium,Female,53,"17 Years, 7 Months",17,28552.74,4,0.29,0.62,0.91,1,0,1,1,1,32446.3,0
3405,15576928,Walsh,National Perishable Air Logistics Development Manager Retail,08/06/1978,18/03/2016,,White Collar,Permanent,Full Time,Flex and Fixed,Active,Medium,Female,44,"6 Years, 9 Months",6,29987.51,3,0.26,0.74,0.91,2,1,0,1,0,34468.4,0
3406,15793693,Mahomed,Network Engineer,11/06/1977,30/05/2021,,White Collar,Permanent,Full Time,Flex and Fixed,Active,High,Male,45,"1  Years, 6 Months",1,66906.91,1,0.28,0.69,0.96,1,1,1,1,1,69694.7,0
3407,15581252,Dolgorukova,Data Engineer,13/08/1970,28/08/2013,,White Collar,Permanent,Full Time,Flex and Fixed,Active,Medium,Female,52,"9 Years, 3 Months",9,58959.72,3,0.99,0.6,0.63,1,1,0,1,0,71902.1,0
3408,15797760,Bogdanov,Gateway & Procurement Specialist - Air Logistics,02/05/1959,04/07/2001,,Blue Collar,Permanent,Full Time,Fixed,Active,Low,Male,63,"21  Years, 5 Months",21,22974.82,2,0.68,0.54,0.43,1,0,0,1,0,32358.9,0
3409,15790564,She,Data Analyst,23/06/1958,08/05/1995,,White Collar,Permanent,Full Time,Flex and Fixed,Active,Low,Female,64,"27 Years, 7 Months",27,30709.95,4,0.29,0.56,0.75,1,1,1,1,1,45835.75,0
3410,15593736,Cook,Project Manager,30/08/1988,09/07/2008,12/10/2017,White Collar,Permanent,Full Time,Flex and Fixed,Voluntarily Terminated,Low,Female,34,"9 Years, 3 Months",9,37572.95,3,0.59,0.58,0.86,2,1,0,0,0,42216.8,1
3411,15595937,Bruno,Account Manager ,18/03/1973,12/03/2012,,White Collar,Permanent,Full Time,Fixed,Active,Low,Male,49,"10  Years, 9 Months",10,28098.37,3,0.29,0.21,0.66,2,1,0,0,0,34266.3,0
3412,15815628,Moysey,Senior DevOps Engineer,31/03/1980,10/02/2014,,White Collar,Permanent,Full Time,Flex and Fixed,Active,Low,Female,42,"8 Years, 10 Months",8,63665.93,2,0.86,0.52,0.85,3,1,0,0,0,69202.1,0
3413,15782802,Beneventi,National Service Excellence Specialist- Air Logistics,06/07/1994,19/10/2013,,White Collar,Permanent,Full Time,Flex and Fixed,Active,Low,Male,28,"9 Years, 1 Months",9,32005.12,4,0.27,0.98,0.7,3,0,1,1,0,36369.45,0
3414,15627412,Ferri,Senior DevOps Engineer,06/10/1980,28/10/2020,,White Collar,Permanent,Full Time,Flex and Fixed,Active,Medium,Male,42,"2 Years, 1 Months",2,68967.21,4,0.39,0.85,0.97,2,1,0,1,0,70374.7,0
3415,15734609,Skinner,Accountant,14/08/1991,29/07/2022,,White Collar,Permanent,Full Time,Fixed,Active,Medium,Female,31,"0 Years, 4 Months",0,36708.4,3,0.36,0.62,0.88,0,1,1,1,1,36708.4,0
3416,15710689,Angel,Recruiter,22/09/1980,08/05/2006,08/05/2017,White Collar,Permanent,Full Time,Fixed,Voluntarily Terminated,High,Male,42,"11 Years, 0 Months",11,37391.7,2,0.43,0.63,0.61,1,0,0,0,0,40643.15,1
3417,15565806,Toosey,Account Manager ,05/09/1981,11/06/2021,,White Collar,Permanent,Full Time,Fixed,Active,Low,Male,41,"1 Years, 6 Months",1,34782.65,3,0.81,0.84,0.97,1,1,0,0,0,37400.7,0
3418,15815530,Chin,Inside Sales Executive/ Account Manager,31/01/1985,01/01/2016,,White Collar,Permanent,Full Time,Flex and Fixed,Active,Low,Female,38,"6 Years, 11 Months",6,31327.52,1,0.53,0.71,0.69,1,1,0,0,0,36427.35,0
3419,15632272,Lung,Sea Logiscitcs Customer Care Specialist ,27/05/1961,12/09/1991,,Blue Collar,Permanent,Full Time,Fixed,Active,Medium,Female,61,"31 Years, 3 Months",31,28939.94,1,0.58,0.36,0.55,4,0,0,1,0,32886.3,0
3420,15684103,Mellor,Apprentice,24/07/2003,15/06/2022,,Blue Collar,Apprentice,Full Time,Fixed,Active,High,Female,19,"0 Years, 6 Months",0,23087.35,3,0.53,0.79,0.56,0,0,1,1,0,23087.35,0
3421,15654519,Hassall,Technical Support Engineer,10/03/1971,04/10/2012,,White Collar,Permanent,Full Time,Flex and Fixed,Active,High,Male,52,"10  Years, 2 Months",10,48333.06,4,0.53,0.59,0.55,5,1,1,1,1,58232.6,0
3422,15767722,Richardson,Inside Sales Executive/ Account Manager,30/12/1997,11/11/2021,,White Collar,Permanent,Full Time,Flex and Fixed,Active,Medium,Female,25,"1  Years, 1 Months",1,36265.25,2,0.3,0.5,0.53,0,1,0,1,0,36265.25,0
3423,15654346,Poninski,Customer Care Specialist-Key Accounts,17/02/1984,28/04/2015,,White Collar,Permanent,Full Time,Fixed,Active,Low,Male,39,"7 Years, 7 Months",7,33069.78,2,0.92,0.88,0.66,1,0,1,1,1,35558.9,0
3424,15660147,Dore,Analyst Programmer ,16/05/1972,23/02/2013,,White Collar,Permanent,Full Time,Flex and Fixed,Active,High,Male,50,"9 Years, 9 Months",9,49153.23,1,0.81,0.65,0.69,3,1,1,1,1,58515.75,0
3425,15814998,Bonham,Business Development Manager,28/09/1981,20/06/2002,,White Collar,Permanent,Full Time,Flex and Fixed,Active,Low,Male,41,"20 Years, 5 Months",20,47761.87,2,0.3,0.71,0.56,1,1,0,0,0,50810.5,0
3426,15802207,Ibezimako,Aerospace International Logistics Specialist,05/01/1998,26/05/2018,,Blue Collar,Permanent,Full Time,Fixed,Active,High,Male,25,"4 Years, 6 Months",4,32922.43,1,0.41,0.89,0.54,1,0,1,1,1,35785.25,0
3427,15658668,Hunter,Perishable Customer Care Team Leader - Air Logistics,04/06/1956,10/05/2008,,White Collar,Permanent,Full Time,Fixed,Active,Low,Male,66,"14 Years, 7 Months",14,33811.96,3,0.41,0.83,0.84,1,0,0,0,0,42799.95,0
3428,15715079,Bold,Human Resoruces Coordinator,09/11/1997,30/07/2022,,White Collar,Permanent,Full Time,Fixed,Active,High,Male,25,"0 Years, 4 Months",0,34624.2,2,0.73,0.73,0.53,0,0,0,1,0,34624.2,0
3429,15570360,Wan,Accountant,30/05/1998,15/09/2019,,White Collar,Permanent,Full Time,Fixed,Active,High,Female,24,"3 Years, 3 Months",3,30526.22,4,0.57,0.71,0.67,2,1,0,0,0,32474.7,0
3430,15674678,Bradley,Aerospace International Logistics Specialist,28/06/1979,16/01/2013,,Blue Collar,Permanent,Full Time,Fixed,Active,High,Female,43,"9 Years, 11 Months",9,30745.86,3,0.29,0.53,0.66,1,0,0,0,0,35340.07,0
3431,15780925,Tretyakova,Warehouse Apprentice- Air Logistics,16/03/2004,29/12/2021,,Blue Collar,Apprentice,Full Time,Fixed,Active,Low,Male,18,"0 Years, 11 Months",0,22231.55,3,0.53,0.74,0.7,0,0,1,1,1,22231.55,0
3432,15688193,Graham,Inside Sales Executive/ Account Manager,30/08/1977,05/09/2015,,White Collar,Permanent,Full Time,Flex and Fixed,Active,Medium,Male,45,"7 Years, 3 Months",7,31704.25,4,0.59,0.6,0.52,1,1,0,0,0,37743.15,0
3433,15778219,Izmailov,Business Development Executive,20/09/1955,24/07/2020,,White Collar,Permanent,Full Time,Flex and Fixed,Active,High,Male,67,"2 Years, 4 Months",2,40144.2,4,0.26,0.47,0.6,0,0,0,1,0,40144.2,0
3434,15696514,Calabrese,Trucking Specialist - Air Logistics,18/06/1963,23/09/2013,,Blue Collar,Permanent,Full Time,Fixed,Active,Medium,Female,59,"9 Years, 2 Months",9,31091.47,3,0.83,0.88,0.88,2,0,0,1,0,33359.95,0
3435,15712303,Valentin,Analyst Programmer ,02/10/1975,18/12/2016,,White Collar,Permanent,Full Time,Flex and Fixed,Active,High,Male,47,"6 Years, 0 Months",6,54281.96,1,0.28,0.62,0.67,2,1,1,1,1,59650.5,0
3436,15719090,Osonduagwuike,Accounts Payable,22/01/1978,08/06/2020,,White Collar,Permanent,Full Time,Fixed,Active,High,Female,45,"2 Years, 6 Months",2,34663.21,3,0.42,0.24,0.48,2,1,1,1,1,36875.75,0
3437,15735632,Williamson,Finance Analyst,26/07/1990,20/05/2012,,White Collar,Permanent,Full Time,Flex and Fixed,Active,Medium,Male,32,"10  Years, 6 Months",10,38923.76,1,0.58,0.15,0.36,1,1,1,1,1,48654.7,0
3438,15619436,Pan,Sea Logiscitcs Customer Care Specialist ,31/05/1985,21/04/2015,,Blue Collar,Permanent,Full Time,Fixed,Active,High,Female,37,"7 Years, 7 Months",7,30816.49,3,0.93,0.92,0.82,3,0,0,0,0,36686.3,0
3439,15722404,Carpenter,Stock Investigator & Analyst,15/12/1988,14/11/2021,,White Collar,Permanent,Full Time,Flex and Fixed,Active,Medium,Female,34,"1  Years, 1 Months",1,43471.52,1,0.68,0.74,0.7,1,1,1,1,1,46246.3,0
3440,15662063,McIver,National Perishable Air Logistics Development Manager Seafood,23/06/2000,16/01/2012,,White Collar,Permanent,Full Time,Flex and Fixed,Active,Low,Male,22,"10  Years, 11 Months",10,30264.41,3,0.56,0.86,0.77,5,1,1,1,1,36463.15,0
3441,15745605,Trevisan,Sea Logistics Pricing Coordinator,30/03/1995,11/02/2016,04/05/2020,White Collar,Permanent,Full Time,Fixed,Voluntarily Terminated,High,Female,27,"4 Years, 2 Months",4,33031.55,4,0.6,0.36,0.61,3,0,1,1,1,35139.95,1
3442,15636658,Rozhkova,Gateway & Procurement Specialist - Air Logistics,25/11/1959,29/02/1992,,Blue Collar,Permanent,Full Time,Fixed,Active,Medium,Male,63,"30 Years, 9 Months",30,28359.14,3,0.48,0.54,0.6,2,0,1,1,1,32226.3,0
3443,15784130,He,Inventory Clerk,16/05/2003,03/08/2021,,Blue Collar,Temporary,Full Time,Fixed,Active,Low,Female,19,"1 Years, 4 Months",1,24219.95,4,0.79,0.99,0.87,0,0,1,1,0,24219.95,0
3444,15606755,Moretti,Trucking Team Leader- Air Logistics,06/11/1984,08/08/2015,30/08/2021,White Collar,Permanent,Full Time,Fixed,Voluntarily Terminated,High,Female,38,"6 Years, 0 Months",6,34692.55,2,0.44,0.36,0.73,2,0,0,1,0,41300.65,1
3445,15801699,Fishbourne,BI Developer,30/05/1978,07/02/2016,,White Collar,Permanent,Full Time,Flex and Fixed,Active,High,Male,44,"6 Years, 10 Months",6,51498.61,2,0.26,0.96,0.75,2,1,1,1,0,59882.1,0
3446,15784097,Gibson,Software Engineer,13/03/1977,27/04/2021,,White Collar,Permanent,Full Time,Flex and Fixed,Active,High,Male,45,"1  Years, 7 Months",1,65835.75,4,0.79,0.73,0.73,0,1,0,1,0,65835.75,0
3447,15764654,Zikoranachidimma,Java Software Engineer ,20/11/1986,21/01/2022,,White Collar,Permanent,Full Time,Flex and Fixed,Active,Medium,Male,36,"0 Years, 10 Months",0,71479.95,4,0.65,0.67,0.44,0,1,1,1,1,71479.95,0
3448,15612092,Palmer,Road Logistics Sales Representative,09/12/2001,31/07/2013,27/07/2020,White Collar,Permanent,Full Time,Fixed,Voluntarily Terminated,High,Male,21,"6 Years, 11 Months",6,29015.58,1,0.1,0.58,0.72,3,0,0,1,0,31885.25,1
3449,15610903,Chukwueloka,Internal Trainer,03/11/1969,04/11/2010,,White Collar,Permanent,Full Time,Fixed,Active,Medium,Female,53,"12 Years, 1 Months",12,31912.44,4,0.92,0.9,0.99,2,0,0,1,0,34388.4,0
3450,15705777,Real,Customer Servce Administrative Officer,27/03/1995,28/01/2021,,Blue Collar,Permanent,Full Time,Fixed,Active,Medium,Male,27,"1  Years, 10 Months",1,29970.98,4,0.71,0.99,0.37,1,0,1,1,1,31548.4,0
3451,15661936,Chikelu,Warehouse Quality Control Specialist - Air Logistics,13/12/1980,19/09/2019,,Blue Collar,Permanent,Full Time,Fixed,Active,Low,Male,42,"3 Years, 2 Months",3,27875.71,4,0.42,0.89,0.58,3,0,0,1,0,28737.85,0
3452,15700864,Fiorentini,National Service Excellence Specialist- Air Logistics,18/03/1986,12/03/2020,,White Collar,Permanent,Full Time,Flex and Fixed,Active,Low,Female,36,"2 Years, 9 Months",2,32188.35,1,0.28,0.72,0.95,1,0,0,1,0,32845.25,0
3453,15722965,Yefimova,Network Engineer,06/02/1980,21/01/2009,21/07/2017,White Collar,Permanent,Full Time,Flex and Fixed,Voluntarily Terminated,Low,Male,43,"13  Years, 10 Months",13,62562.69,2,0.09,0.45,0.8,1,1,1,1,1,67127.35,1
3454,15737521,Ball,Perishable Apprentice- Air Logistics,22/04/2003,01/09/2021,,Blue Collar,Apprentice,Full Time,Fixed,Active,High,Male,19,"1  Years, 3 Months",1,22013.65,3,0.79,0.8,0.94,0,0,0,1,0,22013.65,0
3455,15814465,Ch'in,Finance Analyst,15/08/1985,29/12/2012,,White Collar,Permanent,Full Time,Flex and Fixed,Active,Low,Male,37,"9  Years, 11 Months",9,41468.6,3,0.5,0.89,0.86,3,1,1,1,1,51835.75,0
3456,15580988,Odell,Aerospace International Logistics Specialist,24/01/1972,05/11/2013,,Blue Collar,Permanent,Full Time,Fixed,Active,Medium,Male,51,"9 Years, 1 Months",9,30972.17,4,0.77,0.59,0.81,2,0,1,1,1,36437.85,0
3457,15789974,Enemuo,Warehouse Quality Control Specialist - Air Logistics,27/05/1987,05/02/2019,12/06/2020,Blue Collar,Permanent,Full Time,Fixed,Voluntarily Terminated,Low,Male,35,"1 Years, 4 Months",1,24439.23,3,0.58,0.24,0.87,1,0,0,0,0,27154.7,1
3458,15713370,Hunter,Aerospace International Logistics Specialist,25/09/1998,16/10/2019,07/03/2020,Blue Collar,Permanent,Full Time,Fixed,Voluntarily Terminated,Low,Male,24,"0 Years, 4 Months",0,35395.75,3,0.41,0.37,0.59,0,0,0,0,0,35395.75,1
3459,15748673,Nepean,Warehouse Quality Control Specialist - Air Logistics,27/05/1977,05/08/2019,,Blue Collar,Permanent,Full Time,Fixed,Active,Low,Female,45,"3 Years, 4 Months",3,22634.52,3,0.84,0.74,0.5,2,0,0,0,0,25721.05,0
3460,15754919,Nwebube,Pricing Analyst,09/07/1956,14/12/1995,,White Collar,Permanent,Full Time,Flex and Fixed,Active,High,Female,66,"27 Years, 0 Months",27,35362.85,4,0.97,0.63,0.62,3,1,1,0,1,51250.5,0
3461,15641662,Enticknap,Business Analyst,21/04/1957,24/06/2019,,White Collar,Permanent,Full Time,Flex and Fixed,Active,High,Male,65,"3 Years, 5 Months",3,49015.6,4,0.6,0.63,0.59,3,1,0,0,0,50531.55,0
3462,15813422,Lu,Trucking Team Leader- Air Logistics,08/11/1988,14/08/2016,,White Collar,Permanent,Full Time,Fixed,Active,Low,Male,34,"6 Years, 4 Months",6,33723.03,3,0.54,0.77,0.65,1,0,0,1,0,38762.1,0
3463,15713596,Ugochukwu,Finance Analyst,11/01/1985,28/09/2016,,White Collar,Permanent,Full Time,Flex and Fixed,Active,Medium,Female,38,"6 Years, 2 Months",6,48456.48,3,0.26,0.87,0.74,2,1,1,0,1,51549.45,0
3464,15791216,Mann,Operations Specialist,24/12/1996,02/12/2015,25/06/2019,Blue Collar,Permanent,Full Time,Fixed,Voluntarily Terminated,Low,Male,26,"3 Years, 6 Months",3,30567.46,3,0.38,0.35,0.61,2,0,0,1,0,34735.75,1
3465,15689031,Murphy,National Service Excellence Specialist- Air Logistics,18/04/1996,10/11/2019,,White Collar,Permanent,Full Time,Flex and Fixed,Active,High,Female,26,"3 Years, 1 Months",3,31673.02,1,0.28,0.54,0.84,2,0,0,1,0,32652.6,0
3466,15763704,Docherty,BI Developer,05/11/1990,16/02/2013,,White Collar,Permanent,Full Time,Flex and Fixed,Active,Medium,Female,32,"9 Years, 10 Months",9,58513.49,2,0.73,0.59,0.83,1,1,0,0,0,60951.55,0
3467,15631339,Adams,Gateway & Procurement Specialist - Air Logistics,01/02/1958,18/03/2019,,Blue Collar,Permanent,Full Time,Fixed,Active,High,Male,65,"3 Years, 9 Months",3,36079.95,4,0.27,0.86,0.87,0,0,0,1,0,36079.95,0
3468,15771509,Hirst,Sales Specialist-Air Logitics ,13/05/2003,14/07/2020,,Blue Collar,Permanent,Full Time,Fixed,Active,High,Female,19,"2 Years, 5 Months",2,32297.67,2,0.26,0.98,0.68,1,0,1,0,1,35886.3,0
3469,15769586,Horan,Operations Specialist,03/02/1982,18/03/2020,,Blue Collar,Permanent,Full Time,Fixed,Active,High,Female,41,"2 Years, 9 Months",2,32253.22,1,0.28,1,0.79,2,0,1,1,1,35057.85,0
3470,15656096,Cumbrae-Stewart,Sea Logiscitcs Customer Care Specialist ,27/10/1972,24/06/2017,,Blue Collar,Permanent,Full Time,Fixed,Active,High,Female,50,"5 Years, 5 Months",5,32350.97,4,0.27,0.9,0.79,10,0,1,1,1,34053.65,0
3471,15585280,Kinney,Gateway & Procurement Team Leader- Air Logistics,20/09/1959,16/06/1990,,White Collar,Permanent,Full Time,Fixed,Active,Low,Female,63,"32 Years, 6 Months",32,37438.9,2,0.91,0.34,0.6,3,0,1,0,1,38596.8,0
3472,15743582,T'ang,Customer Care Specialist-Key Accounts,18/09/1970,17/04/2012,,White Collar,Permanent,Full Time,Fixed,Active,Medium,Female,52,"10  Years, 8 Months",10,27842.52,1,0.81,0.95,0.93,1,0,1,1,1,34803.15,0
3473,15761692,Muir,Data Engineer,06/02/1981,07/09/1989,,White Collar,Permanent,Full Time,Flex and Fixed,Active,Low,Male,42,"33 Years, 3 Months",33,65926.21,3,0.26,0.79,0.48,2,1,1,0,1,70888.4,0
3474,15627840,Toscano,Java Software Engineer ,15/12/1970,03/09/2013,,White Collar,Permanent,Full Time,Flex and Fixed,Active,High,Female,52,"9 Years, 3 Months",9,57008.98,3,0.74,0.13,0.91,2,1,1,0,1,69523.15,0
3475,15778861,Wallace,Business Development Manager,27/09/1979,04/02/2015,,White Collar,Permanent,Full Time,Flex and Fixed,Active,Medium,Male,43,"7 Years, 10 Months",7,46961.05,1,0.77,0.72,0.69,3,1,0,0,0,50495.75,0
3476,15770554,Fraser,Transport Controller,02/03/1981,23/04/2011,,Blue Collar,Temporary,Full Time,Fixed,Active,Low,Male,42,"11 Years, 7 Months",11,26028.24,1,0.74,0.63,0.54,2,0,1,1,1,27987.35,0
3477,15806956,Iqbal,Sales Specialist-Air Logitics ,13/08/2004,25/05/2021,25/01/2022,Blue Collar,Permanent,Full Time,Fixed,Voluntarily Terminated,High,Male,18,"1  Years, 6 Months",1,36655.75,3,0.28,0.35,0.76,0,0,0,0,1,36655.75,1
3478,15701908,Nina,Accounts Payable,20/10/1963,03/08/2020,,White Collar,Permanent,Full Time,Fixed,Active,High,Female,59,"2 Years, 4 Months",2,31102.09,4,1,0.71,0.75,2,1,1,1,1,37026.3,0
3479,15736990,Chuang,IT System Engineer,04/11/1990,05/08/2019,,White Collar,Permanent,Full Time,Flex and Fixed,Active,Low,Male,32,"3 Years, 4 Months",3,58916.84,1,0.76,0.49,0.76,2,1,0,1,0,65463.15,0
3480,15743714,Ch'ien,National Perishable Air Logistics Development Manager Seafood,24/10/1959,25/11/2000,,White Collar,Permanent,Full Time,Flex and Fixed,Active,High,Male,63,"22 Years, 0 Months",22,31819.03,3,0.27,0.59,0.65,3,1,0,1,0,32468.4,0
3481,15807993,Bruno,Analyst Programmer ,18/07/1992,02/05/2009,03/03/2017,White Collar,Permanent,Full Time,Flex and Fixed,Voluntarily Terminated,High,Female,30,"7 Years, 10 Months",7,55713.93,1,0.15,0.36,0.59,3,1,0,1,1,59778.9,1
3482,15644686,Kennedy,Customer Brokerage Specialist,22/04/1980,24/01/2014,,Blue Collar,Permanent,Full Time,Fixed,Active,Medium,Female,42,"8 Years, 10 Months",8,29818.29,4,0.35,0.66,0.6,3,1,1,1,0,35080.34,0
3483,15677377,Lawrence,Inventory Clerk,30/12/2004,10/03/2021,,Blue Collar,Temporary,Full Time,Fixed,Active,High,Male,18,"1  Years, 9 Months",1,27313.65,4,0.52,0.78,0.92,0,0,1,1,1,27313.65,0
3484,15626412,Mort,Operations Specialist,17/08/1973,09/04/2017,,Blue Collar,Permanent,Full Time,Fixed,Active,Low,Male,49,"5 Years, 8 Months",5,29538.61,4,0.3,0.65,0.7,1,0,1,1,1,33189.45,0
3485,15643679,Goliwe,Stock Investigator & Analyst,31/03/1981,05/10/2018,,White Collar,Permanent,Full Time,Flex and Fixed,Active,Low,Male,41,"4 Years, 2 Months",4,44516.69,3,0.26,0.8,0.97,3,1,1,1,1,46371.55,0
3486,15728456,Martinez,Business Analyst,15/06/1984,21/03/2013,28/04/2017,White Collar,Permanent,Full Time,Flex and Fixed,Voluntarily Terminated,High,Male,38,"9  Years, 8 Months",9,41366.07,1,0.22,0.56,0.75,3,1,0,1,0,44384.2,1
3487,15630661,Vasilyev,Trucking Team Leader- Air Logistics,14/10/1986,26/09/2022,,White Collar,Permanent,Full Time,Fixed,Active,Low,Female,36,"0 Years, 2 Months",0,39593.65,3,0.29,0.85,0.67,0,0,0,1,0,39593.65,0
3488,15734044,Black,Transport Controller,30/04/2003,18/05/2021,,Blue Collar,Temporary,Full Time,Fixed,Active,Medium,Female,19,"1  Years, 7 Months",1,25871.76,2,0.36,0.14,0.46,2,0,1,0,1,27523.15,0
3489,15705001,Napolitani,Regional Air logistics Trainer Specialist,20/04/1985,01/02/2011,,White Collar,Permanent,Full Time,Fixed,Active,Medium,Female,37,"11 Years, 10 Months",11,35283.5,1,0.28,0.74,0.62,2,0,0,1,0,36753.65,0
3490,15809817,Ch'en,National Air Logistics Pharma Compliance Specialist,12/06/1982,29/04/2015,,Blue Collar,Permanent,Full Time,Fixed,Active,Medium,Male,40,"7 Years, 7 Months",7,31002.53,3,0.3,0.86,0.93,1,0,0,0,0,36049.45,0
3491,15809137,Sagese,Customer Care Specialist-Key Accounts,15/05/1992,08/05/2013,10/09/2017,White Collar,Permanent,Full Time,Fixed,Voluntarily Terminated,Low,Male,30,"4 Years, 4 Months",4,27611.9,2,0.44,0.36,0.96,10,0,0,0,0,33267.35,1
3492,15751593,Fraser,Human Resoruces Coordinator,13/09/2000,28/09/2012,,White Collar,Permanent,Full Time,Fixed,Active,Medium,Male,22,"10 Years, 2 Months",10,32011.02,3,0.26,0.83,0.99,1,0,0,1,0,33001.05,0
3493,15626491,Hughes,BI Developer,31/08/1956,01/01/1990,,White Collar,Permanent,Full Time,Flex and Fixed,Active,Low,Female,66,"32 Years, 11 Months",32,39042.3,3,0.57,0.52,0.49,3,1,1,0,1,65070.5,0
3494,15765461,Giles,Warehouse Apprentice- Air Logistics,04/07/2003,24/03/2022,,Blue Collar,Apprentice,Full Time,Fixed,Active,Medium,Male,19,"0 Years, 8 Months",0,23879.95,3,0.29,0.63,0.8,0,0,0,1,0,23879.95,0
3495,15568120,Lacross,Aerospace International Logistics Specialist,28/12/1977,26/03/2021,,Blue Collar,Permanent,Full Time,Fixed,Active,Low,Female,45,"1  Years, 8 Months",1,32126.19,3,0.36,0.92,0.93,1,0,1,1,1,34176.8,0
3496,15787161,Pisani,Business Analyst,07/12/1990,16/12/2014,,White Collar,Permanent,Full Time,Flex and Fixed,Active,Medium,Male,32,"8 Years, 0 Months",8,42640.97,4,0.29,0.66,0.87,1,1,0,1,0,45850.5,0
3497,15812324,King,Data Analyst,25/05/1984,24/05/2017,,White Collar,Permanent,Full Time,Flex and Fixed,Active,High,Male,38,"5 Years, 6 Months",5,48840.38,2,0.49,0.77,0.7,1,1,1,1,1,51957.85,0
3498,15588944,Maughan,Aerospace International Logistics Specialist,31/08/1957,14/05/1983,30/01/2022,Blue Collar,Permanent,Full Time,Fixed,Voluntarily Terminated,Medium,Female,65,"38 Years, 8 Months",38,21947.97,2,0.2,0.37,0.97,2,0,0,0,0,35399.95,1
3499,15694253,Palerma,Business Development Manager,15/12/1988,21/07/2013,,White Collar,Permanent,Full Time,Flex and Fixed,Active,Low,Female,34,"9 Years, 4 Months",9,43316.71,4,0.29,0.81,0.76,3,1,1,0,1,52825.25,0
3500,15759566,Tochukwu,Trucking Specialist - Air Logistics,08/10/1990,05/02/2018,,Blue Collar,Permanent,Full Time,Fixed,Active,Medium,Male,32,"4 Years, 10 Months",4,28374.9,1,0.43,0.67,0.55,2,0,1,1,1,32244.2,0
3501,15675675,Slate,Operations Specialist,10/12/1984,12/05/2012,,Blue Collar,Permanent,Full Time,Fixed,Active,Low,Female,38,"10  Years, 7 Months",10,26133.15,4,0.26,0.75,0.92,1,0,0,1,0,32263.15,0
3502,15802060,Ch'ang,Customer Servce Administrative Officer,30/01/1975,14/11/2017,,Blue Collar,Permanent,Full Time,Fixed,Active,Low,Female,48,"5 Years, 1 Months",5,33256.4,2,0.28,0.65,0.36,2,0,0,0,0,36951.55,0
3503,15660505,Romani,Business Development Executive,30/01/1971,21/02/2008,29/01/2016,White Collar,Permanent,Full Time,Flex and Fixed,Voluntarily Terminated,Medium,Male,52,"14  Years, 9 Months",14,40964.72,2,0.26,0.44,0.6,3,0,0,1,0,43120.76,1
3504,15782630,Genovese,Accountant,31/08/1991,11/03/2016,,White Collar,Permanent,Full Time,Fixed,Active,High,Male,31,"6 Years, 9 Months",6,33617.36,1,0.87,0.57,0.77,3,1,0,0,0,35763.15,0
3505,15700710,Chiebuka,Software Engineer,30/04/1984,05/10/2012,,White Collar,Permanent,Full Time,Flex and Fixed,Active,Medium,Female,38,"10  Years, 2 Months",10,58976.27,2,0.99,0.89,0.66,4,1,1,0,1,71055.75,0
3506,15742834,Liao,Sea Logistics Pricing Coordinator,18/02/1962,19/01/1996,,White Collar,Permanent,Full Time,Fixed,Active,High,Male,61,"26 Years, 10 Months",26,31986.98,2,0.81,0.5,0.56,1,0,1,1,1,33670.5,0
3507,15806511,Berry,National Perishable Air Logistics Development Manager Seafood,14/05/1994,02/08/2021,,White Collar,Permanent,Full Time,Flex and Fixed,Active,Low,Male,28,"1  Years, 4 Months",1,33935.75,3,0.29,0.21,0.42,0,1,1,0,1,33935.75,0
3508,15608166,Fallaci,Inside Sales Executive/ Account Manager,11/02/1992,12/02/2019,,White Collar,Permanent,Full Time,Flex and Fixed,Active,Low,Male,31,"3 Years, 10 Months",3,32736.97,2,0.7,0.79,0.67,3,1,1,1,1,33749.45,0
3509,15614230,T'an,Accountant,23/05/1984,28/03/1999,,White Collar,Permanent,Full Time,Fixed,Active,High,Female,38,"23 Years, 8 Months",23,32276.23,3,0.3,0.66,0.57,3,1,1,1,1,37530.5,0
3510,15729958,Wilkinson,Sales Account Manager,15/09/1957,05/08/2019,,White Collar,Permanent,Full Time,Fixed,Active,Medium,Male,65,"3 Years, 4 Months",3,37195.75,3,0.88,0.82,0.95,0,1,1,1,1,37195.75,0
3511,15800814,Palerma,Gateway & Procurement Specialist - Air Logistics,24/06/1988,18/07/2018,,Blue Collar,Permanent,Full Time,Fixed,Active,Medium,Male,34,"4 Years, 5 Months",4,30484.38,3,0.82,0.85,0.85,2,0,0,1,0,32778.9,0
3512,15674727,Lazarev,Perishable Apprentice- Air Logistics,18/05/2004,11/03/2022,,Blue Collar,Apprentice,Part Time,Fixed,Active,High,Female,18,"0 Years, 9 Months",0,21383.15,3,0.39,0.72,0.96,0,0,1,1,1,21383.15,0
3513,15657779,Boylan,Perishable Warehouse Specialist - Air Logistics,06/04/1998,31/01/2015,,Blue Collar,Permanent,Part Time,Fixed,Active,High,Male,24,"7 Years, 10 Months",7,28936.16,3,0.26,0.52,0.92,1,0,1,1,1,33259.95,0
3514,15801395,Warren,Operations Specialist,30/04/1970,16/08/1984,,Blue Collar,Permanent,Part Time,Fixed,Active,High,Female,52,"38 Years, 4 Months",38,30437.17,2,0.45,0.5,0.62,2,0,0,0,0,34985.25,0
3515,15757911,Trevisani,Inventory Clerk,27/06/2004,09/10/2021,,Blue Collar,Temporary,Part Time,Fixed,Active,High,Female,18,"1  Years, 2 Months",1,26352.6,4,0.39,0.52,0.82,0,0,0,0,0,26352.6,0
3516,15665340,Trevisano,Customer Brokerage Specialist,30/06/1973,25/04/2021,,Blue Collar,Permanent,Part Time,Fixed,Active,Medium,Female,49,"1  Years, 7 Months",1,31211.97,1,0.71,0.13,0.87,1,1,1,0,0,32854.7,0
3517,15787151,Liao,Account Manager ,04/12/1963,25/08/1986,,White Collar,Permanent,Part Time,Fixed,Active,High,Female,59,"36 Years, 3 Months",36,34384.72,2,0.27,0.87,0.98,4,1,1,1,1,37374.7,0
3518,15757821,Burgess,Finance Analyst,27/06/1984,20/12/2013,,White Collar,Permanent,Part Time,Flex and Fixed,Active,High,Male,38,"8 Years, 11 Months",8,42654.15,3,0.26,0.53,0.98,3,1,0,0,0,49597.85,0
3519,15600688,Liston,BI Developer,23/04/1975,22/02/2019,,White Collar,Permanent,Full Time,Flex and Fixed,Active,Low,Female,47,"3 Years, 9 Months",3,53778.47,3,0.81,0.15,0.76,1,1,0,0,0,60425.25,0
3520,15594878,Thompson,Accounts Payable,31/03/1962,01/01/2000,,White Collar,Permanent,Full Time,Fixed,Active,Low,Female,60,"22 Years, 11 Months",22,28690.5,1,0.3,0.64,0.86,1,1,0,1,0,33361.05,0
3521,15569248,Milanesi,Pricing Analyst,24/03/1991,29/04/2016,13/10/2018,White Collar,Permanent,Full Time,Flex and Fixed,Voluntarily Terminated,Medium,Female,31,"2 Years, 5 Months",2,47087.53,3,0.1,0.52,0.44,2,1,0,1,0,51182.1,1
3522,15812706,Mazure,National Air Logistics Pharma Compliance Specialist,19/03/1990,09/11/2013,,Blue Collar,Permanent,Full Time,Fixed,Active,Low,Male,32,"9 Years, 1 Months",9,27434.58,3,0.75,0.79,0.67,1,0,1,0,1,33456.8,0
3523,15645045,Rudduck,Accounting Coordinator,13/05/1979,27/04/2013,,White Collar,Permanent,Full Time,Fixed,Active,High,Female,43,"9 Years, 7 Months",9,30854.42,3,0.69,0.74,0.89,2,1,1,1,1,33176.8,0
3524,15766746,Darwin,Revenue Care Specialist- Air Logistics,05/03/1975,14/07/2022,,White Collar,Permanent,Full Time,Fixed,Active,Medium,Male,48,"0 Years, 5 Months",0,42180.89,2,0.95,0.81,0.84,0,1,0,1,0,42180.89,0
3525,15700383,Uvarova,Business Development Manager,11/11/1985,08/12/1991,,White Collar,Permanent,Full Time,Flex and Fixed,Active,High,Female,37,"31 Years, 0 Months",31,45781.71,2,0.66,0.94,0.6,1,1,1,1,1,51440.12,0
3526,15632551,Buccho,Pricing Analyst,29/10/1978,18/07/2016,,White Collar,Permanent,Full Time,Flex and Fixed,Active,Medium,Male,44,"6 Years, 5 Months",6,47324.75,1,0.85,0.67,0.84,1,1,0,1,0,51439.95,0
3527,15795129,Gallo,Sales Account Manager,02/12/1962,07/07/1998,,White Collar,Permanent,Full Time,Fixed,Active,Medium,Female,60,"24  Years, 5 Months",24,31187.87,3,0.4,0.93,0.84,3,1,0,1,0,37575.75,0
3528,15650545,Tomlinson,Gateway & Procurement Team Leader- Air Logistics,09/03/1979,16/03/2022,,White Collar,Permanent,Full Time,Fixed,Active,Low,Male,44,"0 Years, 9 Months",0,38966.3,3,0.65,0.52,0.96,0,0,1,1,1,38966.3,0
3529,15612769,Carr,Customer Servce Administrative Officer,21/07/1984,09/05/2020,,Blue Collar,Permanent,Full Time,Fixed,Active,Low,Male,38,"2 Years, 7 Months",2,27996.55,1,0.49,0.48,0.74,1,0,1,1,1,31456.8,0
3530,15710853,Ts'ui,Business Development Manager,19/02/1980,17/01/2021,,White Collar,Permanent,Full Time,Flex and Fixed,Active,Medium,Female,43,"1  Years, 11 Months",1,51786.3,2,0.82,0.57,0.92,0,1,0,1,0,51786.3,0
3531,15623712,Coates,Operations Specialist,18/12/1970,07/08/2013,02/05/2014,Blue Collar,Permanent,Full Time,Fixed,Voluntarily Terminated,High,Female,52,"0 Years, 8 Months",0,34959.95,2,0.26,0.34,0.77,0,0,0,1,0,34959.95,1
3532,15653251,Hickey,Transport Controller,08/10/2002,25/07/2020,15/02/2021,Blue Collar,Temporary,Full Time,Fixed,Voluntarily Terminated,Low,Female,20,"0 Years, 6 Months",0,25997.85,3,0.41,0.47,0.74,0,0,0,0,0,25997.85,1
3533,15755077,Norton,Accounts Payable,22/02/1996,19/01/2017,27/06/2018,White Collar,Permanent,Full Time,Fixed,Voluntarily Terminated,Medium,Female,27,"1 Years, 5 Months",1,31895.96,1,0.12,0.58,0.61,4,1,1,1,1,35050.5,1
3534,15808557,Mancini,Software Engineer,03/01/1991,04/11/2018,26/05/2019,White Collar,Permanent,Part Time,Flex and Fixed,Voluntarily Terminated,High,Female,32,"0 Years, 6 Months",0,66865.25,4,0.15,0.66,0.48,0,1,1,0,1,66865.25,1
3535,15614687,Tien,Revenue Care Specialist- Air Logistics,10/02/1984,14/06/2018,,White Collar,Permanent,Part Time,Fixed,Active,Low,Female,39,"4  Years, 6 Months",4,39819.39,2,0.28,0.59,0.66,1,1,1,1,0,42361.05,0
3536,15626882,Stobie,Accounts Payable,12/01/1956,15/02/2012,,White Collar,Permanent,Part Time,Fixed,Active,Medium,Male,67,"10 Years, 10 Months",10,29424.74,3,0.82,0.96,0.5,2,1,1,1,0,35029.45,0
3537,15748034,Drakeford,Technical Support Engineer,16/02/1985,24/01/2013,,White Collar,Permanent,Part Time,Flex and Fixed,Active,High,Male,38,"9 Years, 10 Months",9,53509.91,4,0.28,0.13,0.91,2,1,1,1,1,58802.1,0
3538,15632324,Pisani,National Perishable Air Logistics Development Manager Seafood,24/04/1955,27/01/2008,,White Collar,Permanent,Part Time,Flex and Fixed,Active,Medium,Male,67,"14 Years, 10 Months",14,30855.29,3,0.8,0.93,0.92,1,1,1,1,1,37628.4,0
3539,15761023,Murphy,Senior DevOps Engineer,29/04/1990,16/04/1985,21/11/2015,White Collar,Permanent,Part Time,Flex and Fixed,Voluntarily Terminated,Medium,Female,32,"30 Years, 7 Months",30,64599.76,1,0.3,0.54,0.72,3,1,0,1,0,68723.15,1
3540,15761453,Kovalev,Software Engineer,12/07/1992,10/08/2021,,White Collar,Permanent,Part Time,Flex and Fixed,Active,High,Male,30,"1  Years, 4 Months",1,63445.99,3,0.3,0.54,0.77,1,1,0,1,0,66785.25,0
3541,15646726,Crawford,Technical Support Engineer,27/11/1957,15/10/1984,,White Collar,Permanent,Part Time,Flex and Fixed,Active,High,Male,65,"38 Years, 2 Months",38,37790.29,2,0.59,0.87,0.62,1,1,0,0,0,58138.9,0
3542,15637169,Maclean,Apprentice,29/01/2004,12/12/2021,,Blue Collar,Apprentice,Part Time,Fixed,Active,Medium,Female,19,"1 Years, 0 Months",1,21852.6,4,0.97,0.79,0.91,0,0,1,1,1,21852.6,0
3543,15636024,Blackburn,National Perishable Air Logistics Development Manager Seafood,29/11/1981,28/09/1993,,White Collar,Permanent,Part Time,Flex and Fixed,Active,Medium,Female,41,"29  Years, 2 Months",29,35632.13,1,0.27,0.83,0.57,1,1,1,1,1,37116.8,0
3544,15801218,Bermudez,Perishable Warehouse Specialist - Air Logistics,03/07/1996,30/09/2014,16/03/2018,Blue Collar,Permanent,Part Time,Fixed,Voluntarily Terminated,Medium,Male,26,"3 Years, 5 Months",3,27953.61,1,0.08,0.43,0.6,3,0,1,0,1,32504.2,1
3545,15642655,Savage,Operations Specialist,25/11/1973,11/03/2018,,Blue Collar,Permanent,Part Time,Fixed,Active,Low,Male,49,"4 Years, 9 Months",4,29031.12,4,0.8,0.29,0.42,1,0,0,1,0,32256.8,0
3546,15690130,Wyatt,Warehouse Quality Control Specialist - Air Logistics,11/11/1998,05/05/2014,,Blue Collar,Permanent,Part Time,Fixed,Active,Low,Female,24,"8 Years, 7 Months",8,24726.66,2,0.89,0.8,0.7,1,0,0,0,0,26876.8,0
3547,15653753,Chiemenam,IT System Engineer,30/10/1984,26/05/1987,,White Collar,Permanent,Part Time,Flex and Fixed,Active,Low,Male,38,"35 Years, 6 Months",35,62639.96,2,0.72,0.29,0.81,1,1,0,1,0,71999.95,0
3548,15641359,Shao,Inside Sales Executive/ Account Manager,16/12/1994,07/12/2014,17/10/2015,White Collar,Permanent,Part Time,Flex and Fixed,Voluntarily Terminated,Medium,Female,28,"0 Years, 10 Months",0,34513.65,3,0.26,0.43,0.85,0,1,0,0,0,34513.65,1
3549,15776827,Langdon,National Air Logistics Gateway Trade Lane Specialist,23/08/1981,03/07/2021,,White Collar,Permanent,Part Time,Fixed,Active,Low,Male,41,"1  Years, 5 Months",1,32879.47,4,0.29,0.99,0.93,1,0,1,0,1,34249.45,0
3550,15647725,Napolitano,Accountant,30/04/2001,31/01/2015,28/03/2015,White Collar,Permanent,Part Time,Fixed,Voluntarily Terminated,High,Female,21,"0 Years, 1 Months",0,29024.36,2,0.21,0.48,0.51,3,1,0,1,0,34146.3,1
3551,15648455,Kung,Road Logistics Sales Representative,30/07/2002,25/08/2021,,White Collar,Permanent,Part Time,Fixed,Active,Medium,Male,20,"1  Years, 3 Months",1,31763.15,3,0.56,0.85,0.78,0,0,0,1,0,31763.15,0
3552,15580629,Blackwood,Recruiter,21/08/1961,15/04/2004,,White Collar,Permanent,Part Time,Fixed,Active,Medium,Male,61,"18 Years, 8 Months",18,34539.88,1,0.27,0.66,0.68,2,0,0,1,0,41118.9,0
3553,15730161,Marcelo,Sea Logiscitcs Customer Care Specialist ,07/04/1981,19/10/2014,,Blue Collar,Permanent,Part Time,Fixed,Active,High,Female,41,"8 Years, 1 Months",8,29864.38,2,0.26,0.57,0.99,3,0,0,1,0,33936.8,0
3554,15626612,Yin,Aerospace International Logistics Specialist,13/12/1973,02/07/2009,10/09/2018,Blue Collar,Permanent,Part Time,Fixed,Voluntarily Terminated,Low,Male,49,"9 Years, 2 Months",9,32542.17,2,0.2,0.31,0.64,6,0,0,1,0,33206.3,1
3555,15662865,Storey,Warehouse Specialist - Air Logistics,26/01/1978,25/11/2012,,Blue Collar,Temporary,Part Time,Fixed,Active,Medium,Male,45,"10  Years, 0 Months",10,23536.76,4,0.26,0.88,0.88,2,0,1,0,1,28019.95,0
3556,15629094,Fomin,National Service Excellence Specialist- Air Logistics,27/05/1956,15/07/1983,26/08/2022,White Collar,Permanent,Part Time,Flex and Fixed,Voluntarily Terminated,Low,Female,66,"39  Years, 5 Months",39,19202.68,2,0.09,0.4,0.72,3,0,1,1,1,34290.5,1
3557,15651823,Nkemjika,National Perishable Air Logistics Development Manager Retail,13/09/1979,20/01/2012,29/04/2020,White Collar,Permanent,Part Time,Flex and Fixed,Voluntarily Terminated,High,Female,43,"10  Years, 10 Months",10,27793.37,3,0.3,0.33,0.66,3,1,0,1,1,33087.35,1
3558,15594827,Glasgow,National Service Excellence Specialist- Air Logistics,11/11/1980,19/07/2018,,White Collar,Permanent,Part Time,Flex and Fixed,Active,Low,Male,42,"4 Years, 4 Months",4,30453.93,2,0.36,0.82,0.71,3,0,1,0,0,33102.1,0
3559,15786392,Chen,Trucking Specialist - Air Logistics,27/03/1969,08/06/2005,,Blue Collar,Permanent,Part Time,Fixed,Active,Medium,Male,53,"17 Years, 6 Months",17,32134.33,1,0.6,0.82,0.67,2,0,0,0,0,34478.9,0
3560,15727353,Ch'ang,Sales Account Manager,10/10/1999,17/11/2012,17/04/2019,White Collar,Permanent,Part Time,Fixed,Voluntarily Terminated,High,Female,23,"10  Years, 1 Months",10,28754.5,3,0.29,0.15,0.52,7,1,0,1,0,34231.55,1
3561,15733777,Evans,Network Engineer,02/12/1988,08/06/1985,09/09/2019,White Collar,Permanent,Part Time,Flex and Fixed,Voluntarily Terminated,Low,Male,34,"34 Years, 3 Months",34,62024.55,3,0.13,0.16,0.88,1,1,0,0,0,69690.5,1
3562,15614302,Crotty,Perishable Warehouse Specialist - Air Logistics,17/02/1976,13/02/2016,,Blue Collar,Permanent,Part Time,Fixed,Active,Low,Female,47,"6 Years, 10 Months",6,33958.72,1,0.3,0.95,0.4,3,0,0,1,0,36126.3,0
3563,15723263,Cocci,Regional Air logistics Trainer Specialist,04/01/1985,13/03/2000,09/01/2022,White Collar,Permanent,Part Time,Fixed,Voluntarily Terminated,Low,Female,38,"21 Years, 9 Months",21,33080.87,3,0.27,0.42,0.73,3,0,1,1,1,36352.6,1
3564,15687270,Iroawuchi,Gateway & Procurement Specialist - Air Logistics,01/04/1983,11/03/2012,,Blue Collar,Permanent,Part Time,Fixed,Active,High,Female,39,"10  Years, 9 Months",10,27253.67,2,0.95,0.85,0.89,3,0,1,0,1,32835.75,0
3565,15803121,Chia,Perishable Operational Care Specialist - Air Logistics,13/07/2000,03/11/2021,14/05/2022,Blue Collar,Permanent,Part Time,Fixed,Voluntarily Terminated,High,Male,22,"1  Years, 1 Months",1,35299.95,3,0.3,0.58,0.6,0,0,0,0,0,35299.95,1
3566,15598700,Hysell,Recruiter,26/08/1975,08/05/2012,,White Collar,Permanent,Part Time,Fixed,Active,High,Female,47,"10  Years, 7 Months",10,30856.4,4,0.41,0.63,0.86,5,0,1,0,1,38570.5,0
3567,15741875,Williamson,Accountant,31/10/1955,03/06/2005,,White Collar,Permanent,Part Time,Fixed,Active,High,Female,67,"17  Years, 6 Months",17,26035.04,2,0.35,0.69,0.68,5,1,0,0,0,32955.75,0
3568,15631709,Ginikanwa,Sea Logiscitcs Customer Care Specialist ,20/06/1974,19/08/2012,,Blue Collar,Permanent,Part Time,Fixed,Active,High,Female,48,"10  Years, 3 Months",10,29394.84,4,0.38,0.53,0.85,3,0,0,1,0,32660.93,0
3569,15672970,Chigolum,Customer Servce Administrative Officer,08/09/1970,12/12/2017,,Blue Collar,Permanent,Part Time,Fixed,Active,Low,Male,52,"5 Years, 0 Months",5,30055.23,1,0.99,0.96,0.71,2,0,1,0,1,33394.7,0
3570,15761670,Morley,Sea Logiscitcs Customer Care Specialist ,20/03/1987,21/04/2008,25/03/2018,Blue Collar,Permanent,Part Time,Fixed,Voluntarily Terminated,Low,Female,35,"9 Years, 11 Months",9,32530.7,4,0.55,0.42,0.83,3,0,0,1,0,33536.8,1
3571,15706005,Roberts,Sea Logiscitcs Customer Care Specialist ,10/03/1996,29/01/2017,29/11/2020,Blue Collar,Permanent,Part Time,Fixed,Voluntarily Terminated,Low,Male,26,"3 Years, 10 Months",3,28978.36,3,0.28,0.5,0.6,2,0,0,1,0,32559.95,1
3572,15790336,Tokareva,Accounting Coordinator,03/09/1977,18/03/2012,,White Collar,Permanent,Part Time,Fixed,Active,Low,Male,45,"10  Years, 9 Months",10,30532.71,2,0.3,0.81,0.83,1,1,0,1,0,37694.7,0
3573,15754267,Fleming,Analyst Programmer ,17/07/1956,12/02/2007,,White Collar,Permanent,Part Time,Flex and Fixed,Active,Medium,Male,66,"15 Years, 10 Months",15,49961.29,3,0.37,0.82,0.59,3,1,1,0,1,60928.4,0
3574,15791988,Chinomso,Project Manager,13/04/1958,23/03/2013,,White Collar,Permanent,Part Time,Flex and Fixed,Active,Medium,Male,64,"9 Years, 8 Months",9,37639.48,2,0.95,0.76,0.72,2,1,1,1,1,42291.55,0
3575,15683375,Compton,IT-Support,08/12/1989,19/08/2012,,White Collar,Permanent,Part Time,Fixed,Active,Low,Female,33,"10  Years, 3 Months",10,34344.95,3,0.3,0.27,0.82,2,0,1,1,1,38161.05,0
3576,15625151,Wan,Technical Support Engineer,17/07/1981,04/03/2004,,White Collar,Permanent,Part Time,Flex and Fixed,Active,Medium,Female,41,"18 Years, 9 Months",18,52973.25,1,0.28,0.64,0.38,4,1,1,0,1,61596.8,0
3577,15635285,Taylor,Trucking Team Leader- Air Logistics,30/01/1986,17/07/2012,,White Collar,Permanent,Part Time,Fixed,Active,Medium,Male,37,"10  Years, 5 Months",10,32056.79,1,0.77,0.57,0.9,4,0,1,1,1,39093.65,0
3578,15574296,Kambinachi,Transport Controller,28/10/2003,15/02/2022,,Blue Collar,Temporary,Part Time,Fixed,Active,Medium,Male,19,"0 Years, 10 Months",0,24751.55,1,0.53,0.49,0.84,0,0,0,1,0,24751.55,0
3579,15711618,Chang,Accounting Coordinator,29/10/1998,23/12/2013,09/04/2021,White Collar,Permanent,Part Time,Fixed,Voluntarily Terminated,Medium,Female,24,"7 Years, 3 Months",7,30128.38,3,0.28,0.66,0.92,2,1,0,1,0,34236.8,1
3580,15670943,See,BI Developer,01/02/1970,15/02/2005,,White Collar,Permanent,Part Time,Flex and Fixed,Active,High,Male,53,"17 Years, 10 Months",17,56636.96,3,0.43,0.71,0.36,3,1,0,1,0,59617.85,0
3581,15634359,Dyer,Account Manager ,03/01/1995,21/06/2012,,White Collar,Permanent,Part Time,Fixed,Active,Medium,Female,28,"10  Years, 5 Months",10,29291.67,1,0.28,0.61,0.63,3,1,0,1,0,32546.3,0
3582,15586629,Campbell,National Perishable Air Logistics Development Manager Retail,20/01/1980,02/07/2013,,White Collar,Permanent,Part Time,Flex and Fixed,Active,High,Male,43,"9 Years, 5 Months",9,28478.15,3,1,0.52,0.89,1,1,0,1,0,34729.45,0
3583,15588461,Cremonesi,Transport Controller,15/10/1971,04/03/2018,,Blue Collar,Temporary,Part Time,Fixed,Active,High,Male,51,"4 Years, 9 Months",4,21169.06,3,0.7,0.62,0.91,1,0,0,1,0,24055.75,0
3584,15773221,Harris,Inside Sales Executive/ Account Manager,18/08/1997,19/11/2021,15/11/2022,White Collar,Permanent,Part Time,Flex and Fixed,Voluntarily Terminated,Medium,Male,25,"1  Years, 0 Months",1,34445.25,3,0.23,0.43,0.65,0,1,0,1,1,34445.25,1
3585,15664227,Threatt,Sales Account Manager,19/05/1987,30/10/2012,,White Collar,Permanent,Full Time,Fixed,Active,High,Male,35,"10  Years, 1 Months",10,28443.63,1,0.94,0.67,0.56,5,1,1,0,0,34687.35,0
3586,15741745,Lane,Warehouse Specialist - Air Logistics,25/02/1980,18/05/2012,,Blue Collar,Temporary,Full Time,Fixed,Active,Medium,Male,43,"10  Years, 7 Months",10,22831.97,2,0.98,0.85,0.62,3,0,1,1,1,27508.4,0
3587,15652626,Grave,Accountant,25/08/1980,01/02/2011,,White Collar,Permanent,Full Time,Fixed,Active,Medium,Male,42,"11 Years, 10 Months",11,36401.53,4,0.73,0.84,0.85,2,1,0,1,0,37527.35,0
3588,15599410,Stanley,Customer Care Specialist-Key Accounts,16/07/1989,31/03/2012,,White Collar,Permanent,Full Time,Fixed,Active,Low,Male,33,"10  Years, 8 Months",10,28818.91,4,0.28,1,0.53,4,0,0,1,0,35578.9,0
3589,15571958,McIntosh,Accountant,28/12/1995,15/04/2016,,White Collar,Permanent,Full Time,Fixed,Active,Medium,Male,27,"6 Years, 8 Months",6,30575.82,2,0.6,0.72,0.76,1,1,0,1,0,34745.25,0
3590,15785406,Watts,Accountant,19/04/1995,03/02/2021,,White Collar,Permanent,Full Time,Fixed,Active,Low,Female,27,"1  Years, 10 Months",1,33389.45,3,0.67,0.66,0.75,0,1,0,0,0,33389.45,0
3591,15687884,Alekseyeva,National Perishable Air Logistics Development Manager Retail,10/04/1980,26/11/2017,,White Collar,Permanent,Full Time,Flex and Fixed,Active,Medium,Male,42,"5 Years, 0 Months",5,29745.99,3,0.36,0.64,0.71,1,1,1,0,1,32332.6,0
3592,15621685,Davies,Customer Brokerage Specialist,04/10/1957,08/02/2018,,Blue Collar,Permanent,Full Time,Fixed,Active,Medium,Male,65,"4 Years, 10 Months",4,33349.99,3,0.59,1,0.76,1,1,0,1,0,35105.25,0
3593,15628886,Matlock,Transport Controller,20/06/1961,14/12/2013,10/02/2014,Blue Collar,Temporary,Full Time,Fixed,Voluntarily Terminated,Medium,Male,61,"0 Years, 1 Months",0,28346.3,3,0.6,0.44,0.59,0,0,1,1,1,28346.3,1
3594,15699325,Fedorova,Aerospace International Logistics Specialist,05/05/1985,16/03/2017,,Blue Collar,Permanent,Full Time,Fixed,Active,Low,Female,37,"5 Years, 9 Months",5,31753.89,1,0.42,0.81,0.77,2,0,1,0,1,35282.1,0
3595,15578369,Chiedozie,Cloud Service Analyst,07/01/1972,13/06/2016,,White Collar,Permanent,Full Time,Flex and Fixed,Active,Medium,Female,51,"6 Years, 6 Months",6,59622.2,1,0.99,0.31,0.98,1,1,0,1,0,65518.9,0
3596,15654156,Marcelo,Apprentice,26/03/2002,19/02/2022,,Blue Collar,Apprentice,Full Time,Fixed,Active,Low,Female,20,"0 Years, 9 Months",0,21926.3,2,0.28,0.32,0.97,0,0,1,1,1,21926.3,0
3597,15707199,Cooper,Aerospace International Logistics Specialist,11/11/1990,28/11/2015,,Blue Collar,Permanent,Full Time,Fixed,Active,Low,Male,32,"7 Years, 0 Months",7,32155.9,3,0.68,0.48,0.5,1,0,0,0,0,34208.4,0
3598,15671630,McMillan,Inventory Clerk,07/11/2004,31/05/2021,,Blue Collar,Temporary,Full Time,Fixed,Active,Low,Female,18,"1  Years, 6 Months",1,27834.7,2,0.26,0.62,0.42,0,0,0,1,0,27834.7,0
3599,15632079,Hardy,National Air Logistics Pharma Compliance Specialist,22/05/1977,17/10/2015,,Blue Collar,Permanent,Full Time,Fixed,Active,Low,Female,45,"7 Years, 2 Months",7,33259.23,2,0.82,0.77,0.86,3,0,0,1,0,36954.7,0
3600,15767921,Madukwe,Sea Logiscitcs Customer Care Specialist ,13/12/1958,27/11/2015,,Blue Collar,Permanent,Full Time,Fixed,Active,Medium,Male,64,"7 Years, 0 Months",7,28820.84,4,0.99,0.76,0.8,2,0,0,1,0,33512.6,0
3601,15573599,Adamson,Operations Specialist,23/07/1955,25/05/1990,09/11/2022,Blue Collar,Permanent,Full Time,Fixed,Voluntarily Terminated,Low,Female,67,"32 Years, 5 Months",32,20911.61,2,0.09,0.68,0.41,2,0,1,0,1,33728.4,1
3602,15747208,Watt,Customer Servce Administrative Officer,01/06/1968,10/02/1985,23/08/2019,Blue Collar,Permanent,Full Time,Fixed,Voluntarily Terminated,Medium,Male,54,"34 Years, 6 Months",34,31658.55,1,0.1,0.42,0.79,1,0,0,1,1,33968.4,1
3603,15582762,Mazzanti,IT-Support,07/04/1983,14/06/2012,,White Collar,Permanent,Full Time,Fixed,Active,High,Male,39,"10 Years, 6 Months",10,42613.49,2,0.27,0.87,0.91,2,0,1,1,1,43483.15,0
3604,15772528,Mishin,Account Manager ,03/11/1979,11/01/2013,,White Collar,Permanent,Full Time,Fixed,Active,Medium,Female,43,"9 Years, 11 Months",9,31071.79,3,0.49,0.59,0.57,2,1,0,1,0,35714.7,0
3605,15755798,Feng,Accountant,06/04/1974,14/12/2013,,White Collar,Permanent,Full Time,Fixed,Active,Medium,Male,48,"9 Years, 0 Months",9,30010.35,4,0.79,0.7,0.64,1,1,0,0,0,32619.95,0
3606,15788683,Kang,Business Development Manager,27/10/1957,23/05/1984,,White Collar,Permanent,Full Time,Flex and Fixed,Active,High,Female,65,"38 Years, 6 Months",38,29922.09,3,0.51,0.73,0.81,2,1,0,1,0,49052.6,0
3607,15616922,Kelly,Customer Brokerage Specialist,19/06/1956,21/03/2006,,Blue Collar,Permanent,Full Time,Fixed,Active,High,Female,66,"16 Years, 8 Months",16,25148.02,4,0.28,0.58,0.62,2,1,1,1,1,32241.05,0
3608,15771855,Yu,Perishable Customer Care Team Leader - Air Logistics,05/09/1968,30/12/1985,,White Collar,Permanent,Full Time,Fixed,Active,Medium,Male,54,"36 Years, 11 Months",36,41118.29,2,0.37,0.64,0.66,1,0,1,0,1,42831.55,0
3609,15601873,Bull,Material Handler ,10/01/2002,02/01/2013,,Blue Collar,Temporary,Full Time,Fixed,Active,High,Female,21,"9 Years, 11 Months",9,20888.5,2,0.42,0.89,0.66,3,0,0,1,0,24574.7,0
3610,15657868,Serra,Forklift Operator,13/08/2004,15/06/2021,,Blue Collar,Temporary,Full Time,Fixed,Active,Medium,Male,18,"1  Years, 6 Months",1,26369.66,3,0.92,0.95,0.71,1,0,0,1,0,27468.4,0
3611,15711716,Ferguson,Gateway & Procurement Team Leader- Air Logistics,05/01/1978,28/12/2016,13/12/2018,White Collar,Permanent,Full Time,Fixed,Voluntarily Terminated,High,Female,45,"1 Years, 11 Months",1,42093.65,3,0.5,0.32,0.9,0,0,0,1,0,42093.65,1
3612,15734246,She,Recruiter,28/10/1988,20/07/2015,,White Collar,Permanent,Full Time,Fixed,Active,Medium,Female,34,"7 Years, 4 Months",7,33985.68,3,0.55,0.6,0.99,1,0,1,0,1,39983.15,0
3613,15792151,Hamilton,Software Engineer,21/04/1972,26/01/2019,,White Collar,Permanent,Full Time,Flex and Fixed,Active,High,Female,50,"3 Years, 10 Months",3,63109.22,1,0.29,0.71,0.63,1,1,0,1,0,65061.05,0
3614,15770159,Nnanna,Pricing Analyst,18/05/1970,13/07/1984,,White Collar,Permanent,Full Time,Flex and Fixed,Active,Low,Male,52,"38 Years, 5 Months",38,49999.55,1,0.6,0.6,0.95,3,1,1,1,1,51019.95,0
3615,15747649,Summerville,Operations Specialist,01/12/1980,14/07/2014,,Blue Collar,Permanent,Full Time,Fixed,Active,High,Female,42,"8 Years, 5 Months",8,29841.21,3,0.93,0.91,0.68,1,0,1,1,1,35525.25,0
3616,15639357,Allan,Finance Analyst,28/05/1981,17/12/2012,18/01/2021,White Collar,Permanent,Full Time,Flex and Fixed,Voluntarily Terminated,High,Male,41,"8 Years, 1 Months",8,42174.82,3,0.55,0.42,1,1,1,0,0,0,48476.8,1
3617,15738907,Tobenna,Warehouse Quality Control Specialist - Air Logistics,18/03/1970,23/03/2010,27/06/2020,Blue Collar,Permanent,Full Time,Fixed,Voluntarily Terminated,Medium,Female,52,"10 Years, 3 Months",10,21248.74,2,0.47,0.7,0.67,1,0,0,1,0,24146.3,1
3618,15663446,Volkova,Regional Air logistics Trainer Specialist,16/12/1979,14/08/2019,18/10/2021,White Collar,Permanent,Full Time,Fixed,Voluntarily Terminated,High,Female,43,"2 Years, 2 Months",2,33436.27,3,0.19,0.23,0.64,2,0,0,1,0,36743.15,1
3619,15750867,Nucci,National Air Logistics Gateway Trade Lane Specialist,16/06/1965,11/04/1995,28/12/2014,White Collar,Permanent,Full Time,Fixed,Voluntarily Terminated,High,Female,57,"19 Years, 8 Months",19,34025.51,2,0.22,0.48,0.83,4,0,0,1,0,35077.85,1
3620,15715939,Wright,Software Engineer,14/09/1957,01/07/2002,,White Collar,Permanent,Full Time,Flex and Fixed,Active,High,Male,65,"20 Years, 5 Months",20,50985.5,1,0.39,0.99,0.49,3,1,0,1,0,69843.15,0
3621,15763806,Astorga,Trucking Specialist - Air Logistics,10/03/1987,15/02/2019,,Blue Collar,Permanent,Full Time,Fixed,Active,High,Male,35,"3 Years, 10 Months",3,32376.51,4,0.54,0.62,0.68,1,0,1,1,0,33377.85,0
3622,15637993,Pokrovsky,Warehouse Specialist - Air Logistics,20/06/1958,09/05/2015,,Blue Collar,Temporary,Full Time,Fixed,Active,Medium,Male,64,"7 Years, 7 Months",7,23998.73,4,0.29,0.98,0.89,1,0,1,1,1,26665.25,0
3623,15720338,Mazzanti,Trucking Team Leader- Air Logistics,03/01/1957,20/10/2016,,White Collar,Permanent,Full Time,Fixed,Active,High,Male,66,"6 Years, 1 Months",6,39514.97,4,0.67,0.61,0.94,3,0,1,1,1,41594.7,0
3624,15627162,Blesing,Project Coordinator,04/06/1980,01/05/2014,,White Collar,Permanent,Full Time,Fixed,Active,Low,Male,42,"8 Years, 7 Months",8,28103.68,1,0.27,0.52,0.92,3,0,0,1,0,33063.15,0
3625,15596710,Ku,Recruiter,03/04/1985,20/07/2008,,White Collar,Permanent,Full Time,Fixed,Active,Low,Female,37,"14 Years, 4 Months",14,37974.46,3,0.7,0.65,0.66,2,0,1,0,1,38749.45,0
3626,15781678,Pisani,Accountant,20/03/1985,28/03/2010,,White Collar,Permanent,Full Time,Fixed,Active,Low,Male,37,"12 Years, 8 Months",12,32410.4,2,0.28,0.59,0.9,1,1,1,1,1,36011.55,0
3627,15634968,Hsueh,Data Engineer,19/07/1955,03/01/2018,22/03/2021,White Collar,Permanent,Full Time,Flex and Fixed,Voluntarily Terminated,Low,Female,67,"3 Years, 2 Months",3,67099.46,1,0.48,0.71,0.8,2,1,1,1,1,69174.7,1
3628,15609475,Ricci,Regional Air logistics Trainer Specialist,30/07/1991,09/06/2022,,White Collar,Permanent,Full Time,Fixed,Active,Low,Female,31,"0 Years, 6 Months",0,35323.15,4,0.37,0.18,0.7,0,0,1,1,1,35323.15,0
3629,15573319,Azubuike,Trucking Team Leader- Air Logistics,25/03/1960,17/08/1990,,White Collar,Permanent,Full Time,Fixed,Active,High,Female,62,"32 Years, 4 Months",32,24721.04,4,0.96,0.21,0.93,5,0,0,0,0,40526.3,0
3630,15738291,Nevzorova,Perishable Warehouse Specialist - Air Logistics,24/10/1959,29/04/2018,,Blue Collar,Permanent,Full Time,Fixed,Active,High,Female,63,"4 Years, 7 Months",4,35050.5,2,0.74,0.15,0.67,0,0,0,0,0,35050.5,0
3631,15782456,Odili,Warehouse Apprentice- Air Logistics,06/09/2004,18/09/2022,,Blue Collar,Apprentice,Full Time,Fixed,Active,Low,Male,18,"0 Years, 3 Months",0,22445.25,1,0.57,0.97,0.53,0,0,0,1,0,22445.25,0
3632,15794841,Kung,Revenue Care Specialist- Air Logistics,03/08/1979,07/11/2019,,White Collar,Permanent,Full Time,Fixed,Active,Low,Male,43,"3 Years, 1 Months",3,39876.17,4,0.99,0.39,0.48,2,1,0,1,0,41109.45,0
3633,15684696,Lei,Customer Care Specialist-Key Accounts,02/04/1992,05/11/2017,,White Collar,Permanent,Full Time,Fixed,Active,Low,Female,30,"5 Years, 1 Months",5,31907.98,3,0.69,0.35,0.66,3,0,0,1,0,33587.35,0
3634,15629846,Sheehan,Network Engineer,04/06/1985,12/10/2018,,White Collar,Permanent,Full Time,Flex and Fixed,Active,Low,Female,37,"4 Years, 2 Months",4,60737.79,4,0.29,0.88,0.58,2,1,0,1,0,65309.45,0
3635,15674442,Kung,Perishable Customer Care Team Leader - Air Logistics,08/02/1994,22/03/2017,,White Collar,Permanent,Full Time,Fixed,Active,Low,Male,29,"5 Years, 8 Months",5,35092.47,1,0.53,0.58,0.97,2,0,0,0,0,38563.15,0
3636,15571689,Kelechi,Software Engineer,15/07/1973,12/02/2014,,White Collar,Permanent,Full Time,Flex and Fixed,Active,Medium,Female,49,"8 Years, 10 Months",8,59299.02,4,0.52,0.61,0.78,1,1,1,1,1,67385.25,0
3637,15730469,Anenechi,Material Handler ,23/10/2003,08/11/2021,,Blue Collar,Temporary,Full Time,Fixed,Active,Medium,Male,19,"1  Years, 1 Months",1,27075.24,2,0.28,0.59,0.98,1,0,1,0,1,28500.25,0
3638,15809320,McElhone,Customer Brokerage Specialist,28/04/1957,05/01/2009,24/07/2020,Blue Collar,Permanent,Full Time,Fixed,Voluntarily Terminated,High,Female,65,"11 Years, 6 Months",11,27417.06,2,0.56,0.55,0.41,3,1,0,1,0,33032.6,1
3639,15684367,Chigbogu,Network Engineer,10/05/1985,11/09/1994,,White Collar,Permanent,Full Time,Flex and Fixed,Active,Low,Male,37,"28  Years, 3 Months",28,52642.52,2,0.28,0.52,0.8,5,1,0,0,0,65803.15,0
3640,15793049,Atkins,Accountant,02/07/1990,06/09/1989,31/03/2016,White Collar,Permanent,Full Time,Fixed,Voluntarily Terminated,Medium,Female,32,"26 Years, 6 Months",26,34697.79,2,0.47,0.71,0.77,3,1,0,1,0,37309.45,1
3641,15603665,Colombo,Aerospace International Logistics Specialist,11/04/1985,19/07/1996,,Blue Collar,Permanent,Full Time,Fixed,Active,High,Female,37,"26 Years, 4 Months",26,34118.99,4,0.9,0.63,0.82,2,0,1,1,1,36296.8,0
3642,15613623,Tilley,Stock Investigator & Analyst,05/02/1976,26/02/2012,,White Collar,Permanent,Full Time,Flex and Fixed,Active,High,Male,47,"10  Years, 9 Months",10,38434.67,3,0.49,0.17,0.84,5,1,1,1,1,46871.55,0
3643,15569572,Sopuluchi,Perishable Warehouse Specialist - Air Logistics,28/10/1979,25/12/2021,,Blue Collar,Permanent,Full Time,Fixed,Active,High,Male,43,"0 Years, 11 Months",0,35526.3,1,0.55,0.95,0.49,0,0,1,1,1,35526.3,0
3644,15698791,Udinesi,Customer Care Specialist-Key Accounts,09/06/1960,16/01/1988,,White Collar,Permanent,Full Time,Fixed,Active,High,Male,62,"34 Years, 11 Months",34,30843.62,3,0.3,1,0.73,1,0,0,1,0,34655.75,0
3645,15626233,Onyekachi,Trucking Team Leader- Air Logistics,09/12/1991,28/03/2022,,White Collar,Permanent,Full Time,Fixed,Active,High,Female,31,"0 Years, 8 Months",0,42585.25,2,0.28,0.73,0.96,0,0,1,1,1,42585.25,0
3646,15607263,McCartney,Gateway & Procurement Team Leader- Air Logistics,10/06/1979,18/11/2013,27/03/2019,White Collar,Permanent,Full Time,Fixed,Voluntarily Terminated,Low,Male,43,"9  Years, 1 Months",9,36473.54,3,0.54,0.3,0.64,3,0,1,0,1,39134.7,1
3647,15610900,Thompson,Finance Analyst,14/05/1971,13/10/2016,08/03/2017,White Collar,Permanent,Full Time,Flex and Fixed,Voluntarily Terminated,Medium,Female,51,"0 Years, 4 Months",0,43705.17,3,0.45,0.63,0.8,3,1,0,1,0,51417.85,1
3648,15624775,Onyeoruru,Senior DevOps Engineer,17/12/1987,19/04/2015,,White Collar,Permanent,Full Time,Flex and Fixed,Active,Low,Male,35,"7 Years, 7 Months",7,65588.87,3,0.3,0.95,0.59,1,1,1,0,1,69040.92,0
3649,15691703,Shih,Trucking Team Leader- Air Logistics,31/12/1963,22/09/1987,25/08/2013,White Collar,Permanent,Full Time,Fixed,Voluntarily Terminated,Low,Male,59,"25 Years, 11 Months",25,36325.96,1,0.55,0.75,0.83,1,0,1,0,1,38237.85,1
3650,15745355,Golibe,Business Development Executive,24/01/1985,09/09/1992,,White Collar,Permanent,Full Time,Flex and Fixed,Active,Low,Male,38,"30 Years, 3 Months",30,35116.6,3,0.6,0.64,0.72,4,0,1,1,1,41313.65,0
3651,15724955,Lucchesi,Inventory Clerk,16/10/2001,28/10/2014,,Blue Collar,Temporary,Full Time,Fixed,Active,Medium,Male,21,"8 Years, 1 Months",8,22626.07,2,0.29,0.72,1,3,0,0,0,0,26618.9,0
3652,15628999,Townsend,Cloud Service Analyst,13/12/1978,20/08/2020,,White Collar,Permanent,Full Time,Flex and Fixed,Active,Low,Male,44,"2 Years, 3 Months",2,58049.42,3,0.73,0.72,0.53,10,1,1,1,1,61754.7,0
3653,15654341,Chao,Forklift Operator,12/01/2003,26/05/2021,,Blue Collar,Temporary,Full Time,Fixed,Active,Low,Male,20,"1  Years, 6 Months",1,27729.45,1,0.3,0.85,0.63,0,0,0,1,0,27729.45,0
3654,15744240,Shen,Business Analyst,18/11/1971,09/08/2015,,White Collar,Permanent,Full Time,Flex and Fixed,Active,Medium,Female,51,"7 Years, 4 Months",7,44552.52,2,0.28,0.24,0.94,2,1,1,0,1,51805.25,0
3655,15632365,Booth,Inside Sales Executive/ Account Manager,25/06/1994,08/11/2020,,White Collar,Permanent,Full Time,Flex and Fixed,Active,High,Male,28,"2 Years, 1 Months",2,30649.38,4,0.57,0.69,0.53,1,1,0,0,0,33680.64,0
3656,15729689,Chan,Perishable Warehouse Specialist - Air Logistics,15/04/1997,11/10/2019,,Blue Collar,Permanent,Full Time,Fixed,Active,Medium,Male,25,"3 Years, 2 Months",3,29925.54,2,0.28,0.69,0.7,1,0,1,0,1,33624.2,0
3657,15759284,Yeh,Finance Analyst,03/05/1989,02/05/2012,09/08/2017,White Collar,Permanent,Full Time,Flex and Fixed,Voluntarily Terminated,Low,Female,33,"10  Years, 7 Months",10,41517.44,4,0.12,0.87,0.59,1,1,1,1,1,51896.8,1
3658,15602124,Badgery,Perishable Customer Care Team Leader - Air Logistics,16/02/1996,20/09/2022,,White Collar,Permanent,Full Time,Fixed,Active,High,Male,27,"0 Years, 2 Months",0,43414.7,1,0.77,0.78,0.91,0,0,1,1,1,43414.7,0
3659,15661903,Hsia,Accounts Payable,09/09/1988,20/04/2001,10/01/2014,White Collar,Permanent,Full Time,Fixed,Voluntarily Terminated,Medium,Female,34,"21  Years, 7 Months",21,29740.92,2,0.18,0.76,0.74,1,1,0,1,0,32048.4,1
3660,15664668,Zarate,Project Manager,03/04/1981,22/07/2014,12/11/2022,White Collar,Permanent,Full Time,Flex and Fixed,Voluntarily Terminated,High,Female,41,"8 Years, 3 Months",8,35727.96,1,0.37,0.35,0.7,2,1,1,0,1,40599.95,1
3661,15736431,Congreve,Project Manager,11/11/1977,12/03/2019,,White Collar,Permanent,Full Time,Flex and Fixed,Active,Medium,Male,45,"3 Years, 9 Months",3,40774.68,3,0.91,0.88,0.59,2,1,0,1,0,42035.75,0
3662,15748639,Hayslett,Data Engineer,07/08/1988,14/10/2018,,White Collar,Permanent,Full Time,Flex and Fixed,Active,Medium,Male,34,"4 Years, 2 Months",4,62417.08,3,0.26,0.78,0.79,2,1,1,1,1,70131.55,0
3663,15628123,Robinson,National Air Logistics Pharma Compliance Specialist,28/09/1955,23/04/2014,,Blue Collar,Permanent,Full Time,Fixed,Active,High,Female,67,"8 Years, 7 Months",8,32555.4,3,0.3,0.36,0.42,3,0,1,0,0,35386.3,0
3664,15602731,Wong,Software Engineer,24/10/1968,04/05/1995,17/01/2015,White Collar,Permanent,Full Time,Flex and Fixed,Voluntarily Terminated,Medium,Male,54,"19 Years, 8 Months",19,61607.34,3,0.47,0.24,0.7,2,1,0,1,1,68452.6,1
3665,15794137,Nevzorova,Revenue Care Specialist- Air Logistics,23/07/1979,03/01/2021,,White Collar,Permanent,Full Time,Fixed,Active,High,Female,43,"1  Years, 11 Months",1,42548.4,3,0.53,0.55,0.82,0,1,1,1,1,42548.4,0
3666,15748696,Page,Inside Sales Executive/ Account Manager,26/12/1988,08/10/2020,,White Collar,Permanent,Full Time,Flex and Fixed,Active,Medium,Male,34,"2 Years, 2 Months",2,36478.69,1,0.26,0.91,0.53,1,1,1,0,1,37223.15,0
3667,15725068,Quinn,Aerospace International Logistics Specialist,29/12/1970,20/04/2014,,Blue Collar,Permanent,Full Time,Fixed,Active,High,Female,52,"8 Years, 7 Months",8,30147.89,3,0.28,0.66,0.61,2,0,1,1,1,32769.45,0
3668,15807340,O'Donnell,Forklift Operator,28/04/2003,09/03/2020,,Blue Collar,Temporary,Full Time,Fixed,Active,Low,Male,19,"2 Years, 9 Months",2,23359.6,1,0.52,0.57,0.82,1,0,0,0,0,25117.85,0
3669,15586133,Pisano,BI Developer,20/03/1990,05/01/2011,26/03/2021,White Collar,Permanent,Part Time,Flex and Fixed,Voluntarily Terminated,Low,Female,32,"10 Years, 2 Months",10,60026.94,2,0.24,0.64,0.64,2,1,0,0,1,64684.2,1
3670,15576185,Sinclair,BI Developer,25/05/1956,02/08/2016,,White Collar,Permanent,Full Time,Flex and Fixed,Active,Medium,Male,66,"6  Years, 4 Months",6,54882.07,2,0.4,0.63,0.98,1,1,1,1,1,61665.25,0
3671,15660809,Loving,Customer Care Specialist-Key Accounts,16/10/1973,24/05/2018,,White Collar,Permanent,Full Time,Fixed,Active,High,Male,49,"4 Years, 6 Months",4,33564.62,1,0.95,0.49,0.92,2,0,1,1,1,36884.2,0
3672,15616666,Artemova,Warehouse Specialist - Air Logistics,21/09/1979,20/01/2016,,Blue Collar,Temporary,Full Time,Fixed,Active,High,Female,43,"6 Years, 10 Months",6,24645.77,3,0.28,0.7,0.7,1,0,1,0,1,26218.9,0
3673,15706904,Robertson,IT System Engineer,19/03/1966,28/03/1991,,White Collar,Permanent,Full Time,Flex and Fixed,Active,High,Male,56,"31 Years, 8 Months",31,62449.49,3,0.81,0.3,0.71,2,1,1,1,1,65051.55,0
3674,15606915,Genovese,Data Analyst,07/03/1962,19/12/1983,,White Collar,Permanent,Full Time,Flex and Fixed,Active,Low,Male,61,"38 Years, 11 Months",38,42748.32,4,0.29,0.51,0.52,1,1,0,1,0,49707.35,0
3675,15749693,Ugonnatubelum,Transport Controller,03/12/1975,06/02/2015,,Blue Collar,Temporary,Full Time,Fixed,Active,Low,Female,47,"7 Years, 10 Months",7,24531.2,3,0.3,0.71,0.87,3,0,0,1,0,27563.15,0
3676,15791743,Corbett,Customer Care Specialist-Key Accounts,03/07/1960,06/01/1987,,White Collar,Permanent,Full Time,Fixed,Active,Low,Male,62,"35 Years, 11 Months",35,23411.92,3,0.47,0.64,0.67,3,0,1,1,0,35472.6,0
3677,15796480,Reilly,Recruiter,27/05/1957,10/11/1993,,White Collar,Permanent,Full Time,Fixed,Active,Medium,Female,65,"29 Years, 1 Months",29,26110.99,4,0.65,0.67,0.66,1,0,1,0,1,39562.1,0
3678,15790442,Wright,Stock Investigator & Analyst,22/07/1965,29/04/2011,,White Collar,Permanent,Full Time,Flex and Fixed,Active,High,Male,57,"11 Years, 7 Months",11,42399.27,4,0.27,0.83,0.94,3,1,1,1,1,46592.6,0
3679,15609458,Vincent,Perishable Apprentice- Air Logistics,10/12/2004,21/01/2022,,Blue Collar,Apprentice,Full Time,Fixed,Active,High,Male,18,"0 Years, 10 Months",0,23081.05,4,0.53,0.92,0.96,0,0,1,1,1,23081.05,0
3680,15593897,Carr,Perishable Customer Care Team Leader - Air Logistics,01/07/1958,29/06/2013,,White Collar,Permanent,Full Time,Fixed,Active,High,Male,64,"9 Years, 5 Months",9,35279.91,4,0.46,0.84,0.53,2,0,1,1,1,41023.15,0
3681,15604576,Eiland,National Perishable Air Logistics Development Manager Retail,12/09/1985,04/09/2017,,White Collar,Permanent,Full Time,Flex and Fixed,Active,Medium,Male,37,"5 Years, 3 Months",5,30968.17,4,0.46,0.97,0.75,1,1,1,1,1,33661.05,0
3682,15666270,Omeokachie,National Air Logistics Pharma Compliance Specialist,23/07/1965,05/08/1983,16/02/2022,Blue Collar,Permanent,Full Time,Fixed,Voluntarily Terminated,High,Female,57,"38 Years, 6 Months",38,31397.78,4,0.47,0.19,0.91,1,0,0,1,0,33761.05,1
3683,15572626,Mackenzie,Finance Analyst,12/08/1957,25/05/2017,,White Collar,Permanent,Full Time,Flex and Fixed,Active,Low,Male,65,"5 Years, 6 Months",5,49341.94,4,0.3,0.86,0.51,3,1,1,1,1,51397.85,0
3684,15727197,Pinto,Customer Care Specialist-Key Accounts,19/01/1994,06/04/2011,07/01/2014,White Collar,Permanent,Full Time,Fixed,Voluntarily Terminated,Medium,Female,29,"2 Years, 9 Months",2,33576.91,2,0.18,0.71,0.69,2,0,0,0,0,36104.2,1
3685,15714006,Gardener,Data Analyst,01/05/1990,10/09/2017,,White Collar,Permanent,Full Time,Flex and Fixed,Active,Low,Female,32,"5 Years, 3 Months",5,44786.57,2,0.26,0.76,0.56,1,1,1,0,1,48681.05,0
3686,15642137,Fang,Revenue Care Specialist- Air Logistics,25/07/1968,17/03/2018,,White Collar,Permanent,Full Time,Fixed,Active,High,Female,54,"4 Years, 9 Months",4,38329.67,3,0.74,0.68,0.88,2,1,0,0,0,41214.7,0
3687,15665327,Cattaneo,Revenue Care Specialist- Air Logistics,20/11/1985,23/03/2000,,White Collar,Permanent,Full Time,Fixed,Active,Medium,Male,37,"22 Years, 8 Months",22,38235.52,3,0.82,0.61,0.99,2,1,0,1,0,43449.45,0
3688,15626806,Labrador,Senior DevOps Engineer,09/03/1982,22/12/2015,,White Collar,Permanent,Full Time,Flex and Fixed,Active,Low,Female,41,"6 Years, 11 Months",6,64813.47,4,0.75,0.85,0.79,2,1,1,1,0,68950.5,0
3689,15662578,Dettmann,Data Analyst,16/10/1985,27/04/2022,,White Collar,Permanent,Full Time,Flex and Fixed,Active,High,Male,37,"0 Years, 7 Months",0,46833.65,4,0.26,0.84,0.89,0,1,1,1,1,46833.65,0
3690,15790829,Gibson,Customer Servce Administrative Officer,22/02/1970,25/03/2012,,Blue Collar,Permanent,Full Time,Fixed,Active,High,Female,53,"10 Years, 8 Months",10,32491.45,4,0.8,0.62,0.63,1,0,0,1,0,36922.1,0
3691,15654959,Hope,Finance Analyst,13/08/1958,27/12/1998,,White Collar,Permanent,Full Time,Flex and Fixed,Active,Low,Male,64,"23  Years, 11 Months",23,40328.46,3,0.71,0.77,0.76,3,1,1,1,1,51703.15,0
3692,15760244,Ives,National Air Logistics Gateway QSHE Manager - Pharma,20/06/1978,11/03/2020,,White Collar,Permanent,Full Time,Flex and Fixed,Active,Medium,Female,44,"2 Years, 9 Months",2,64680.99,3,0.77,0.79,0.93,1,1,1,0,1,69549.45,0
3693,15715394,Greece,Perishable Customer Care Team Leader - Air Logistics,26/06/1966,17/07/1993,,White Collar,Permanent,Full Time,Fixed,Active,Low,Male,56,"29 Years, 5 Months",29,38699.58,2,0.55,0.97,0.5,3,0,1,0,1,41523.15,0
3694,15722246,Omeokachie,Finance Analyst,07/12/1969,26/03/2001,,White Collar,Permanent,Full Time,Flex and Fixed,Active,Low,Female,53,"21 Years, 8 Months",21,43060.07,2,0.49,0.59,0.61,2,1,1,1,1,50658.9,0
3695,15609704,Mao,Finance Analyst,09/09/1985,21/11/2012,08/01/2017,White Collar,Permanent,Full Time,Flex and Fixed,Voluntarily Terminated,High,Female,37,"10  Years, 0 Months",10,39812.27,3,0.19,0.29,0.62,1,1,0,1,1,48551.55,1
3696,15757628,Savage,Gateway & Procurement Specialist - Air Logistics,30/01/1978,26/10/2012,,Blue Collar,Permanent,Full Time,Fixed,Active,Medium,Male,45,"10  Years, 1 Months",10,29113.44,2,0.29,0.85,0.54,4,0,1,1,1,35504.2,0
3697,15633586,Brierly,Regional Air logistics Trainer Specialist,13/08/1966,23/04/2013,,White Collar,Permanent,Full Time,Fixed,Active,Medium,Female,56,"9 Years, 7 Months",9,31685.2,3,0.88,0.7,0.57,3,0,0,0,0,34818.9,0
3698,15565796,Docherty,Operations Specialist,25/03/1980,16/09/2002,,Blue Collar,Permanent,Full Time,Fixed,Active,High,Male,42,"20  Years, 3 Months",20,29563.99,1,0.27,0.54,0.91,1,0,0,1,0,36053.65,0
3699,15717935,McDonald,Data Analyst,17/11/1980,17/11/2019,,White Collar,Permanent,Full Time,Flex and Fixed,Active,Low,Female,42,"3 Years, 1 Months",3,40827.34,2,0.93,0.42,0.86,2,1,1,0,0,46394.7,0
3700,15577700,Rapuokwu,Sea Logiscitcs Customer Care Specialist ,11/07/2000,06/09/2018,,Blue Collar,Permanent,Full Time,Fixed,Active,Medium,Male,22,"4 Years, 3 Months",4,35244.1,3,0.28,0.96,0.75,2,0,1,1,1,36712.6,0
3701,15747345,Bergamaschi,National Air Logistics Gateway Trade Lane Specialist,02/03/1955,11/03/1991,,White Collar,Permanent,Full Time,Fixed,Active,Medium,Female,68,"31 Years, 9 Months",31,26787.96,3,0.39,0.58,0.8,2,0,1,1,0,36199.95,0
3702,15678317,Manfrin,Project Manager,01/10/1989,14/12/2012,,White Collar,Permanent,Full Time,Flex and Fixed,Active,Medium,Male,33,"10 Years, 0 Months",10,39776.45,3,0.27,0.61,0.59,3,1,1,1,1,45720.06,0
3703,15698335,Bergamaschi,Customer Brokerage Specialist,05/05/1990,03/11/2015,,Blue Collar,Permanent,Full Time,Fixed,Active,Low,Female,32,"7 Years, 1 Months",7,31944.33,2,0.27,0.62,0.97,2,1,1,1,1,34722.1,0
3704,15768451,MacDonald,Revenue Care Specialist- Air Logistics,23/11/1978,13/12/2014,17/10/2022,White Collar,Permanent,Full Time,Fixed,Voluntarily Terminated,Low,Male,44,"7 Years, 10 Months",7,38754.49,1,0.29,0.68,0.7,3,1,1,1,1,42587.35,1
3705,15753213,Lees,Account Manager ,13/08/1985,09/09/2019,,White Collar,Permanent,Full Time,Fixed,Active,Low,Female,37,"3 Years, 3 Months",3,35346.75,3,0.51,0.6,0.73,3,1,0,1,0,36439.95,0
3706,15769645,Senior,Trucking Specialist - Air Logistics,16/03/1958,07/09/2019,,Blue Collar,Permanent,Full Time,Fixed,Active,Low,Female,65,"3 Years, 3 Months",3,33737.97,1,0.97,0.7,0.91,1,0,1,1,1,35513.65,0
3707,15657565,Nwokezuike,Accounting Coordinator,15/11/1985,28/08/2013,,White Collar,Permanent,Full Time,Fixed,Active,Low,Female,37,"9 Years, 3 Months",9,26586.19,3,0.3,0.65,0.55,2,1,0,0,0,32031.55,0
3708,15620323,Ekwueme,Perishable Customer Care Team Leader - Air Logistics,04/10/1984,24/09/2017,,White Collar,Permanent,Full Time,Fixed,Active,Low,Female,38,"5 Years, 2 Months",5,40320.99,4,0.27,0.48,0.59,2,0,0,1,0,42443.15,0
3709,15679983,Garmon,National Air Logistics Pharma Compliance Specialist,07/12/1980,16/01/2021,,Blue Collar,Permanent,Full Time,Fixed,Active,High,Male,42,"1  Years, 11 Months",1,36806.3,1,0.3,0.75,0.73,0,0,0,0,0,36806.3,0
3710,15812616,Enyinnaya,Sea Logistics Pricing Coordinator,28/08/1980,12/10/2018,,White Collar,Permanent,Full Time,Fixed,Active,Low,Female,42,"4 Years, 2 Months",4,31285.87,3,0.76,0.69,0.78,3,0,0,1,0,32589.45,0
3711,15601796,Chizuoke,Analyst Programmer ,26/12/1969,19/11/2017,,White Collar,Permanent,Full Time,Flex and Fixed,Active,High,Male,53,"5 Years, 0 Months",5,50897.81,3,0.26,0.34,0.46,2,1,1,1,1,62070.5,0
3712,15729489,Hyde,Aerospace International Logistics Specialist,26/08/1997,10/11/2014,26/06/2015,Blue Collar,Permanent,Full Time,Fixed,Voluntarily Terminated,High,Female,25,"0 Years, 7 Months",0,29699.89,3,0.08,0.59,0.49,3,0,1,0,1,34941.05,1
3713,15613216,Cameron,Warehouse Quality Control Specialist - Air Logistics,19/11/1969,23/01/2000,,Blue Collar,Permanent,Full Time,Fixed,Active,Low,Female,53,"22 Years, 10 Months",22,22421.53,4,0.3,0.94,0.95,3,0,0,1,0,26071.55,0
3714,15657937,Lord,Analyst Programmer ,30/10/1987,22/05/2021,,White Collar,Permanent,Full Time,Flex and Fixed,Active,Low,Male,35,"1  Years, 6 Months",1,60795.75,4,0.26,0.98,0.77,0,1,0,0,0,60795.75,0
3715,15815428,Biryukova,Sea Logiscitcs Customer Care Specialist ,26/10/1957,12/05/1989,,Blue Collar,Permanent,Full Time,Fixed,Active,Low,Male,65,"33 Years, 7 Months",33,20358.32,2,0.27,0.72,0.66,4,0,0,1,0,35100.55,0
3716,15640409,Carpenter,Perishable Operational Care Specialist - Air Logistics,27/01/1976,10/08/2015,31/03/2019,Blue Collar,Permanent,Full Time,Fixed,Voluntarily Terminated,High,Female,47,"3 Years, 7 Months",3,29668.83,3,0.21,0.79,0.7,3,0,1,0,1,34102.1,1
3717,15699492,Lorenzo,Transport Controller,14/08/2003,05/08/2020,,Blue Collar,Temporary,Full Time,Fixed,Active,High,Female,19,"2 Years, 4 Months",2,23124.51,3,0.53,0.54,0.61,1,0,0,0,0,26277.85,0
3718,15623536,Madukwe,Material Handler ,06/03/2002,13/10/2012,,Blue Collar,Temporary,Full Time,Fixed,Active,Low,Male,20,"10  Years, 2 Months",10,21186.46,2,0.3,0.73,0.95,2,0,0,1,0,24925.25,0
3719,15707551,Hutcheon,Stock Investigator & Analyst,25/10/1978,18/09/2017,,White Collar,Permanent,Full Time,Flex and Fixed,Active,Medium,Male,44,"5 Years, 3 Months",5,43968,4,0.93,0.82,0.58,3,1,1,1,1,46282.1,0
3720,15577999,Sleeman,Perishable Customer Care Team Leader - Air Logistics,31/08/1961,06/03/2011,29/03/2021,White Collar,Permanent,Full Time,Fixed,Voluntarily Terminated,High,Female,61,"10 Years, 0 Months",10,35537.19,4,0.54,0.57,0.45,1,0,0,1,1,40847.35,1
3721,15788775,Milne,National Perishable Air Logistics Development Manager Seafood,22/06/1989,12/04/2013,,White Collar,Permanent,Full Time,Flex and Fixed,Active,Medium,Male,33,"9 Years, 8 Months",9,26608.02,1,0.37,0.98,0.93,2,1,0,1,0,32057.85,0
3722,15758362,Williamson,Sea Logiscitcs Customer Care Specialist ,30/04/1975,08/10/2012,,Blue Collar,Permanent,Full Time,Fixed,Active,Medium,Female,47,"10  Years, 2 Months",10,30821.67,4,0.75,0.91,0.65,1,0,1,1,1,34246.3,0
3723,15807961,Bruno,Sea Logiscitcs Customer Care Specialist ,14/01/2000,07/11/2017,,Blue Collar,Permanent,Full Time,Fixed,Active,High,Male,23,"5 Years, 1 Months",5,30858.56,4,0.26,0.72,0.91,2,0,0,1,0,33910.5,0
3724,15710978,Palerma,National Air Logistics Pharma Compliance Specialist,21/03/2001,04/12/2020,,Blue Collar,Permanent,Full Time,Fixed,Active,Medium,Male,21,"2  Years, 0 Months",2,36117.85,4,0.29,0.48,0.73,0,0,1,1,1,36117.85,0
3725,15703541,Wang,Trucking Specialist - Air Logistics,21/09/1965,11/06/1986,29/12/2016,Blue Collar,Permanent,Full Time,Fixed,Voluntarily Terminated,High,Female,57,"30 Years, 6 Months",30,34653.83,1,0.3,0.57,0.86,4,0,1,0,1,35361.05,1
3726,15626474,Onyemere,Project Manager,18/05/1989,12/03/2019,,White Collar,Permanent,Full Time,Flex and Fixed,Active,Medium,Female,33,"3 Years, 9 Months",3,38438.57,2,0.85,0.86,0.96,2,1,0,1,0,41781.05,0
3727,15608344,Dawson,Apprentice,06/01/2002,19/01/2009,03/03/2015,Blue Collar,Apprentice,Full Time,Fixed,Voluntarily Terminated,Low,Female,21,"6 Years, 1 Months",6,21994.57,2,0.12,0.63,0.85,3,0,0,1,1,23701.05,1
3728,15768367,Nebechukwu,National Perishable Air Logistics Development Manager Seafood,16/09/1987,15/08/2008,21/12/2020,White Collar,Permanent,Full Time,Flex and Fixed,Voluntarily Terminated,Medium,Female,35,"12 Years, 4 Months",12,33596.48,1,0.38,0.81,0.52,2,1,1,1,1,36125.25,1
3729,15806210,Bateman,Stock Investigator & Analyst,05/12/1959,19/11/2011,,White Collar,Permanent,Full Time,Flex and Fixed,Active,Low,Male,63,"11 Years, 0 Months",11,39099.97,1,0.38,0.21,0.37,4,1,1,1,1,47108.4,0
3730,15697702,Lord,Customer Brokerage Specialist,07/10/1971,08/08/2016,,Blue Collar,Permanent,Full Time,Fixed,Active,Medium,Male,51,"6 Years, 4 Months",6,33379.87,3,0.56,0.9,0.66,1,1,0,1,0,35510.5,0
3731,15689152,Loggia,Transport Controller,27/08/2004,03/01/2022,,Blue Collar,Temporary,Full Time,Fixed,Active,High,Male,18,"0 Years, 11 Months",0,27470.5,2,0.68,0.79,0.78,0,0,0,0,0,27470.5,0
3732,15568573,Graham,Warehouse Quality Control Specialist - Air Logistics,16/10/1999,07/01/2016,07/05/2016,Blue Collar,Permanent,Full Time,Fixed,Voluntarily Terminated,High,Female,23,"0 Years, 4 Months",0,21283.07,3,0.49,0.95,0.49,3,0,1,0,1,25038.9,1
3733,15689598,Dean,Pricing Analyst,18/07/1981,24/05/2014,25/02/2019,White Collar,Permanent,Full Time,Flex and Fixed,Voluntarily Terminated,Medium,Male,41,"4 Years, 9 Months",4,44232.59,4,0.27,0.29,0.43,1,1,1,1,1,48078.9,1
3734,15713374,Jarvis,Warehouse Shift Manager - Air Logistics,30/08/1986,31/05/2012,,White Collar,Permanent,Full Time,Fixed,Active,Low,Male,36,"10  Years, 6 Months",10,52829.04,4,0.46,0.81,0.52,2,1,1,1,0,63649.45,0
3735,15679733,Haugh,Aerospace International Logistics Specialist,21/05/1989,28/12/2020,,Blue Collar,Permanent,Full Time,Fixed,Active,Low,Male,33,"1  Years, 11 Months",1,31669.07,2,0.28,0.21,0.56,1,0,1,1,1,33690.5,0
3736,15759274,Micklem,Data Analyst,28/09/1974,12/03/2012,,White Collar,Permanent,Full Time,Flex and Fixed,Active,Low,Female,48,"10  Years, 9 Months",10,39699.28,4,0.56,0.7,0.83,3,1,1,1,1,47261.05,0
3737,15607748,Bennett,Trucking Specialist - Air Logistics,21/03/1983,02/01/2015,,Blue Collar,Permanent,Full Time,Fixed,Active,Low,Male,39,"7 Years, 11 Months",7,27940.02,3,0.26,0.66,0.64,2,0,1,1,1,32488.4,0
3738,15607577,Roberts,Aerospace International Logistics Specialist,02/09/1957,10/08/2018,,Blue Collar,Permanent,Full Time,Fixed,Active,High,Male,65,"4 Years, 4 Months",4,35690.52,4,0.43,0.16,0.86,1,0,1,1,1,36418.9,0
3739,15813697,Onyekaozulu,Data Analyst,25/06/1977,13/02/2013,,White Collar,Permanent,Full Time,Flex and Fixed,Active,Medium,Female,45,"9 Years, 10 Months",9,37291.55,3,0.57,0.72,0.8,3,1,1,1,1,44394.7,0
3740,15801125,Kegley,Warehouse Quality Control Specialist - Air Logistics,26/03/1995,20/09/2022,,Blue Collar,Permanent,Full Time,Fixed,Active,Medium,Female,27,"0 Years, 2 Months",0,25754.7,2,0.28,0.51,0.5,0,0,0,1,0,25754.7,0
3741,15777855,Manna,Customer Servce Administrative Officer,13/02/1985,05/08/2018,,Blue Collar,Permanent,Full Time,Fixed,Active,High,Male,38,"4 Years, 4 Months",4,28672.46,1,0.52,0.59,0.63,2,0,1,0,1,33340.07,0
3742,15635396,Thompson,Revenue Care Specialist- Air Logistics,13/03/1989,28/05/2016,11/10/2017,White Collar,Permanent,Full Time,Fixed,Voluntarily Terminated,High,Female,33,"1 Years, 4 Months",1,37071.6,2,0.3,0.66,0.4,3,1,0,1,1,43613.65,1
3743,15698031,Romano,Sales Account Manager,22/10/1997,20/04/2015,,White Collar,Permanent,Full Time,Fixed,Active,High,Female,25,"7 Years, 7 Months",7,31933.14,4,0.73,0.69,0.84,3,1,0,1,0,37568.4,0
3744,15678944,Brown,Human Resoruces Coordinator,04/03/1972,25/12/2017,02/05/2018,White Collar,Permanent,Full Time,Fixed,Voluntarily Terminated,Low,Female,51,"0 Years, 4 Months",0,30992.79,3,0.13,0.69,0.94,3,0,0,1,1,36462.1,1
3745,15718507,Su,National Service Excellence Specialist- Air Logistics,13/01/1995,15/06/2019,02/08/2020,White Collar,Permanent,Full Time,Flex and Fixed,Voluntarily Terminated,High,Male,28,"1 Years, 1 Months",1,29635.46,3,0.26,0.89,0.79,3,0,1,1,1,34865.25,1
3746,15808334,Mackay,Account Manager ,22/12/1998,28/06/2021,,White Collar,Permanent,Full Time,Fixed,Active,Medium,Female,24,"1  Years, 5 Months",1,37767.35,1,1,0.52,0.56,0,1,1,1,1,37767.35,0
3747,15804709,Watt,Gateway & Procurement Team Leader- Air Logistics,02/05/1988,01/02/2016,,White Collar,Permanent,Full Time,Fixed,Active,High,Male,34,"6 Years, 10 Months",6,37932.91,3,0.4,0.91,0.91,1,0,0,0,0,43601.05,0
3748,15645835,Milani,BI Developer,27/01/1985,04/04/1993,,White Collar,Permanent,Full Time,Flex and Fixed,Active,Low,Male,38,"29 Years, 8 Months",29,54534.04,4,0.29,0.96,0.53,1,1,1,1,1,61970.5,0
3749,15738166,Hsu,Senior DevOps Engineer,09/01/1979,15/09/2018,,White Collar,Permanent,Full Time,Flex and Fixed,Active,Medium,Female,44,"4 Years, 3 Months",4,64253.19,4,0.42,0.8,0.58,1,1,1,0,1,69089.45,0
3750,15675360,Valenzuela,Operations Specialist,03/11/1998,19/06/2019,,Blue Collar,Permanent,Full Time,Fixed,Active,Low,Male,24,"3 Years, 5 Months",3,32844.78,4,0.55,0.55,0.77,2,0,1,1,1,35700.85,0
3751,15793042,Sung,Business Development Executive,16/06/1978,07/01/2019,,White Collar,Permanent,Full Time,Flex and Fixed,Active,High,Male,44,"3 Years, 11 Months",3,39120.62,4,0.28,0.93,0.63,1,0,0,1,0,43955.75,0
3752,15630106,Lo,Human Resoruces Coordinator,15/04/1971,19/05/2016,,White Collar,Permanent,Full Time,Fixed,Active,High,Male,51,"6 Years, 6 Months",6,28832.62,3,0.26,0.93,0.86,2,0,0,1,0,31684.2,0
3753,15810385,Giordano,Finance Analyst,20/11/1981,08/07/2018,,White Collar,Permanent,Full Time,Flex and Fixed,Active,Low,Female,41,"4 Years, 5 Months",4,47680.66,3,0.72,0.54,0.48,1,1,1,0,1,49667.35,0
3754,15578211,Connolly,IT-Support,02/03/1958,17/09/2005,,White Collar,Permanent,Full Time,Fixed,Active,Low,Male,65,"17 Years, 3 Months",17,31655.56,2,0.28,0.48,0.76,3,0,1,1,1,39569.45,0
3755,15572792,Bellucci,Inventory Clerk,12/06/2003,22/05/2021,,Blue Collar,Temporary,Full Time,Fixed,Active,Medium,Male,19,"1  Years, 6 Months",1,25240.9,4,0.72,0.19,0.99,1,0,1,1,1,26292.6,0
3756,15620030,Jamieson,Perishable Customer Care Team Leader - Air Logistics,30/09/1991,09/11/2017,,White Collar,Permanent,Full Time,Fixed,Active,Low,Male,31,"5 Years, 1 Months",5,39659.73,3,0.28,0.95,0.71,2,0,0,0,0,43108.4,0
3757,15783541,Fomina,National Perishable Air Logistics Development Manager Retail,07/03/1958,16/06/2005,,White Collar,Permanent,Full Time,Flex and Fixed,Active,Low,Male,65,"17 Years, 6 Months",17,26556.88,4,0.95,0.96,0.81,4,1,1,0,1,34489.45,0
3758,15679284,Aksenov,Apprentice,08/09/2004,07/02/2022,,Blue Collar,Apprentice,Full Time,Fixed,Active,Low,Female,18,"0 Years, 10 Months",0,21299.95,4,0.26,0.63,0.89,0,0,0,1,0,21299.95,0
3759,15582910,Turnbull,Regional Air logistics Trainer Specialist,31/12/1997,19/04/2016,23/02/2018,White Collar,Permanent,Full Time,Fixed,Voluntarily Terminated,Medium,Male,25,"1 Years, 10 Months",1,27297.5,3,0.53,0.28,0.8,3,0,0,1,0,32114.7,1
3760,15688337,Dixon,Forklift Operator,26/06/2001,07/11/2019,,Blue Collar,Temporary,Full Time,Fixed,Active,Low,Male,21,"3 Years, 1 Months",3,23831.01,2,0.36,0.5,0.88,2,0,1,1,1,26478.9,0
3761,15734970,White,Customer Brokerage Specialist,17/07/1971,18/07/2019,,Blue Collar,Permanent,Full Time,Fixed,Active,Medium,Male,51,"3 Years, 5 Months",3,31413.62,1,0.98,0.76,0.72,1,1,0,0,0,34520.46,0
3762,15759140,Long,Project Coordinator,12/12/1956,20/03/2009,,White Collar,Permanent,Full Time,Fixed,Active,Low,Female,66,"13 Years, 8 Months",13,31106.45,4,0.26,0.84,0.49,3,0,1,0,1,37934.7,0
3763,15643042,Han,Customer Brokerage Specialist,05/02/1983,03/09/2022,,Blue Collar,Permanent,Full Time,Fixed,Active,Low,Female,40,"0 Years, 3 Months",0,35391.55,4,0.27,0.2,0.95,0,1,0,0,0,35391.55,0
3764,15773868,Belov,Gateway & Procurement Team Leader- Air Logistics,30/09/1986,31/12/2014,03/07/2016,White Collar,Permanent,Full Time,Fixed,Voluntarily Terminated,Medium,Female,36,"1 Years, 6 Months",1,34055.46,1,0.55,0.78,0.92,3,0,0,1,0,40065.25,1
3765,15615820,MacDonald,Trucking Team Leader- Air Logistics,09/06/1956,28/03/1984,,White Collar,Permanent,Full Time,Fixed,Active,Low,Male,66,"38 Years, 8 Months",38,21428.54,3,0.28,0.8,0.68,3,0,1,1,1,38265.25,0
3766,15730273,Parsons,Transport Controller,23/05/1978,23/11/2017,,Blue Collar,Temporary,Full Time,Fixed,Active,Low,Male,44,"5 Years, 0 Months",5,25718.97,4,0.3,0.94,0.57,3,0,0,1,0,27072.6,0
3767,15724890,Cross,Gateway & Procurement Specialist - Air Logistics,12/09/1989,14/01/2008,,Blue Collar,Permanent,Full Time,Fixed,Active,Low,Male,33,"14 Years, 11 Months",14,33058.96,2,0.37,0.44,0.74,1,0,0,0,0,35933.65,0
3768,15765952,Milanesi,Sea Logiscitcs Customer Care Specialist ,25/03/1983,23/08/2022,,Blue Collar,Permanent,Full Time,Fixed,Active,Medium,Male,39,"0 Years, 3 Months",0,32117.85,3,0.67,0.92,0.85,0,0,0,1,0,32117.85,0
3769,15685920,Lombardo,BI Developer,14/05/1955,03/11/2019,,White Collar,Permanent,Full Time,Flex and Fixed,Active,High,Male,67,"3 Years, 1 Months",3,61417.58,1,0.35,0.54,0.8,1,1,0,0,0,65337.85,0
3770,15663263,Collins,Perishable Operational Care Specialist - Air Logistics,28/02/1989,02/01/2018,,Blue Collar,Permanent,Full Time,Fixed,Active,Low,Male,34,"4 Years, 11 Months",4,32016.37,4,0.89,0.56,0.56,2,0,0,0,0,34800.4,0
3771,15568953,Alexeieva,Warehouse Quality Control Specialist - Air Logistics,24/10/1988,28/06/2016,,Blue Collar,Permanent,Full Time,Fixed,Active,Low,Male,34,"6 Years, 5 Months",6,23867.96,4,0.95,0.66,0.69,1,0,1,1,1,28079.95,0
3772,15643361,Cullen,Regional Air logistics Trainer Specialist,04/03/1968,29/12/2015,,White Collar,Permanent,Full Time,Fixed,Active,Medium,Male,55,"6 Years, 11 Months",6,30616.21,2,0.81,0.8,0.91,1,0,1,1,1,32920.66,0
3773,15699486,Johnson,IT System Engineer,19/04/1992,19/07/2016,,White Collar,Permanent,Full Time,Flex and Fixed,Active,Medium,Male,30,"6 Years, 4 Months",6,64977.74,3,0.9,0.6,0.81,2,1,1,1,1,69125.25,0
3774,15747854,Rudd,Technical Support Engineer,23/08/1960,19/05/1985,,White Collar,Permanent,Full Time,Flex and Fixed,Active,Medium,Female,62,"37 Years, 6 Months",37,57509.15,1,0.75,0.73,0.73,1,1,1,1,1,61179.95,0
3775,15691785,Findlay,Warehouse Quality Control Specialist - Air Logistics,02/02/1980,24/03/2013,14/10/2013,Blue Collar,Permanent,Full Time,Fixed,Voluntarily Terminated,Low,Male,43,"0 Years, 6 Months",0,23103.89,1,0.08,0.55,0.74,3,0,0,1,0,27181.05,1
3776,15709004,Mai,Project Coordinator,08/03/1960,10/02/1984,,White Collar,Permanent,Full Time,Fixed,Active,Medium,Male,63,"38 Years, 10 Months",38,31035.79,1,0.3,0.7,0.71,1,0,1,0,0,33016.8,0
3777,15652218,Morrison,Revenue Care Specialist- Air Logistics,19/08/1982,04/11/2021,,White Collar,Permanent,Full Time,Fixed,Active,Low,Male,40,"1  Years, 1 Months",1,38629,4,0.4,0.53,0.68,1,1,0,1,0,40662.1,0
3778,15697127,Monaldo,IT-Support,23/03/1981,13/11/2013,,White Collar,Permanent,Full Time,Fixed,Active,Low,Female,41,"9 Years, 1 Months",9,35576.56,1,0.44,0.9,0.94,2,0,1,1,1,40892.6,0
3779,15658486,Gidney,Inventory Clerk,15/10/2002,23/03/2020,,Blue Collar,Temporary,Full Time,Fixed,Active,Low,Female,20,"2 Years, 8 Months",2,22499.01,4,0.51,0.8,0.78,1,0,1,1,1,24998.9,0
3780,15694160,Sagese,Project Coordinator,10/05/1971,16/04/2014,,White Collar,Permanent,Full Time,Fixed,Active,Medium,Male,51,"8 Years, 8 Months",8,28974.25,2,0.75,0.51,0.6,2,0,0,0,0,34087.35,0
3781,15685290,Wall,Road Logistics Sales Representative,15/07/2004,06/04/2021,17/08/2022,White Collar,Permanent,Full Time,Fixed,Voluntarily Terminated,Low,Male,18,"1  Years, 8 Months",1,34028.99,2,0.28,0.86,0.96,1,0,0,1,0,36201.05,1
3782,15701042,Dalton,IT-Support,20/10/1980,24/06/2015,,White Collar,Permanent,Full Time,Fixed,Active,High,Female,42,"7 Years, 5 Months",7,31288.67,4,0.79,0.63,0.79,1,0,0,1,0,34383.15,0
3783,15680449,Hsing,National Perishable Air Logistics Development Manager Retail,29/06/1996,01/03/2017,16/05/2018,White Collar,Permanent,Full Time,Flex and Fixed,Voluntarily Terminated,Low,Female,26,"1 Years, 2 Months",1,31884.82,3,0.37,0.83,0.93,3,1,0,1,0,37511.55,1
3784,15599860,Warner,Sales Specialist-Air Logitics ,25/10/2002,03/10/2020,02/07/2022,Blue Collar,Permanent,Full Time,Fixed,Voluntarily Terminated,Medium,Female,20,"1 Years, 8 Months",1,33402.62,3,0.46,0.27,0.55,4,0,1,1,1,35534.7,1
3785,15723169,Williams,Pricing Analyst,23/05/1979,25/04/2019,,White Collar,Permanent,Part Time,Flex and Fixed,Active,High,Female,43,"3 Years, 7 Months",3,48220.2,1,0.78,0.8,0.57,1,1,0,1,0,49711.55,0
3786,15803842,Dunn,Analyst Programmer ,25/11/1979,09/07/2017,,White Collar,Permanent,Part Time,Flex and Fixed,Active,High,Female,43,"5 Years, 5 Months",5,58633.95,1,0.82,0.79,0.97,1,1,1,0,0,61719.95,0
3787,15728224,Kerr,Accounts Payable,27/07/1984,27/02/2006,04/09/2016,White Collar,Permanent,Part Time,Fixed,Voluntarily Terminated,Low,Female,38,"10 Years, 6 Months",10,32528.84,3,0.16,0.37,0.71,2,1,0,1,0,36143.15,1
3788,15644174,Marchesi,Stock Investigator & Analyst,16/05/1963,20/10/2013,21/06/2020,White Collar,Permanent,Part Time,Flex and Fixed,Voluntarily Terminated,High,Male,59,"6 Years, 8 Months",6,38962.05,1,0.18,0.85,0.9,2,1,1,1,1,47514.7,1
3789,15707110,Endrizzi,Accounts Payable,22/06/1985,01/05/1983,,White Collar,Permanent,Part Time,Fixed,Active,Low,Male,37,"39  Years, 7 Months",39,33186.05,3,0.29,0.76,0.56,3,1,0,1,0,35607.35,0
3790,15765415,King,Data Engineer,25/08/1977,04/11/2019,,White Collar,Permanent,Part Time,Flex and Fixed,Active,High,Female,45,"3 Years, 1 Months",3,68418.66,3,0.3,0.99,0.62,1,1,1,1,1,70534.7,0
3791,15756751,Griffiths,Human Resoruces Coordinator,02/08/1985,13/07/2009,09/10/2018,White Collar,Permanent,Part Time,Fixed,Voluntarily Terminated,High,Female,37,"9 Years, 2 Months",9,31479.02,4,0.54,0.55,0.63,2,0,1,1,1,32452.6,1
3792,15795151,Hartzler,Road Logistics Sales Representative,02/01/2004,14/03/2021,,White Collar,Permanent,Full Time,Fixed,Active,Medium,Female,19,"1  Years, 9 Months",1,30066.14,4,0.49,0.69,0.69,1,0,0,1,0,31985.25,0
3793,15632859,Chukwudi,Project Coordinator,27/04/1969,18/12/1983,,White Collar,Permanent,Full Time,Fixed,Active,High,Male,53,"39 Years, 0 Months",39,34953.35,2,0.4,0.68,1,3,0,1,0,1,37665.25,0
3794,15584037,Denisov,National Service Excellence Specialist- Air Logistics,17/03/2001,22/02/2021,30/09/2022,White Collar,Permanent,Full Time,Flex and Fixed,Voluntarily Terminated,Low,Male,21,"1  Years, 9 Months",1,27202.68,3,0.3,0.69,0.9,3,0,0,1,0,32003.15,1
3795,15621409,Endrizzi,Business Analyst,03/06/1959,10/11/2016,,White Collar,Permanent,Full Time,Flex and Fixed,Active,Medium,Male,63,"6 Years, 1 Months",6,47499.95,3,0.87,0.65,0.7,2,1,0,1,0,49999.95,0
3796,15581102,Baresi,Accounting Coordinator,01/02/1978,09/07/2014,,White Collar,Permanent,Full Time,Fixed,Active,High,Female,45,"8 Years, 5 Months",8,34160.06,2,0.28,0.17,0.88,3,1,1,0,1,37130.5,0
3797,15578096,Nnachetam,Accountant,16/09/1987,24/10/2014,,White Collar,Permanent,Full Time,Fixed,Active,Low,Male,35,"8 Years, 1 Months",8,28904.46,1,0.96,0.48,0.65,3,1,0,0,0,34005.25,0
3798,15669887,Lambert,National Perishable Air Logistics Development Manager Retail,13/10/1978,30/10/2018,06/05/2020,White Collar,Permanent,Full Time,Flex and Fixed,Voluntarily Terminated,Low,Female,44,"1 Years, 6 Months",1,35459.76,1,0.52,0.65,0.59,1,1,1,1,1,37723.15,1
3799,15621834,Game,Operations Specialist,02/12/1982,25/11/2013,,Blue Collar,Permanent,Full Time,Fixed,Active,Low,Female,40,"9 Years, 0 Months",9,28683.89,1,0.53,0.57,0.49,3,0,0,1,0,34558.9,0
3800,15655341,Chinagorom,Data Analyst,03/09/1985,12/07/1988,,White Collar,Permanent,Full Time,Flex and Fixed,Active,Medium,Female,37,"34 Years, 5 Months",34,47297.79,2,0.92,0.8,0.67,1,1,0,1,0,50316.8,0
3801,15685314,Noble,Human Resoruces Coordinator,09/12/1987,02/07/2016,,White Collar,Permanent,Full Time,Fixed,Active,Low,Female,35,"6 Years, 5 Months",6,30908.72,1,0.87,0.8,0.6,1,0,1,1,1,35940.37,0
3802,15653997,Haynes,Internal Trainer,25/09/1982,23/06/2020,,White Collar,Permanent,Full Time,Fixed,Active,Medium,Male,40,"2 Years, 5 Months",2,30157.44,4,0.91,0.5,0.6,1,0,0,0,0,32427.35,0
3803,15629551,Cattaneo,National Service Excellence Specialist- Air Logistics,08/05/1971,16/03/2013,,White Collar,Permanent,Full Time,Flex and Fixed,Active,Medium,Female,51,"9 Years, 9 Months",9,26624.62,3,0.36,0.95,0.87,1,0,1,0,1,32077.85,0
3804,15651264,Yobanna,Sea Logistics Pricing Coordinator,12/05/1979,21/05/2009,06/02/2013,White Collar,Permanent,Full Time,Fixed,Voluntarily Terminated,High,Male,43,"3 Years, 8 Months",3,29940.57,4,0.26,0.69,0.93,3,0,0,0,1,35224.2,1
3805,15760825,Fraser,Aerospace International Logistics Specialist,08/07/1984,02/05/2012,,Blue Collar,Permanent,Full Time,Fixed,Active,High,Female,38,"10  Years, 7 Months",10,31347.5,2,0.48,0.74,0.57,1,0,0,1,0,33348.4,0
3806,15597394,Rhodes,Gateway & Procurement Team Leader- Air Logistics,06/04/1958,12/06/1986,,White Collar,Permanent,Full Time,Fixed,Active,Medium,Male,64,"36 Years, 6 Months",36,23849.69,3,0.28,0.68,0.59,3,0,0,0,0,39097.85,0
3807,15740383,Jimenez,National Perishable Air Logistics Development Manager Retail,01/01/1955,20/07/1987,,White Collar,Permanent,Part Time,Flex and Fixed,Active,High,Female,68,"35 Years, 4 Months",35,18354.35,1,0.65,0.68,0.55,4,1,0,1,0,33371.55,0
3808,15670562,Pharr,Gateway & Procurement Team Leader- Air Logistics,09/04/1998,26/12/2016,,White Collar,Permanent,Part Time,Fixed,Active,Low,Male,24,"5 Years, 11 Months",5,36598.99,3,0.53,0.65,0.37,2,0,1,1,0,38525.25,0
3809,15698117,Jerger,Trucking Team Leader- Air Logistics,30/06/1963,26/10/1993,,White Collar,Permanent,Part Time,Fixed,Active,High,Male,59,"29 Years, 1 Months",29,34067.07,4,0.28,0.85,0.92,1,0,1,0,1,40078.9,0
3810,15694805,McIntyre,Operations Specialist,14/10/1997,19/03/2022,,Blue Collar,Permanent,Part Time,Fixed,Active,Low,Male,25,"0 Years, 8 Months",0,35456.8,1,0.53,0.49,0.48,0,0,1,0,1,35456.8,0
3811,15746802,Onio,Stock Investigator & Analyst,22/09/1987,27/11/2017,,White Collar,Permanent,Part Time,Flex and Fixed,Active,Low,Female,35,"5 Years, 0 Months",5,43919.47,1,0.91,0.19,0.8,1,1,0,1,0,48263.15,0
3812,15589428,Tomlinson,Perishable Operational Care Specialist - Air Logistics,03/10/1977,11/02/2017,,Blue Collar,Permanent,Part Time,Fixed,Active,Medium,Female,45,"5 Years, 10 Months",5,30730.98,4,0.96,0.95,0.61,3,0,0,1,0,32348.4,0
3813,15790267,Onuoha,Human Resoruces Coordinator,25/08/2000,20/04/2016,,White Collar,Permanent,Part Time,Fixed,Active,Low,Female,22,"6 Years, 7 Months",6,30377.56,2,0.84,0.63,0.62,1,0,1,0,1,34519.95,0
3814,15665402,Panicucci,Operations Specialist,11/09/1981,10/03/2020,,Blue Collar,Permanent,Part Time,Fixed,Active,Low,Male,41,"2  Years, 9 Months",2,33832.6,4,0.93,0.83,0.8,0,0,1,1,1,33832.6,0
3815,15642093,Piccio,Human Resoruces Coordinator,09/02/2001,10/04/2018,,White Collar,Permanent,Part Time,Fixed,Active,Medium,Male,22,"4 Years, 8 Months",4,33213.93,4,0.53,0.62,0.78,1,0,0,1,0,36102.1,0
3816,15666181,Ramsden,IT System Engineer,29/01/1985,17/05/2017,,White Collar,Permanent,Part Time,Flex and Fixed,Active,Medium,Male,38,"5 Years, 7 Months",5,63314.51,1,0.29,0.74,0.98,1,1,0,1,0,70349.45,0
3817,15602554,Vorobyova,Customer Care Specialist-Key Accounts,26/05/1977,02/12/2017,,White Collar,Permanent,Part Time,Fixed,Active,Medium,Female,45,"5 Years, 0 Months",5,29826.41,1,0.73,0.7,0.87,2,0,1,0,1,33893.65,0
3818,15724251,Todd,Inside Sales Executive/ Account Manager,02/08/2000,13/12/2020,31/03/2021,White Collar,Permanent,Part Time,Flex and Fixed,Voluntarily Terminated,High,Female,22,"2  Years, 0 Months",2,30541.82,3,0.26,0.28,0.38,3,1,0,0,0,35931.55,1
3819,15740147,Cremonesi,Warehouse Quality Control Specialist - Air Logistics,21/09/1983,14/12/2013,,Blue Collar,Permanent,Part Time,Fixed,Active,Low,Female,39,"9 Years, 0 Months",9,24072.31,1,0.45,0.39,0.56,2,0,1,0,1,28320.36,0
3820,15718289,Bradley,National Service Excellence Specialist- Air Logistics,22/06/1984,08/08/2016,26/08/2017,White Collar,Permanent,Part Time,Flex and Fixed,Voluntarily Terminated,Low,Male,38,"1 Years, 0 Months",1,31616.62,2,0.3,0.62,0.63,1,0,0,1,0,33634.7,1
3821,15763148,Stanley,Transport Controller,08/12/1962,27/10/1987,,Blue Collar,Temporary,Part Time,Fixed,Active,High,Male,60,"35 Years, 1 Months",35,26027.72,3,0.41,0.79,0.54,2,0,0,0,0,26558.9,0
3822,15685245,Jowett,Accounting Coordinator,19/06/1987,06/03/2013,,White Collar,Permanent,Part Time,Fixed,Active,High,Female,35,"9 Years, 9 Months",9,29404.01,1,0.79,0.87,0.74,2,1,1,0,1,33413.65,0
3823,15626985,Yefremova,Customer Servce Administrative Officer,27/03/1966,25/08/1998,,Blue Collar,Permanent,Part Time,Fixed,Active,High,Female,56,"24  Years, 3 Months",24,28470.86,4,0.35,0.29,0.75,4,0,0,1,0,34720.56,0
3824,15585823,Wilson,Account Manager ,05/08/1980,13/07/2016,,White Collar,Permanent,Part Time,Fixed,Active,Low,Male,42,"6 Years, 5 Months",6,33269.04,4,0.27,0.37,0.88,1,1,0,1,0,35392.6,0
3825,15728167,Abramovich,Perishable Warehouse Specialist - Air Logistics,11/03/1991,03/02/2019,,Blue Collar,Permanent,Part Time,Fixed,Active,High,Male,31,"3 Years, 10 Months",3,33215.86,4,0.84,0.68,0.55,2,0,0,0,0,36104.2,0
3826,15762928,Venables,Network Engineer,19/11/1955,07/03/2013,,White Collar,Permanent,Part Time,Flex and Fixed,Active,Medium,Male,67,"9 Years, 9 Months",9,64142.35,4,0.29,0.9,0.51,1,1,0,1,0,69719.95,0
3827,15751774,Monnier,Apprentice,21/07/2002,26/07/2022,,Blue Collar,Apprentice,Part Time,Fixed,Active,Low,Male,20,"0 Years, 4 Months",0,22715.75,3,0.88,0.97,0.65,0,0,1,1,1,22715.75,0
3828,15654733,Hsieh,Java Software Engineer ,20/10/1987,17/04/2016,03/04/2017,White Collar,Permanent,Part Time,Flex and Fixed,Voluntarily Terminated,Low,Male,35,"0 Years, 11 Months",0,55734.03,2,0.25,0.6,0.77,3,1,0,1,1,65569.45,1
3829,15809777,Gadsden,Customer Brokerage Specialist,30/04/1955,02/04/1984,,Blue Collar,Permanent,Part Time,Fixed,Active,Low,Female,67,"38 Years, 8 Months",38,20873.11,3,0.3,0.58,0.79,5,1,1,1,0,33666.3,0
3830,15744200,Ni,Warehouse Quality Control Specialist - Air Logistics,19/03/1983,24/01/2014,,Blue Collar,Permanent,Part Time,Fixed,Active,Low,Female,39,"8 Years, 10 Months",8,22417,3,0.98,0.83,0.86,2,0,0,1,0,24366.3,0
3831,15720713,Chibueze,Java Software Engineer ,03/11/1978,24/11/2019,,White Collar,Permanent,Part Time,Flex and Fixed,Active,High,Female,44,"3 Years, 0 Months",3,59915.23,4,0.43,0.83,0.73,2,1,1,1,1,65125.25,0
3832,15695356,Chinwemma,Pricing Analyst,18/04/1979,26/08/2014,,White Collar,Permanent,Part Time,Flex and Fixed,Active,Medium,Male,43,"8 Years, 3 Months",8,42595.16,3,0.39,0.94,0.71,1,1,0,1,0,48959.95,0
3833,15653315,Kang,Technical Support Engineer,06/02/1956,14/10/1997,,White Collar,Permanent,Part Time,Flex and Fixed,Active,Low,Female,67,"25 Years, 2 Months",25,38284.85,4,0.35,0.69,0.9,3,1,0,1,0,58007.35,0
3834,15604792,Kuo,Regional Air logistics Trainer Specialist,11/04/1996,22/06/2012,,White Collar,Permanent,Part Time,Fixed,Active,Medium,Male,26,"10  Years, 5 Months",10,29004.68,4,0.3,0.81,0.81,2,0,1,0,1,34123.15,0
3835,15704819,Ositadimma,Project Coordinator,08/11/1979,31/10/2019,,White Collar,Permanent,Part Time,Fixed,Active,Medium,Female,43,"3 Years, 1 Months",3,30364.07,1,0.86,0.19,0.5,1,0,0,0,0,33737.85,0
3836,15670859,Smith,Accountant,16/02/1971,10/10/2019,,White Collar,Permanent,Part Time,Fixed,Active,Medium,Female,52,"3 Years, 2 Months",3,33936.71,4,0.93,0.18,0.64,3,1,1,1,1,34986.3,0
3837,15602797,Okwudilichukwu,National Perishable Air Logistics Development Manager Retail,24/07/1998,10/09/2022,,White Collar,Permanent,Part Time,Flex and Fixed,Active,Low,Female,24,"0 Years, 3 Months",0,33291.55,4,0.86,0.58,0.63,0,1,1,0,1,33291.55,0
3838,15662533,Porter,Regional Air logistics Trainer Specialist,04/09/1999,28/08/2022,,White Collar,Permanent,Part Time,Fixed,Active,Medium,Female,23,"0 Years, 3 Months",0,34869.45,1,0.26,0.76,0.65,0,0,0,1,0,34869.45,0
3839,15778154,Kung,Software Engineer,02/12/1979,17/02/2015,10/07/2017,White Collar,Permanent,Part Time,Flex and Fixed,Voluntarily Terminated,Medium,Male,43,"2 Years, 4 Months",2,59026.66,3,0.27,0.26,0.47,2,1,1,0,1,67075.75,1
3840,15806230,Trevisano,Accountant,13/04/2000,25/03/2014,25/03/2016,White Collar,Permanent,Part Time,Fixed,Voluntarily Terminated,Medium,Male,22,"2 Years, 0 Months",2,27866.71,4,0.52,0.78,0.87,2,1,1,1,1,32403.15,1
3841,15662884,Naylor,Regional Air logistics Trainer Specialist,29/03/1990,18/02/2011,06/04/2016,White Collar,Permanent,Part Time,Fixed,Voluntarily Terminated,Low,Male,32,"5 Years, 1 Months",5,34314.48,3,0.27,0.71,0.56,3,0,1,0,1,35375.75,1
3842,15750778,Ponomarev,Perishable Operational Care Specialist - Air Logistics,21/04/2001,23/08/2014,12/06/2015,Blue Collar,Permanent,Part Time,Fixed,Voluntarily Terminated,Medium,Female,21,"0 Years, 9 Months",0,29688.25,3,0.18,0.26,0.61,4,0,1,1,1,34927.35,1
3843,15717185,Udinese,Perishable Customer Care Team Leader - Air Logistics,28/04/1972,22/06/2017,,White Collar,Permanent,Part Time,Fixed,Active,Medium,Male,50,"5 Years, 5 Months",5,36289.95,4,0.44,0.44,0.81,2,0,1,1,1,38199.95,0
3844,15677804,Aliyeva,National Perishable Air Logistics Development Manager Retail,11/04/1991,12/08/2015,09/08/2017,White Collar,Permanent,Part Time,Flex and Fixed,Voluntarily Terminated,High,Male,31,"1 Years, 11 Months",1,31968.88,2,0.13,0.26,0.69,1,1,1,1,1,34009.45,1
3845,15568915,Bailey,Transport Controller,12/11/1955,21/02/1986,,Blue Collar,Temporary,Part Time,Fixed,Active,Medium,Male,67,"36 Years, 9 Months",36,16288.99,4,0.87,0.75,0.57,2,0,0,1,0,25451.55,0
3846,15736495,Jackson,Forklift Operator,08/03/2002,02/03/2019,,Blue Collar,Temporary,Part Time,Fixed,Active,Medium,Male,20,"3 Years, 9 Months",3,23072.54,3,0.28,0.64,0.9,1,0,0,1,0,25924.2,0
3847,15737354,Yin,National Air Logistics Pharma Compliance Specialist,05/09/1997,16/08/2012,,Blue Collar,Permanent,Part Time,Fixed,Active,High,Female,25,"10  Years, 4 Months",10,27654.71,2,0.3,0.79,0.71,5,0,1,1,1,33725.25,0
3848,15667889,Akobundu,Road Logistics Sales Representative,16/01/2004,29/10/2021,,White Collar,Permanent,Part Time,Fixed,Active,Medium,Female,19,"1  Years, 1 Months",1,31162.4,4,0.7,0.96,0.61,1,0,0,1,0,32460.83,0
3849,15577831,Byrne,Accountant,27/11/1988,07/08/2014,,White Collar,Permanent,Part Time,Fixed,Active,Low,Male,34,"8 Years, 4 Months",8,30345.81,4,1,0.63,1,1,1,0,0,0,34880.24,0
3850,15729836,Robinson,Perishable Warehouse Specialist - Air Logistics,17/08/1966,30/06/2009,,Blue Collar,Permanent,Part Time,Fixed,Active,Low,Male,56,"13 Years, 5 Months",13,29054.27,4,0.3,0.65,0.55,1,0,0,1,0,32645.25,0
3851,15775293,Stephenson,Business Analyst,05/09/1968,27/03/2003,,White Collar,Permanent,Part Time,Flex and Fixed,Active,High,Male,54,"19  Years, 8 Months",19,41960.6,3,0.26,0.76,0.81,1,1,0,1,0,45022.1,0
3852,15697597,Chiemenam,National Perishable Air Logistics Development Manager Retail,27/08/1998,10/12/2016,,White Collar,Permanent,Part Time,Flex and Fixed,Active,Low,Male,24,"6 Years, 0 Months",6,33822.1,4,0.93,0.26,0.9,1,1,1,0,0,36763.15,0
3853,15639669,Forbes,Project Coordinator,07/06/1981,15/08/2013,,White Collar,Permanent,Part Time,Fixed,Active,Medium,Male,41,"9 Years, 4 Months",9,30537.19,3,0.26,0.84,0.73,1,0,1,1,1,33192.6,0
3854,15631392,Douglas,Cloud Service Analyst,12/03/1983,07/09/2014,,White Collar,Permanent,Part Time,Flex and Fixed,Active,High,Male,39,"8 Years, 3 Months",8,53776.36,4,0.43,0.74,0.77,1,1,1,0,1,63266.3,0
3855,15580935,Okechukwu,Aerospace International Logistics Specialist,14/01/1997,14/09/2021,,Blue Collar,Permanent,Part Time,Fixed,Active,High,Male,26,"1  Years, 3 Months",1,31318.98,3,0.27,0.53,0.45,1,0,0,1,0,32967.35,0
3856,15590344,Russell,IT-Support,08/06/1989,11/12/2015,,White Collar,Permanent,Part Time,Fixed,Active,Low,Male,33,"7 Years, 0 Months",7,31927.37,4,0.3,0.7,0.56,2,0,1,1,1,34330.5,0
3857,15653306,Ermakova,Sea Logiscitcs Customer Care Specialist ,08/01/1972,29/02/2020,,Blue Collar,Permanent,Part Time,Fixed,Active,Low,Female,51,"2 Years, 9 Months",2,31190.9,3,0.26,0.62,0.69,1,0,0,0,0,33903.15,0
3858,15805025,Oster,Accounts Payable,29/01/1981,09/05/2022,,White Collar,Permanent,Part Time,Fixed,Active,High,Female,42,"0 Years, 7 Months",0,37940.37,2,0.38,0.71,0.68,0,1,1,1,1,37940.37,0
3859,15658449,Chizoba,Sales Account Manager,29/04/1996,11/04/2018,,White Collar,Permanent,Part Time,Fixed,Active,Medium,Male,26,"4 Years, 8 Months",4,34952.06,4,0.3,0.5,0.65,3,1,1,0,1,36408.4,0
3860,15694450,Bianchi,Cloud Service Analyst,02/03/1987,12/04/2012,,White Collar,Permanent,Part Time,Flex and Fixed,Active,Low,Male,36,"10  Years, 8 Months",10,59004.95,1,0.38,0.53,0.5,3,1,0,1,0,65561.05,0
3861,15605666,Peyser,Transport Controller,10/04/1979,27/08/2018,,Blue Collar,Temporary,Part Time,Fixed,Active,High,Female,43,"4 Years, 3 Months",4,22797.08,2,0.54,0.88,0.89,2,0,1,1,1,25614.7,0
3862,15615126,Cocci,Regional Air logistics Trainer Specialist,06/03/1970,21/10/2001,30/09/2021,White Collar,Permanent,Part Time,Fixed,Voluntarily Terminated,Medium,Female,53,"19 Years, 11 Months",19,30857.77,3,0.35,0.79,0.83,2,0,0,0,0,33541.05,1
3863,15726588,Seleznev,Apprentice,26/07/2004,01/09/2022,,Blue Collar,Apprentice,Full Time,Fixed,Active,High,Female,18,"0 Years, 3 Months",0,22476.8,3,0.28,0.69,0.89,0,0,0,1,0,22476.8,0
3864,15645095,Huang,Cloud Service Analyst,15/07/1960,30/05/1995,,White Collar,Permanent,Full Time,Flex and Fixed,Active,High,Female,62,"27 Years, 6 Months",27,53553.07,2,0.73,0.57,0.96,2,1,0,1,0,63753.65,0
3865,15808960,Alleyne,Revenue Care Specialist- Air Logistics,08/04/1957,29/05/2003,,White Collar,Permanent,Full Time,Fixed,Active,Medium,Male,65,"19 Years, 6 Months",19,33787.76,4,0.3,0.68,0.8,1,1,0,1,0,42234.7,0
3866,15729435,McKenzie,Account Manager ,09/02/1984,28/09/2018,,White Collar,Permanent,Full Time,Fixed,Active,Medium,Male,39,"4 Years, 2 Months",4,30785.13,1,0.28,0.6,0.82,2,1,1,1,0,33462.1,0
3867,15656840,Zikoranachukwudimma,Regional Air logistics Trainer Specialist,12/01/1990,08/04/2015,,White Collar,Permanent,Full Time,Fixed,Active,Low,Female,33,"7 Years, 8 Months",7,30963.78,4,0.5,0.7,0.9,1,0,1,1,1,34404.2,0
3868,15659149,King,National Air Logistics Gateway Trade Lane Specialist,13/04/1961,15/03/2006,,White Collar,Permanent,Full Time,Fixed,Active,Medium,Male,61,"16 Years, 9 Months",16,31290.91,3,0.89,0.71,0.76,2,0,0,1,0,32594.7,0
3869,15585490,Nkemdilim,Transport Controller,13/11/1966,22/01/2009,,Blue Collar,Temporary,Full Time,Fixed,Active,Low,Female,56,"13 Years, 10 Months",13,26813.31,3,0.3,0.49,0.51,2,0,1,0,1,28893.65,0
3870,15674929,Anderson,Sea Logiscitcs Customer Care Specialist ,18/06/1962,18/05/2005,,Blue Collar,Permanent,Full Time,Fixed,Active,Low,Female,60,"17 Years, 7 Months",17,28846.28,3,0.26,0.74,0.7,3,0,0,0,0,32411.55,0
3871,15746341,Ejikemeifeuwa,Apprentice,02/07/2004,03/03/2022,,Blue Collar,Apprentice,Full Time,Fixed,Active,Medium,Male,18,"0 Years, 9 Months",0,23527.35,4,0.47,0.2,0.93,0,0,1,1,1,23527.35,0
3872,15662091,Adams,BI Developer,22/04/1979,05/05/2014,,White Collar,Permanent,Full Time,Flex and Fixed,Active,High,Male,43,"8 Years, 7 Months",8,56131.94,3,0.72,0.57,0.5,2,1,1,1,1,63786.3,0
3873,15620123,Christie,National Air Logistics Gateway Operations Manager,23/02/1981,27/05/2021,,White Collar,Permanent,Full Time,Flex and Fixed,Active,Medium,Male,42,"1  Years, 6 Months",1,71541.05,4,0.94,0.83,0.48,0,1,0,0,0,71541.05,0
3874,15616240,Yeh,BI Developer,20/06/1969,23/06/2015,,White Collar,Permanent,Full Time,Flex and Fixed,Active,Low,Male,53,"7  Years, 5 Months",7,48461.5,4,0.99,0.22,0.64,2,1,1,1,1,58387.35,0
3875,15624186,McGregor,Business Analyst,03/01/1968,02/12/1995,,White Collar,Permanent,Full Time,Flex and Fixed,Active,Medium,Female,55,"27 Years, 0 Months",27,45111.89,2,0.57,0.67,0.57,3,1,1,0,1,46991.55,0
3876,15605036,Pisano,Project Manager,19/04/1977,06/06/2021,,White Collar,Permanent,Full Time,Flex and Fixed,Active,High,Female,45,"1  Years, 6 Months",1,38502.98,4,0.35,0.54,0.84,1,1,1,1,1,40529.45,0
3877,15805151,Ginikanwa,Perishable Operational Care Specialist - Air Logistics,15/05/1996,27/05/2012,,Blue Collar,Permanent,Full Time,Fixed,Active,Low,Male,26,"10  Years, 6 Months",10,26064.06,4,0.48,0.54,0.53,4,0,1,1,1,32177.85,0
3878,15753847,Hawkins,Warehouse Specialist - Air Logistics,23/06/1978,13/08/2016,11/12/2020,Blue Collar,Temporary,Full Time,Fixed,Voluntarily Terminated,High,Male,44,"4 Years, 3 Months",4,24224.82,2,0.46,0.64,0.61,10,0,1,0,1,27218.9,1
3879,15653222,Otutodilichukwu,Apprentice,24/05/2004,04/08/2022,,Blue Collar,Apprentice,Full Time,Fixed,Active,Medium,Female,18,"0 Years, 4 Months",0,21153.65,2,0.72,0.23,0.84,0,0,1,1,1,21153.65,0
3880,15757541,Rickard,Accountant,23/01/1989,08/04/2017,06/08/2018,White Collar,Permanent,Full Time,Fixed,Voluntarily Terminated,High,Female,34,"1 Years, 3 Months",1,30253.71,3,0.27,0.88,0.87,4,1,0,0,0,35592.6,1
3881,15726945,Andreev,Perishable Warehouse Specialist - Air Logistics,20/11/1994,04/07/2022,,Blue Collar,Permanent,Full Time,Fixed,Active,Medium,Female,28,"0 Years, 5 Months",0,35224.2,2,0.37,0.83,0.54,0,0,1,1,1,35224.2,0
3882,15794276,Steele,Stock Investigator & Analyst,20/11/1984,25/10/2018,,White Collar,Permanent,Full Time,Flex and Fixed,Active,Low,Female,38,"4 Years, 1 Months",4,42127.22,3,0.28,0.88,0.67,2,1,1,1,1,46293.65,0
3883,15568328,Black,Aerospace International Logistics Specialist,04/11/1962,16/06/1993,,Blue Collar,Permanent,Full Time,Fixed,Active,Medium,Female,60,"29 Years, 6 Months",29,29356.74,3,0.79,0.9,0.85,2,0,1,1,1,35800.9,0
3884,15604355,Shand,Gateway & Procurement Specialist - Air Logistics,20/10/1991,14/11/2013,,Blue Collar,Permanent,Full Time,Fixed,Active,Low,Male,31,"9 Years, 1 Months",9,28851.94,3,0.3,0.49,0.61,2,0,1,1,1,32786.3,0
3885,15735788,Chiagoziem,Cloud Service Analyst,24/01/1982,19/08/2020,,White Collar,Permanent,Full Time,Flex and Fixed,Active,Medium,Male,41,"2 Years, 3 Months",2,57734.22,2,0.95,0.55,0.49,1,1,1,1,1,63444.2,0
3886,15618255,Fedorov,Customer Care Specialist-Key Accounts,30/09/1999,06/06/2015,21/02/2021,White Collar,Permanent,Full Time,Fixed,Voluntarily Terminated,High,Female,23,"5 Years, 8 Months",5,29012.19,3,0.27,0.92,0.69,1,0,0,1,0,32968.4,1
3887,15720941,Tien,Sea Logiscitcs Customer Care Specialist ,09/10/1997,12/04/2015,,Blue Collar,Permanent,Full Time,Fixed,Active,Medium,Male,25,"7 Years, 8 Months",7,28712.74,2,0.99,0.72,0.67,2,0,1,0,1,33003.15,0
3888,15769110,Stehle,National Service Excellence Specialist- Air Logistics,11/04/1995,31/08/2021,,White Collar,Permanent,Full Time,Flex and Fixed,Active,Low,Female,27,"1  Years, 3 Months",1,36388.4,3,0.26,0.63,0.5,0,0,0,1,0,36388.4,0
3889,15576094,Sung,Accountant,25/03/1983,08/10/2021,,White Collar,Permanent,Full Time,Fixed,Active,High,Male,39,"1  Years, 2 Months",1,31537.96,4,0.3,0.98,0.66,1,1,1,0,1,33197.85,0
3890,15756150,Alexander,Perishable Customer Care Team Leader - Air Logistics,14/06/1998,28/06/2020,,White Collar,Permanent,Full Time,Fixed,Active,High,Female,24,"2 Years, 5 Months",2,37752.62,4,0.28,0.76,0.52,2,0,0,0,0,41947.35,0
3891,15719579,McIntosh,Senior DevOps Engineer,09/06/1979,17/06/2018,,White Collar,Permanent,Full Time,Flex and Fixed,Active,High,Female,43,"4 Years, 6 Months",4,65690.26,3,0.29,0.42,0.56,3,1,1,0,1,68427.35,0
3892,15748854,Sung,Road Logistics Sales Representative,28/02/2003,06/02/2022,,White Collar,Permanent,Full Time,Fixed,Active,Medium,Female,20,"0 Years, 10 Months",0,32272.6,4,0.26,0.58,0.65,0,0,0,1,0,32272.6,0
3893,15612455,Yao,Warehouse Quality Control Specialist - Air Logistics,05/12/1997,13/08/2017,,Blue Collar,Permanent,Full Time,Fixed,Active,Medium,Male,25,"5 Years, 4 Months",5,25972.95,3,0.56,0.85,0.82,3,0,1,1,1,27339.95,0
3894,15664802,Chinweuba,Accountant,04/01/1956,21/10/2018,,White Collar,Permanent,Full Time,Fixed,Active,Low,Female,67,"4 Years, 1 Months",4,30642.07,2,0.29,0.67,0.95,1,1,0,0,0,33672.6,0
3895,15735687,Chinweuba,Cloud Service Analyst,09/05/1957,05/09/2014,,White Collar,Permanent,Full Time,Flex and Fixed,Active,Low,Male,65,"8  Years, 3 Months",8,52722.81,4,0.48,0.58,1,3,1,0,1,0,62765.25,0
3896,15664734,T'ao,BI Developer,10/01/1980,06/07/2022,,White Collar,Permanent,Full Time,Flex and Fixed,Active,Medium,Female,43,"0 Years, 5 Months",0,59128.4,2,0.97,0.84,0.76,0,1,1,1,1,59128.4,0
3897,15767894,Ch'ien,Human Resoruces Coordinator,03/08/1989,07/11/2012,,White Collar,Permanent,Full Time,Fixed,Active,Low,Female,33,"10  Years, 1 Months",10,26923.59,4,0.27,0.56,0.68,3,0,1,0,1,32833.65,0
3898,15666884,Su,Apprentice,27/02/2004,19/04/2022,,Blue Collar,Apprentice,Full Time,Fixed,Active,Low,Female,19,"0 Years, 7 Months",0,23411.55,4,0.39,0.63,0.83,0,0,0,1,0,23411.55,0
3899,15750156,Yu,Warehouse Quality Control Specialist - Air Logistics,07/03/2000,21/04/2021,17/04/2022,Blue Collar,Permanent,Full Time,Fixed,Voluntarily Terminated,Low,Male,22,"1  Years, 7 Months",1,20410.71,3,0.22,0.51,0.92,4,0,0,1,1,24012.6,1
3900,15751120,Loyau,Stock Investigator & Analyst,15/03/1960,22/08/2001,,White Collar,Permanent,Full Time,Flex and Fixed,Active,Low,Female,63,"21 Years, 3 Months",21,47478.76,2,0.53,0.95,0.81,1,1,0,1,0,51607.35,0
3901,15575748,Conti,Sea Logiscitcs Customer Care Specialist ,10/07/2000,10/05/2018,,Blue Collar,Permanent,Full Time,Fixed,Active,Medium,Male,22,"4 Years, 7 Months",4,34091.31,3,0.26,0.85,0.55,1,0,1,0,1,36267.35,0
3902,15714610,Alexeeva,Operations Specialist,09/02/1981,28/06/2021,,Blue Collar,Permanent,Full Time,Fixed,Active,High,Male,42,"1 Years, 5 Months",1,32369.45,4,0.36,0.73,0.78,0,0,1,1,1,32369.45,0
3903,15720305,Power,National Perishable Air Logistics Development Manager Retail,04/07/1991,25/04/2015,05/09/2020,White Collar,Permanent,Full Time,Flex and Fixed,Voluntarily Terminated,Medium,Female,31,"5 Years, 4 Months",5,33252.62,3,0.47,0.2,0.49,2,1,1,0,1,36947.35,1
3904,15678129,Hill,Recruiter,25/12/1977,15/01/2018,,White Collar,Permanent,Full Time,Fixed,Active,Low,Female,45,"4 Years, 11 Months",4,36395.01,1,0.29,0.78,0.79,1,0,0,1,0,40438.9,0
3905,15566633,Freeman,National Perishable Air Logistics Development Manager Seafood,29/09/1956,15/01/2005,,White Collar,Permanent,Full Time,Flex and Fixed,Active,Medium,Male,66,"17 Years, 11 Months",17,28117.32,2,0.3,0.83,0.8,5,1,1,1,1,35591.55,0
3906,15680436,Hsing,Perishable Apprentice- Air Logistics,27/10/2003,15/07/2022,,Blue Collar,Apprentice,Full Time,Fixed,Active,High,Female,19,"0 Years, 5 Months",0,21277.85,2,0.38,0.87,0.56,0,0,0,1,0,21277.85,0
3907,15674343,Esposito,Senior DevOps Engineer,04/11/1957,27/03/2021,,White Collar,Permanent,Full Time,Flex and Fixed,Active,Low,Male,65,"1 Years, 8 Months",1,70892.6,4,0.6,0.98,0.99,0,1,1,0,0,70892.6,0
3908,15658890,Belonwu,National Air Logistics Gateway Trade Lane Specialist,22/04/1970,01/09/1995,,White Collar,Permanent,Full Time,Fixed,Active,Medium,Male,52,"27 Years, 3 Months",27,30354.18,3,0.29,1,0.81,3,0,1,1,0,32638.9,0
3909,15599004,Tsao,Business Development Manager,19/02/1982,19/04/2019,,White Collar,Permanent,Full Time,Flex and Fixed,Active,Medium,Male,41,"3 Years, 7 Months",3,48411.15,3,0.27,0.7,0.55,1,1,1,1,1,49908.4,0
3910,15726487,P'eng,National Perishable Air Logistics Development Manager Retail,24/11/1977,22/01/2019,,White Collar,Permanent,Full Time,Flex and Fixed,Active,Low,Male,45,"3 Years, 10 Months",3,36802.82,4,0.28,0.62,0.88,3,1,1,1,1,37941.05,0
3911,15698716,Baker,Trucking Specialist - Air Logistics,03/07/1998,03/06/2021,02/10/2022,Blue Collar,Permanent,Full Time,Fixed,Voluntarily Terminated,High,Female,24,"1  Years, 6 Months",1,32450.77,3,0.27,0.67,0.72,4,0,0,1,0,34522.1,1
3912,15710527,Matthews,Transport Controller,04/03/1986,08/04/2016,,Blue Collar,Temporary,Full Time,Fixed,Active,Medium,Female,37,"6 Years, 8 Months",6,25406.7,4,0.28,0.86,0.96,3,0,1,1,1,27028.4,0
3913,15655590,Garcia,Sales Account Manager,08/08/1979,04/02/2002,,White Collar,Permanent,Full Time,Fixed,Active,Medium,Male,43,"20  Years, 10 Months",20,25638.72,3,0.3,0.44,0.57,1,1,0,0,0,32048.4,0
3914,15732266,Field,Gateway & Procurement Specialist - Air Logistics,12/09/1978,06/04/2010,19/06/2014,Blue Collar,Permanent,Full Time,Fixed,Voluntarily Terminated,Low,Male,44,"4 Years, 2 Months",4,30889.73,2,0.51,0.19,0.86,1,0,0,1,0,32176.8,1
3915,15669326,Gordon,Business Development Executive,26/07/1978,06/05/2013,,White Collar,Permanent,Full Time,Flex and Fixed,Active,High,Male,44,"9 Years, 7 Months",9,34069.3,2,0.83,0.76,0.83,1,0,1,1,1,41047.35,0
3916,15672246,Jefferies,National Air Logistics Healthcare Manager ,02/08/1969,11/01/1988,,White Collar,Permanent,Full Time,Flex and Fixed,Active,Medium,Male,53,"34 Years, 11 Months",34,66121.45,3,0.27,0.89,0.93,3,1,1,1,1,72660.93,0
3917,15620276,Palermo,Road Logistics Sales Representative,27/02/2003,25/04/2021,,White Collar,Permanent,Full Time,Fixed,Active,Medium,Male,20,"1 Years, 7 Months",1,33795.75,2,0.76,0.25,0.97,0,0,1,1,1,33795.75,0
3918,15640258,Chou,National Air Logistics Gateway Operations Manager,28/11/1982,15/07/2011,29/04/2019,White Collar,Permanent,Full Time,Flex and Fixed,Voluntarily Terminated,High,Female,40,"11  Years, 5 Months",11,69049.99,4,0.5,0.68,1,1,1,1,1,1,72684.2,1
3919,15740283,Ewing,Senior DevOps Engineer,05/10/1960,25/11/2018,,White Collar,Permanent,Full Time,Flex and Fixed,Active,Medium,Male,62,"4 Years, 0 Months",4,69365.43,4,0.51,0.38,0.5,2,1,0,0,0,70781.05,0
3920,15759717,Mazzi,Data Engineer,16/06/1959,14/02/2019,,White Collar,Permanent,Full Time,Flex and Fixed,Active,Low,Female,63,"3  Years, 10 Months",3,62981.96,4,0.8,0.64,0.95,1,1,0,1,0,69979.95,0
3921,15620268,Thomson,Forklift Operator,26/09/2004,25/05/2021,,Blue Collar,Temporary,Full Time,Fixed,Active,High,Male,18,"1  Years, 6 Months",1,25876.8,4,0.3,0.76,0.62,0,0,0,1,0,25876.8,0
3922,15743871,Nkemdirim,Gateway & Procurement Team Leader- Air Logistics,23/08/1997,24/08/2019,24/10/2020,White Collar,Permanent,Full Time,Fixed,Voluntarily Terminated,High,Male,25,"1 Years, 2 Months",1,34261.25,1,0.29,0.26,0.45,4,0,0,1,0,40307.35,1
3923,15614491,Lockyer,Account Manager ,11/05/1996,28/03/2020,,White Collar,Permanent,Full Time,Fixed,Active,High,Male,26,"2 Years, 8 Months",2,32591.23,2,0.28,0.69,0.67,1,1,0,1,0,35425.25,0
3924,15595047,Murray,Sea Logiscitcs Customer Care Specialist ,16/08/1996,22/02/2019,,Blue Collar,Permanent,Full Time,Fixed,Active,Medium,Male,26,"3 Years, 9 Months",3,31569.52,4,0.78,0.98,0.66,2,0,0,0,0,34314.7,0
3925,15732334,Black,Recruiter,02/03/1963,12/09/2009,,White Collar,Permanent,Full Time,Fixed,Active,Medium,Female,60,"13 Years, 3 Months",13,37542.76,3,0.38,0.86,0.83,1,0,0,1,0,40807.35,0
3926,15701206,Torreggiani,Recruiter,03/08/1968,21/07/1998,,White Collar,Permanent,Full Time,Fixed,Active,Low,Male,54,"24  Years, 4 Months",24,33478.67,1,0.71,0.14,0.68,2,0,0,1,0,40335.75,0
3927,15581280,Atkinson,Account Manager ,09/02/2000,03/07/2016,,White Collar,Permanent,Full Time,Fixed,Active,Low,Male,23,"6 Years, 5 Months",6,28747.09,2,0.53,0.58,0.63,2,1,1,1,1,33820.11,0
3928,15651943,Richards,Analyst Programmer ,17/05/1978,09/12/2019,,White Collar,Permanent,Full Time,Flex and Fixed,Active,Low,Female,44,"3 Years, 0 Months",3,52601.74,2,0.29,0.63,0.97,2,1,1,0,1,59774.7,0
3929,15609545,Azubuike,Accounting Coordinator,04/10/1979,25/01/2016,,White Collar,Permanent,Full Time,Fixed,Active,Medium,Male,43,"6 Years, 10 Months",6,34621.44,3,0.36,0.7,0.91,1,1,1,0,1,37227.35,0
3930,15658548,Ignatiev,Operations Specialist,10/04/1997,08/08/2018,,Blue Collar,Permanent,Full Time,Fixed,Active,Medium,Female,25,"4 Years, 4 Months",4,31934.64,4,0.29,0.73,0.62,1,0,0,1,0,33265.25,0
3931,15626008,Miller,Sales Account Manager,19/09/1956,06/05/2000,18/02/2022,White Collar,Permanent,Full Time,Fixed,Voluntarily Terminated,High,Female,66,"21 Years, 9 Months",21,24461.87,3,0.29,0.25,0.52,1,1,1,1,1,37633.65,1
3932,15774133,Cox,Accounting Coordinator,01/02/1981,31/07/2019,,White Collar,Permanent,Full Time,Fixed,Active,Medium,Female,42,"3 Years, 4 Months",3,30837.39,4,0.37,0.17,0.61,2,1,1,0,1,33518.9,0
3933,15763798,McMillan,Java Software Engineer ,10/10/1960,07/04/1996,,White Collar,Permanent,Full Time,Flex and Fixed,Active,Low,Male,62,"26 Years, 8 Months",26,55496.57,1,0.47,0.86,0.73,1,1,1,0,1,66067.35,0
3934,15758013,Napolitano,Perishable Warehouse Specialist - Air Logistics,07/08/1978,15/10/2018,,Blue Collar,Permanent,Full Time,Fixed,Active,Low,Male,44,"4 Years, 2 Months",4,34669.17,3,0.5,0.59,0.73,1,0,0,0,0,36882.1,0
3935,15705765,Lane,National Perishable Air Logistics Development Manager Retail,14/01/1956,08/05/2016,,White Collar,Permanent,Full Time,Flex and Fixed,Active,Medium,Female,67,"6 Years, 7 Months",6,32425.95,2,0.4,0.22,0.51,1,1,0,1,0,36433.65,0
3936,15648362,Kennedy,Gateway & Procurement Team Leader- Air Logistics,01/04/1982,30/06/2018,14/06/2020,White Collar,Permanent,Full Time,Fixed,Voluntarily Terminated,High,Male,40,"1 Years, 11 Months",1,35343.89,1,0.29,0.55,0.57,4,0,0,1,0,41581.05,1
3937,15761102,T'ao,Account Manager ,09/07/1992,03/01/2014,,White Collar,Permanent,Full Time,Fixed,Active,High,Female,30,"8 Years, 11 Months",8,29932.27,4,0.29,0.74,0.6,3,1,0,0,0,35633.65,0
3938,15610165,Hsiung,Trucking Team Leader- Air Logistics,09/05/1974,11/11/2019,,White Collar,Permanent,Full Time,Fixed,Active,Low,Female,48,"3 Years, 1 Months",3,38594.95,3,0.86,0.55,0.54,1,0,1,1,1,41499.95,0
3939,15723717,Heath,Transport Controller,02/03/1990,22/01/2018,14/11/2018,Blue Collar,Temporary,Full Time,Fixed,Voluntarily Terminated,High,Male,33,"0 Years, 9 Months",0,20976.17,1,0.28,0.67,0.94,4,0,0,0,1,24677.85,1
3940,15654611,Parry,Internal Trainer,24/07/1979,14/11/2013,,White Collar,Permanent,Full Time,Fixed,Active,High,Female,43,"9 Years, 1 Months",9,28841.74,4,0.27,0.64,0.8,3,0,0,1,0,32774.7,0
3941,15659736,Herbert,Sea Logiscitcs Customer Care Specialist ,26/01/1955,18/08/1994,07/09/2021,Blue Collar,Permanent,Full Time,Fixed,Voluntarily Terminated,High,Male,68,"27 Years, 0 Months",27,25935.73,3,0.26,0.58,0.71,3,0,0,0,0,35528.4,1
3942,15603170,Kang,Inside Sales Executive/ Account Manager,14/09/2000,26/04/2017,27/12/2017,White Collar,Permanent,Full Time,Flex and Fixed,Voluntarily Terminated,Medium,Male,22,"0 Years, 8 Months",0,31194.96,4,0.29,0.9,0.6,4,1,0,1,0,36699.95,1
3943,15786167,Andreyeva,Forklift Operator,02/02/2003,13/04/2020,,Blue Collar,Temporary,Full Time,Fixed,Active,Low,Male,20,"2 Years, 8 Months",2,23973.89,4,0.27,0.89,0.9,2,0,1,1,0,24463.15,0
3944,15671915,Bowen,Internal Trainer,21/08/1983,04/11/2012,,White Collar,Permanent,Full Time,Fixed,Active,High,Male,39,"10  Years, 1 Months",10,32924.84,2,0.84,0.74,0.37,1,0,1,1,1,36583.15,0
3945,15794792,Golubev,Customer Servce Administrative Officer,11/04/1956,25/09/2003,,Blue Collar,Permanent,Full Time,Fixed,Active,High,Female,66,"19 Years, 2 Months",19,26421.51,3,0.26,0.78,0.91,4,0,1,1,1,34313.65,0
3946,15652789,Hancock,Gateway & Procurement Specialist - Air Logistics,17/02/1975,21/07/2019,,Blue Collar,Permanent,Full Time,Fixed,Active,High,Male,48,"3 Years, 4 Months",3,30735.98,4,0.48,0.97,0.53,1,0,1,1,1,32697.85,0
3947,15739168,Fowler,National Air Logistics Pharma Compliance Specialist,28/11/1958,03/03/2006,,Blue Collar,Permanent,Part Time,Fixed,Active,Low,Female,64,"16 Years, 9 Months",16,27062.87,4,0.85,0.52,0.92,8,0,1,0,1,34256.8,0
3948,15719950,Sutherland,Customer Care Specialist-Key Accounts,04/09/1959,25/08/2000,,White Collar,Permanent,Full Time,Fixed,Active,Medium,Male,63,"22 Years, 3 Months",22,30541.06,2,0.47,0.99,0.86,1,0,1,1,0,33196.8,0
3949,15743818,Rowley,National Perishable Air Logistics Development Manager Retail,07/10/1980,23/07/2018,,White Collar,Permanent,Full Time,Flex and Fixed,Active,High,Male,42,"4 Years, 4 Months",4,31030.22,1,0.92,0.76,0.44,2,1,1,0,1,32323.15,0
3950,15717937,Gibbons,Accounting Coordinator,04/12/1991,19/10/2020,,White Collar,Permanent,Full Time,Fixed,Active,High,Male,31,"2 Years, 1 Months",2,30181.33,3,0.98,0.69,0.96,1,1,0,0,0,33166.3,0
3951,15602841,Lockett,Gateway & Procurement Specialist - Air Logistics,07/08/1959,11/12/1993,,Blue Collar,Permanent,Full Time,Fixed,Active,Medium,Female,63,"29 Years, 0 Months",29,30933.3,2,0.46,0.59,0.69,2,0,1,0,1,33623.15,0
3952,15619972,Akabueze,IT System Engineer,13/12/1986,09/05/2016,22/02/2020,White Collar,Permanent,Full Time,Flex and Fixed,Voluntarily Terminated,Low,Female,36,"3 Years, 9 Months",3,58645.64,2,0.48,0.95,0.63,1,1,0,0,0,68192.6,1
3953,15796114,Phelps,Trucking Team Leader- Air Logistics,03/06/1980,10/12/2016,,White Collar,Permanent,Full Time,Fixed,Active,Medium,Female,42,"6 Years, 0 Months",6,39784.75,4,0.66,0.69,0.81,2,0,0,0,0,42324.2,0
3954,15633546,Frederick,Transport Controller,16/09/1998,18/02/2018,,Blue Collar,Temporary,Full Time,Fixed,Active,Low,Female,24,"4 Years, 10 Months",4,23613.04,2,0.28,0.76,0.75,2,0,0,1,0,25948.4,0
3955,15758755,Beneventi,Project Coordinator,28/01/1963,12/08/2011,,White Collar,Permanent,Full Time,Fixed,Active,Medium,Female,60,"11 Years, 4 Months",11,35232.73,2,0.26,0.7,0.84,3,0,1,0,1,37966.3,0
3956,15695168,Bruce,Sales Account Manager,16/07/1960,13/04/1984,,White Collar,Permanent,Full Time,Fixed,Active,Medium,Male,62,"38 Years, 8 Months",38,31854.82,3,0.86,0.87,0.6,3,1,0,1,0,33182.1,0
3957,15754342,Green,Trucking Team Leader- Air Logistics,21/05/1983,31/12/2014,,White Collar,Permanent,Full Time,Fixed,Active,Low,Female,39,"7 Years, 11 Months",7,32054.97,2,0.92,0.44,0.55,3,0,1,0,1,38160.68,0
3958,15756610,Carlson,Data Engineer,06/02/1980,17/07/2018,04/09/2018,White Collar,Permanent,Full Time,Flex and Fixed,Voluntarily Terminated,Medium,Female,43,"0 Years, 1 Months",0,58220.5,3,0.26,0.54,0.91,4,1,0,0,0,68494.7,1
3959,15640917,Tang,Accountant,14/12/1973,12/02/2019,,White Collar,Permanent,Full Time,Fixed,Active,Low,Male,49,"3 Years, 10 Months",3,32860.4,2,0.43,0.55,0.75,1,1,1,1,1,36511.55,0
3960,15663164,Yudin,National Air Logistics Pharma Compliance Specialist,20/01/1959,03/04/2004,16/10/2020,Blue Collar,Permanent,Full Time,Fixed,Voluntarily Terminated,High,Male,64,"16 Years, 6 Months",16,25462.1,3,0.12,0.81,0.75,3,0,1,1,1,32230.5,1
3961,15616811,MacDonald,Accountant,22/06/1974,02/07/2012,,White Collar,Permanent,Full Time,Fixed,Active,Low,Male,48,"10  Years, 5 Months",10,29854.64,4,0.37,0.5,0.55,4,1,1,0,1,35969.45,0
3962,15610781,Watt,Transport Controller,21/03/1979,10/05/2018,,Blue Collar,Temporary,Full Time,Fixed,Active,High,Female,43,"4 Years, 7 Months",4,22618.15,3,0.58,0.93,0.74,2,0,0,1,0,25413.65,0
3963,15600911,Mbadiwe,Account Manager ,07/10/1986,04/01/2022,,White Collar,Permanent,Full Time,Fixed,Active,High,Male,36,"0 Years, 11 Months",0,33028.4,3,0.68,0.64,0.5,0,1,0,1,0,33028.4,0
3964,15629603,Chuang,Accounts Payable,09/11/1974,07/07/2022,,White Collar,Permanent,Full Time,Fixed,Active,Medium,Male,48,"0 Years, 5 Months",0,36895.75,3,0.85,0.57,0.78,0,1,1,1,1,36895.75,0
3965,15714981,Sabbatini,Stock Investigator & Analyst,12/06/1980,11/04/2013,11/05/2020,White Collar,Permanent,Full Time,Flex and Fixed,Voluntarily Terminated,Low,Male,42,"7 Years, 1 Months",7,39777.09,3,0.28,0.24,0.74,6,1,1,1,1,47924.2,1
3966,15775892,Caldwell,Aerospace International Logistics Specialist,16/12/1960,11/04/1991,,Blue Collar,Permanent,Full Time,Fixed,Active,High,Female,62,"31 Years, 8 Months",31,33515.76,1,0.27,0.86,0.67,1,0,0,0,0,36830.5,0
3967,15782778,Ewers,National Air Logistics Gateway Trade Lane Specialist,09/04/1974,08/12/2013,,White Collar,Permanent,Full Time,Fixed,Active,High,Male,48,"9 Years, 0 Months",9,28805.36,2,0.47,0.82,0.58,3,0,1,0,0,34705.25,0
3968,15786643,Tsao,National Perishable Air Logistics Development Manager Retail,19/07/1997,04/03/2022,,White Collar,Permanent,Full Time,Flex and Fixed,Active,Low,Male,25,"0 Years, 9 Months",0,35149.45,3,0.3,0.18,0.79,0,1,1,1,1,35149.45,0
3969,15595657,Hannam,Customer Brokerage Specialist,19/05/1962,20/10/2001,,Blue Collar,Permanent,Full Time,Fixed,Active,Medium,Male,60,"21 Years, 1 Months",21,32505.03,3,0.3,0.58,0.7,3,1,1,0,1,35331.55,0
3970,15743673,Wood,Accountant,04/01/1972,25/06/2017,05/11/2017,White Collar,Permanent,Full Time,Fixed,Voluntarily Terminated,Low,Male,51,"0 Years, 4 Months",0,31042.39,3,0.28,0.57,0.56,4,1,1,1,1,36520.46,1
3971,15634310,Ko,Customer Servce Administrative Officer,11/11/1985,08/07/1998,,Blue Collar,Permanent,Full Time,Fixed,Active,Medium,Male,37,"24 Years, 5 Months",24,29309.52,4,0.3,0.94,0.83,1,0,0,1,0,34080.84,0
3972,15790809,Lo Duca,National Perishable Air Logistics Development Manager Retail,23/02/1985,11/02/1996,,White Collar,Permanent,Full Time,Flex and Fixed,Active,Low,Male,38,"26 Years, 10 Months",26,31711.61,4,0.89,0.66,0.97,3,1,0,1,0,33735.75,0
3973,15668695,Endrizzi,Business Analyst,17/04/1984,22/03/2018,,White Collar,Permanent,Full Time,Flex and Fixed,Active,Medium,Female,38,"4 Years, 8 Months",4,41476.5,4,0.87,0.73,0.75,1,1,0,0,0,45083.15,0
3974,15669281,Ch'iu,Accounts Payable,16/09/1995,09/03/2021,,White Collar,Permanent,Full Time,Fixed,Active,Medium,Male,27,"1  Years, 9 Months",1,37219.95,1,0.28,0.94,0.8,0,1,0,0,0,37219.95,0
3975,15621031,Mofflin,Technical Support Engineer,03/06/1983,08/05/2020,,White Collar,Permanent,Full Time,Flex and Fixed,Active,Low,Male,39,"2 Years, 7 Months",2,55283.26,4,0.7,0.99,0.61,10,1,0,1,0,60090.5,0
3976,15720071,Fiorentini,Customer Brokerage Specialist,23/06/1984,13/05/2012,,Blue Collar,Permanent,Full Time,Fixed,Active,Low,Female,38,"10  Years, 7 Months",10,30408.08,4,0.27,0.55,0.49,2,1,0,0,0,36200.1,0
3977,15792180,Chiekwugo,Data Analyst,10/07/1985,02/05/2011,,White Collar,Permanent,Full Time,Flex and Fixed,Active,Medium,Male,37,"11 Years, 7 Months",11,38932.63,3,0.27,0.67,0.66,2,1,0,1,0,45270.5,0
3978,15813894,Bogle,Regional Air logistics Trainer Specialist,19/09/1999,21/06/2018,,White Collar,Permanent,Full Time,Fixed,Active,High,Male,23,"4 Years, 5 Months",4,33593.52,3,0.77,0.49,0.67,1,0,0,0,0,36514.7,0
3979,15669490,Ifeanacho,Perishable Warehouse Shift Team Leader - Air Logistics,01/03/1984,11/03/2013,,White Collar,Permanent,Full Time,Fixed,Active,Medium,Male,39,"9 Years, 9 Months",9,36107.8,4,0.49,0.78,0.95,3,0,0,1,0,39678.9,0
3980,15783030,Owens,Accounts Payable,24/05/1955,03/08/2001,,White Collar,Permanent,Full Time,Fixed,Active,High,Female,67,"21  Years, 4 Months",21,27931.37,4,0.29,0.7,0.74,5,1,0,1,0,35809.45,0
3981,15695792,Ch'ien,Inside Sales Executive/ Account Manager,23/12/1962,26/12/2015,,White Collar,Permanent,Full Time,Flex and Fixed,Active,Low,Male,60,"6 Years, 11 Months",6,29467.21,4,0.53,0.91,0.89,3,1,1,1,0,34264.2,0
3982,15575676,Chung,Trucking Specialist - Air Logistics,13/07/1986,09/06/2014,,Blue Collar,Permanent,Full Time,Fixed,Active,High,Male,36,"8 Years, 6 Months",8,32080.86,2,0.69,0.7,0.78,2,0,1,0,1,34870.5,0
3983,15627665,Sung,Operations Specialist,10/04/1981,27/01/2020,,Blue Collar,Permanent,Full Time,Fixed,Active,High,Male,41,"2 Years, 10 Months",2,35448.12,2,0.27,0.6,0.95,1,0,0,1,0,36171.55,0
3984,15814092,Wang,Gateway & Procurement Specialist - Air Logistics,21/08/1991,25/10/2015,22/06/2021,Blue Collar,Permanent,Full Time,Fixed,Voluntarily Terminated,Low,Female,31,"5 Years, 7 Months",5,29006.5,3,0.25,0.59,0.57,1,0,1,0,1,34531.55,1
3985,15695225,Sun,Recruiter,23/06/1983,31/08/2018,,White Collar,Permanent,Full Time,Fixed,Active,High,Male,39,"4 Years, 3 Months",4,35412.4,2,0.27,0.59,0.93,2,0,1,1,1,38077.85,0
3986,15615091,Maitland,Finance Analyst,13/08/1975,31/12/2012,,White Collar,Permanent,Full Time,Flex and Fixed,Active,High,Male,47,"9 Years, 11 Months",9,41647.28,3,0.82,0.55,0.64,2,1,1,1,1,48996.8,0
3987,15794345,Ma,Stock Investigator & Analyst,14/08/1970,14/08/2015,,White Collar,Permanent,Full Time,Flex and Fixed,Active,High,Male,52,"7 Years, 4 Months",7,42839.71,1,0.3,0.42,0.75,1,1,1,0,1,46064.2,0
3988,15726484,Pollard,Cloud Service Analyst,11/06/1968,31/10/2005,,White Collar,Permanent,Full Time,Flex and Fixed,Active,High,Male,54,"17 Years, 1 Months",17,52230.29,4,0.44,0.57,0.81,2,1,1,1,1,58033.65,0
3989,15650442,Hsieh,National Air Logistics Pharma Compliance Specialist,24/12/2000,10/11/2016,12/12/2018,Blue Collar,Permanent,Full Time,Fixed,Voluntarily Terminated,Low,Female,22,"2 Years, 1 Months",2,31459.31,3,0.29,0.72,0.51,2,0,1,1,1,33467.35,1
3990,15714256,Gerasimov,Inside Sales Executive/ Account Manager,16/02/1997,21/03/2018,,White Collar,Permanent,Full Time,Flex and Fixed,Active,High,Male,26,"4 Years, 8 Months",4,34604.45,3,0.43,0.83,0.81,2,1,1,0,1,36046.3,0
3991,15778752,Johnson,Sales Specialist-Air Logitics ,12/12/2003,31/03/2021,,Blue Collar,Permanent,Full Time,Fixed,Active,Low,Male,19,"1  Years, 8 Months",1,34405.96,1,0.28,0.89,0.93,1,0,1,1,1,36216.8,0
3992,15601659,Fiorentino,National Air Logistics Pharma Compliance Specialist,24/05/1960,19/12/1985,06/11/2018,Blue Collar,Permanent,Full Time,Fixed,Voluntarily Terminated,Medium,Female,62,"32 Years, 10 Months",32,33282.67,3,0.52,0.55,0.59,7,0,0,1,1,34669.45,1
3993,15602811,Chioke,Cloud Service Analyst,07/05/1957,19/11/2002,,White Collar,Permanent,Full Time,Flex and Fixed,Active,Low,Male,65,"20 Years, 0 Months",20,46985.52,2,0.36,0.53,0.75,2,1,0,0,0,60237.85,0
3994,15779414,Rossi,Transport Controller,08/01/2003,20/01/2021,,Blue Collar,Temporary,Full Time,Fixed,Active,Low,Male,20,"1  Years, 10 Months",1,24611.55,2,0.95,0.74,0.59,0,0,1,1,1,24611.55,0
3995,15763097,Siciliano,BI Developer,18/06/1980,17/05/2015,,White Collar,Permanent,Full Time,Flex and Fixed,Active,Low,Male,42,"7 Years, 7 Months",7,54913.93,3,0.48,0.63,0.98,2,1,1,0,1,61701.05,0
3996,15633666,Efremov,National Perishable Air Logistics Development Manager Retail,23/01/1990,18/09/2015,,White Collar,Permanent,Full Time,Flex and Fixed,Active,Low,Female,33,"7 Years, 3 Months",7,32890.66,4,0.27,0.63,0.4,1,1,0,1,0,35366.3,0
3997,15718789,Brigstocke,Accounting Coordinator,25/03/1961,25/01/2015,,White Collar,Permanent,Full Time,Fixed,Active,Low,Male,61,"7 Years, 10 Months",7,28536.71,2,0.59,0.61,0.97,3,1,0,1,0,33572.6,0
3998,15690620,Olisaemeka,Regional Air logistics Trainer Specialist,09/10/1980,19/08/2012,,White Collar,Permanent,Full Time,Fixed,Active,Low,Male,42,"10  Years, 3 Months",10,26852.66,3,0.56,0.76,0.79,4,0,0,1,0,32352.6,0
3999,15737071,Tang,Customer Brokerage Specialist,10/05/1984,19/08/2015,04/09/2022,Blue Collar,Permanent,Full Time,Fixed,Voluntarily Terminated,High,Female,38,"7 Years, 0 Months",7,29487.43,3,0.28,0.67,0.82,2,1,1,1,1,32051.55,1
4000,15665062,Lucchese,Network Engineer,15/07/1974,16/01/2012,,White Collar,Permanent,Full Time,Flex and Fixed,Active,Low,Male,48,"10  Years, 11 Months",10,52952.4,3,0.3,0.51,0.95,4,1,1,1,1,66190.5,0
4001,15600692,West,Project Coordinator,26/08/1971,20/11/2017,,White Collar,Permanent,Full Time,Fixed,Active,Medium,Male,51,"5 Years, 0 Months",5,31416.98,2,0.76,0.67,0.55,3,0,0,1,0,33070.5,0
4002,15792064,Pai,Cloud Service Analyst,04/09/1989,04/10/2018,22/06/2022,White Collar,Permanent,Full Time,Flex and Fixed,Voluntarily Terminated,High,Male,33,"3 Years, 8 Months",3,57685.37,2,0.59,0.16,0.94,3,1,0,1,0,59469.45,1
4003,15811486,Tang,Business Analyst,11/01/1980,15/04/2018,,White Collar,Permanent,Full Time,Flex and Fixed,Active,High,Female,43,"4 Years, 8 Months",4,46344.72,4,0.37,0.61,0.85,3,1,1,0,1,48275.75,0
4004,15626141,Fedorov,Perishable Customer Care Team Leader - Air Logistics,24/03/1973,28/04/2022,,White Collar,Permanent,Full Time,Fixed,Active,Medium,Female,49,"0 Years, 7 Months",0,39947.35,3,0.28,0.58,0.73,0,0,1,1,1,39947.35,0
4005,15738546,Gboliwe,Sales Specialist-Air Logitics ,30/12/2002,29/05/2020,,Blue Collar,Permanent,Full Time,Fixed,Active,Medium,Female,20,"2 Years, 6 Months",2,32057.32,4,0.27,0.5,0.71,1,0,1,0,1,32711.55,0
4006,15677052,Ko,Accounts Payable,24/01/1985,31/08/2000,09/01/2018,White Collar,Permanent,Full Time,Fixed,Voluntarily Terminated,High,Female,38,"17 Years, 4 Months",17,32030.01,2,0.53,0.56,0.48,4,1,1,1,1,37244.2,1
4007,15656454,Le Gallienne,National Air Logistics Pharma Compliance Specialist,04/12/1987,27/01/2020,,Blue Collar,Permanent,Full Time,Fixed,Active,Medium,Male,35,"2 Years, 10 Months",2,32307.87,4,0.43,0.56,0.98,2,0,0,1,0,35503.15,0
4008,15645496,Seleznyova,Trucking Specialist - Air Logistics,14/09/1983,15/06/2018,,Blue Collar,Permanent,Full Time,Fixed,Active,Medium,Female,39,"4 Years, 6 Months",4,32603.8,3,0.26,0.74,0.71,2,0,0,1,0,35057.85,0
4009,15612505,Joseph,Warehouse Specialist - Air Logistics,18/12/1983,21/01/2022,,Blue Collar,Temporary,Full Time,Fixed,Active,Low,Male,39,"0 Years, 10 Months",0,26201.05,1,0.36,0.69,0.99,0,0,0,1,0,26201.05,0
4010,15708513,Bevan,Gateway & Procurement Specialist - Air Logistics,25/03/1983,07/01/2016,,Blue Collar,Permanent,Full Time,Fixed,Active,High,Female,39,"6 Years, 11 Months",6,31964.94,4,0.28,0.68,0.81,1,0,0,1,0,34005.25,0
4011,15685654,Allan,Pricing Analyst,05/10/1981,12/01/2021,,White Collar,Permanent,Full Time,Flex and Fixed,Active,Medium,Male,41,"1  Years, 11 Months",1,50180.89,2,0.36,0.58,0.67,0,1,1,1,1,50180.89,0
4012,15732307,Lavrentiev,Revenue Care Specialist- Air Logistics,26/03/1961,26/12/2016,,White Collar,Permanent,Full Time,Fixed,Active,High,Male,61,"5 Years, 11 Months",5,35743.41,1,0.28,0.8,0.79,3,1,1,1,1,41562.1,0
4013,15726814,Walton,Finance Analyst,14/11/1957,09/09/1990,,White Collar,Permanent,Full Time,Flex and Fixed,Active,Low,Male,65,"32  Years, 3 Months",32,33721.56,3,0.77,0.5,0.57,2,1,1,0,1,48173.65,0
4014,15653776,Salier,Project Manager,25/06/1982,20/08/2021,22/02/2022,White Collar,Permanent,Full Time,Flex and Fixed,Voluntarily Terminated,Medium,Female,40,"1  Years, 3 Months",1,44094.29,4,0.27,0.66,0.92,1,1,0,0,0,45931.55,1
4015,15597914,Evdokimov,Warehouse Specialist - Air Logistics,11/08/1968,06/08/1996,18/10/2020,Blue Collar,Temporary,Full Time,Fixed,Voluntarily Terminated,Medium,Female,54,"24 Years, 2 Months",24,21067.46,2,0.53,0.81,0.78,3,0,1,1,1,24785.25,1
4016,15631603,Ponomaryova,Software Engineer,06/05/1986,05/03/2015,,White Collar,Permanent,Full Time,Flex and Fixed,Active,Medium,Male,36,"7 Years, 9 Months",7,58502.01,3,0.26,0.72,0.68,2,1,1,1,1,69645.25,0
4017,15789753,Millar,National Perishable Air Logistics Development Manager Retail,03/05/1979,01/03/2015,,White Collar,Permanent,Full Time,Flex and Fixed,Active,Low,Male,43,"7 Years, 9 Months",7,29128.6,1,0.3,0.92,0.85,3,1,1,0,1,32009.45,0
4018,15678034,Grosse,Project Coordinator,17/02/1985,08/10/2001,30/01/2013,White Collar,Permanent,Full Time,Fixed,Voluntarily Terminated,Low,Male,38,"11 Years, 3 Months",11,31453.58,1,0.14,0.69,0.91,2,0,0,1,1,33821.05,1
4019,15690209,Hsiao,Trucking Specialist - Air Logistics,27/01/1992,03/09/2022,,Blue Collar,Permanent,Full Time,Fixed,Active,Medium,Female,31,"0 Years, 3 Months",0,33950.5,3,0.4,0.66,0.99,0,0,0,1,0,33950.5,0
4020,15592091,Belbin,Finance Analyst,21/07/1966,12/05/1984,,White Collar,Permanent,Full Time,Flex and Fixed,Active,Low,Male,56,"38 Years, 7 Months",38,45867,3,0.26,0.85,0.39,2,1,1,1,1,48281.05,0
4021,15647453,Ifeajuna,IT-Support,16/07/1958,08/08/2021,,White Collar,Permanent,Full Time,Fixed,Active,Low,Male,64,"1 Years, 4 Months",1,38360.78,4,0.49,0.83,0.69,0,0,0,0,0,38360.78,0
4022,15697100,Wright,Customer Brokerage Specialist,16/11/1987,01/02/2000,30/08/2018,Blue Collar,Permanent,Full Time,Fixed,Voluntarily Terminated,High,Female,35,"22  Years, 10 Months",22,28602.772,3,0.36,0.23,0.49,2,1,0,1,0,32503.15,1
4023,15811290,Komarova,Sea Logistics Pricing Coordinator,21/09/1957,16/08/1984,,White Collar,Permanent,Full Time,Fixed,Active,Low,Male,65,"38 Years, 4 Months",38,22021.64,1,0.28,0.68,0.65,4,0,1,1,1,36101.05,0
4024,15629187,Titheradge,Inside Sales Executive/ Account Manager,06/08/1970,04/02/2013,,White Collar,Permanent,Full Time,Flex and Fixed,Active,High,Male,52,"9 Years, 10 Months",9,29664.16,1,0.93,0.8,0.97,2,1,0,1,0,35739.95,0
4025,15758073,Dellucci,Warehouse Quality Control Specialist - Air Logistics,05/08/1974,14/01/2018,,Blue Collar,Permanent,Full Time,Fixed,Active,Low,Female,48,"4 Years, 11 Months",4,22757.64,2,0.3,0.55,0.41,1,0,0,0,0,25008.4,0
4026,15640769,Hobbs,Aerospace International Logistics Specialist,21/01/1965,15/07/2008,,Blue Collar,Permanent,Full Time,Fixed,Active,Low,Male,58,"14 Years, 5 Months",14,32858.41,3,0.75,0.6,0.58,2,0,1,1,1,34955.75,0
4027,15606641,Beggs,Analyst Programmer ,01/10/1977,10/07/2012,19/07/2017,White Collar,Permanent,Full Time,Flex and Fixed,Voluntarily Terminated,High,Male,45,"10  Years, 5 Months",10,49479.9,4,0.23,0.91,0.93,1,1,1,1,1,61086.3,1
4028,15718280,Luffman,Transport Controller,09/01/1998,18/09/2013,,Blue Collar,Temporary,Full Time,Fixed,Active,High,Male,25,"9 Years, 3 Months",9,22545.65,1,0.77,0.65,0.67,2,0,1,1,1,27494.7,0
4029,15764335,Caldwell,Project Coordinator,23/02/1961,04/01/2008,,White Collar,Permanent,Full Time,Fixed,Active,Low,Female,62,"14 Years, 11 Months",14,29090.84,3,0.85,0.78,0.72,2,0,0,1,0,32323.15,0
4030,15634218,Mancini,Gateway & Procurement Team Leader- Air Logistics,03/08/1986,15/03/2012,,White Collar,Permanent,Full Time,Fixed,Active,Medium,Male,36,"10  Years, 9 Months",10,32430.26,4,0.26,0.61,0.82,2,0,0,1,0,39072.6,0
4031,15808760,Evseev,BI Developer,10/05/1966,13/08/1993,,White Collar,Permanent,Full Time,Flex and Fixed,Active,High,Female,56,"29 Years, 4 Months",29,52500.61,2,0.36,0.64,0.51,1,1,1,1,0,58989.45,0
4032,15648461,Hs?eh,Perishable Apprentice- Air Logistics,28/10/2002,27/02/2022,,Blue Collar,Apprentice,Full Time,Fixed,Active,Low,Male,20,"0 Years, 9 Months",0,23664.2,1,0.87,0.58,0.73,0,0,1,1,1,23664.2,0
4033,15593555,Chinedum,Trucking Specialist - Air Logistics,04/05/1958,16/03/1996,,Blue Collar,Permanent,Full Time,Fixed,Active,High,Male,64,"26 Years, 9 Months",26,26827.96,3,0.48,0.63,0.76,2,0,1,1,1,35299.95,0
4034,15569079,Hagins,Senior DevOps Engineer,04/05/1990,20/09/1995,11/02/2020,White Collar,Permanent,Full Time,Flex and Fixed,Voluntarily Terminated,Low,Male,32,"24 Years, 4 Months",24,61056.25,1,0.38,0.94,0.6,3,1,0,1,0,69382.1,1
4035,15800736,Kirwan,Sea Logiscitcs Customer Care Specialist ,23/11/1977,07/04/2013,,Blue Collar,Permanent,Full Time,Fixed,Active,Medium,Female,45,"9 Years, 8 Months",9,29690.03,3,0.42,0.72,0.81,3,0,1,1,0,36207.35,0
4036,15792607,Little,Senior DevOps Engineer,01/04/1980,17/10/2015,,White Collar,Permanent,Full Time,Flex and Fixed,Active,Low,Female,42,"7 Years, 2 Months",7,63742.13,3,0.41,0.59,0.69,3,1,0,0,0,70046.3,0
4037,15640034,Milligan,Analyst Programmer ,24/03/1988,14/08/2020,30/07/2021,White Collar,Permanent,Full Time,Flex and Fixed,Voluntarily Terminated,Medium,Male,34,"0 Years, 11 Months",0,49640.89,3,0.1,0.78,0.8,4,1,0,1,0,58401.05,1
4038,15807563,Ch'iu,National Air Logistics Service Excellence Manager,27/12/1989,12/01/2015,12/05/2021,White Collar,Permanent,Full Time,Fixed,Voluntarily Terminated,High,Female,33,"6 Years, 4 Months",6,39165.69,1,0.54,0.86,0.64,2,1,0,0,0,42113.65,1
4039,15684461,McKay,Road Logistics Sales Representative,24/10/2002,10/06/2020,18/10/2020,White Collar,Permanent,Full Time,Fixed,Voluntarily Terminated,Low,Female,20,"0 Years, 4 Months",0,27633.93,3,0.29,0.22,0.73,4,0,0,1,0,32510.5,1
4040,15580134,Crawford,Warehouse Quality Control Specialist - Air Logistics,30/12/1965,13/03/2020,,Blue Collar,Permanent,Full Time,Fixed,Active,Medium,Male,57,"2 Years, 9 Months",2,23236.18,3,0.41,0.89,0.73,2,0,1,1,1,28336.8,0
4041,15679075,Onyemere,Trucking Team Leader- Air Logistics,06/03/1961,30/11/2000,,White Collar,Permanent,Full Time,Fixed,Active,Medium,Male,62,"22 Years, 0 Months",22,35882.9,2,0.43,0.67,0.99,3,0,0,1,0,39003.15,0
4042,15742504,Azuka,National Service Excellence Specialist- Air Logistics,29/12/1958,15/02/1988,,White Collar,Permanent,Full Time,Flex and Fixed,Active,Medium,Male,64,"34 Years, 10 Months",34,19522.19,4,0.84,0.51,0.77,1,0,0,1,0,34249.45,0
4043,15567328,Ch'en,Sea Logiscitcs Customer Care Specialist ,14/01/1983,03/06/2017,,Blue Collar,Permanent,Full Time,Fixed,Active,Medium,Male,40,"5 Years, 6 Months",5,32344.98,3,0.3,0.71,0.89,1,0,1,0,1,34047.35,0
4044,15698294,Royster,IT-Support,15/11/1985,23/04/2016,,White Collar,Permanent,Full Time,Fixed,Active,Medium,Male,37,"6 Years, 7 Months",6,34176.76,3,0.38,0.93,0.58,2,0,0,1,0,36828.4,0
4045,15607142,Parkin,Accounts Payable,28/01/2001,06/01/2013,,White Collar,Permanent,Full Time,Fixed,Active,High,Male,22,"9 Years, 11 Months",9,32871.71,4,0.93,0.94,0.76,3,1,1,1,1,35422.1,0
4046,15738516,Kozlova,Aerospace International Logistics Specialist,21/10/1982,10/06/2016,,Blue Collar,Permanent,Full Time,Fixed,Active,Medium,Female,40,"6 Years, 6 Months",6,33655.62,4,0.29,0.91,0.72,2,0,0,1,0,36984.2,0
4047,15806403,Hu,IT System Engineer,21/06/1962,04/02/1995,,White Collar,Permanent,Full Time,Flex and Fixed,Active,High,Male,60,"27 Years, 10 Months",27,65626.66,3,0.26,0.71,0.96,2,1,0,1,0,70566.3,0
4048,15656707,Ma,National Air Logistics Gateway Trade Lane Specialist,18/04/1958,17/03/2017,,White Collar,Permanent,Full Time,Fixed,Active,Low,Male,64,"5 Years, 9 Months",5,34107.26,3,0.28,0.67,0.81,3,0,1,1,1,35528.4,0
4049,15653715,Coates,BI Developer,25/08/1970,19/06/2019,,White Collar,Permanent,Full Time,Flex and Fixed,Active,Medium,Female,52,"3 Years, 5 Months",3,56947.88,3,0.29,0.54,0.42,2,1,1,1,1,62580.09,0
4050,15806184,Burns,IT System Engineer,01/02/1957,01/03/1998,,White Collar,Permanent,Full Time,Flex and Fixed,Active,High,Male,66,"24 Years, 9 Months",24,49392.74,3,0.29,0.89,0.58,1,1,1,1,1,70561.05,0
4051,15585734,Gouger,Transport Controller,01/04/2002,26/10/2021,,Blue Collar,Temporary,Full Time,Fixed,Active,Medium,Male,20,"1 Years, 1 Months",1,28491.55,4,0.49,0.94,0.91,0,0,1,1,1,28491.55,0
4052,15725639,Ignatyev,Air Export Operations Manager,13/02/1986,03/03/2013,,White Collar,Permanent,Full Time,Fixed,Active,Low,Female,37,"9 Years, 9 Months",9,59385.46,3,0.27,0.56,0.89,2,1,1,1,1,69865.25,0
4053,15618401,Douglas,Cloud Service Analyst,24/10/1960,26/12/2020,,White Collar,Permanent,Full Time,Flex and Fixed,Active,Medium,Male,62,"1 Years, 11 Months",1,65250.5,3,0.28,0.45,0.92,0,1,1,1,1,65250.5,0
4054,15785385,Fiorentino,Sales Specialist-Air Logitics ,11/02/2002,17/05/2022,,Blue Collar,Permanent,Full Time,Fixed,Active,Medium,Male,21,"0 Years, 7 Months",0,35701.05,3,0.65,0.92,0.67,0,0,0,1,0,35701.05,0
4055,15734762,Ignatiev,Accounts Payable,23/02/1983,30/07/2011,25/07/2014,White Collar,Permanent,Full Time,Fixed,Voluntarily Terminated,Medium,Female,40,"2 Years, 11 Months",2,29161.31,1,0.16,0.63,0.56,2,1,0,1,1,33137.85,1
4056,15767129,Munz,Senior DevOps Engineer,25/12/1979,15/08/2013,,White Collar,Permanent,Full Time,Flex and Fixed,Active,High,Female,43,"9 Years, 4 Months",9,57159.03,2,0.68,0.8,0.66,1,1,1,1,1,68866.3,0
4057,15797204,Paling,Transport Controller,21/01/2004,24/04/2021,,Blue Collar,Temporary,Full Time,Fixed,Active,Medium,Female,19,"1  Years, 7 Months",1,24921.55,2,0.96,0.45,0.72,1,0,1,0,1,25959.95,0
4058,15769272,Clark,Gateway & Procurement Specialist - Air Logistics,26/06/1996,11/02/2016,,Blue Collar,Permanent,Full Time,Fixed,Active,High,Female,26,"6 Years, 10 Months",6,31842.63,2,0.6,0.72,0.54,2,0,0,0,0,34611.55,0
4059,15771966,Akobundu,Gateway & Procurement Specialist - Air Logistics,22/03/1959,06/12/1993,,Blue Collar,Permanent,Full Time,Fixed,Active,Medium,Male,63,"29 Years, 0 Months",29,24013.68,2,0.69,0.84,0.36,3,0,0,1,0,34305.25,0
4060,15691952,Fanucci,Technical Support Engineer,17/05/1989,24/08/2016,,White Collar,Permanent,Full Time,Flex and Fixed,Active,Low,Male,33,"6 Years, 3 Months",6,51472.56,4,0.29,0.61,0.51,2,1,1,1,1,58491.55,0
4061,15593250,Hsiao,Inside Sales Executive/ Account Manager,13/12/1989,24/05/2017,,White Collar,Permanent,Full Time,Flex and Fixed,Active,Medium,Female,33,"5 Years, 6 Months",5,31218,3,0.47,0.63,0.88,2,1,0,1,0,32861.05,0
4062,15605333,Clancy,Internal Trainer,29/12/1979,15/12/2021,,White Collar,Permanent,Full Time,Fixed,Active,Low,Male,43,"1 Years, 0 Months",1,35026.3,3,0.84,0.49,0.54,0,0,0,1,0,35026.3,0
4063,15800083,Macdonald,Transport Controller,12/09/1997,18/09/2012,29/06/2022,Blue Collar,Temporary,Part Time,Fixed,Voluntarily Terminated,High,Male,25,"10  Years, 3 Months",10,20274.52,3,0.23,0.68,0.51,4,0,1,0,1,25343.15,1
4064,15575691,Palerma,Perishable Operational Care Specialist - Air Logistics,12/05/1980,03/10/2018,,Blue Collar,Permanent,Part Time,Fixed,Active,Low,Female,42,"4 Years, 2 Months",4,31665.17,3,0.69,0.64,0.85,1,0,1,0,1,35983.15,0
4065,15689886,Holden,Accounting Coordinator,12/08/1972,14/07/2009,24/04/2017,White Collar,Permanent,Part Time,Fixed,Voluntarily Terminated,Low,Male,50,"7 Years, 9 Months",7,32698.97,3,0.15,0.61,0.64,2,1,1,1,1,33366.3,1
4066,15809838,Moore,Pricing Analyst,02/02/1963,05/06/2003,,White Collar,Permanent,Part Time,Flex and Fixed,Active,Medium,Male,60,"19 Years, 6 Months",19,45251.96,3,0.27,0.83,0.55,1,1,0,0,0,50279.95,0
4067,15736154,Gallo,Project Manager,02/11/1969,04/04/1992,,White Collar,Permanent,Part Time,Flex and Fixed,Active,Low,Female,53,"30 Years, 8 Months",30,29144.77,3,0.27,0.94,0.51,3,1,1,0,1,42859.95,0
4068,15767391,Otutodilinna,National Perishable Air Logistics Development Manager Seafood,06/09/1958,11/01/2004,,White Collar,Permanent,Part Time,Flex and Fixed,Active,Low,Female,64,"18 Years, 11 Months",18,26543.13,2,0.28,0.54,0.66,3,1,1,0,1,33598.9,0
4069,15704910,Rios,Sea Logiscitcs Customer Care Specialist ,16/04/2001,12/01/2019,,Blue Collar,Permanent,Part Time,Fixed,Active,Medium,Male,21,"3 Years, 11 Months",3,32778.08,3,0.7,0.6,0.49,1,0,0,1,0,35245.25,0
4070,15656613,McGregor,BI Developer,13/05/1985,06/09/2018,,White Collar,Permanent,Full Time,Flex and Fixed,Active,High,Female,37,"4 Years, 3 Months",4,59797.06,2,1,0.83,0.69,1,1,0,0,0,64996.8,0
4071,15611551,Hill,Business Analyst,04/12/1974,06/07/2016,,White Collar,Permanent,Full Time,Flex and Fixed,Active,High,Male,48,"6 Years, 5 Months",6,41543.02,1,0.36,0.53,0.75,2,1,1,0,1,44194.7,0
4072,15732430,H?,Customer Servce Administrative Officer,14/06/1991,31/08/2013,,Blue Collar,Permanent,Full Time,Fixed,Active,Medium,Female,31,"9 Years, 3 Months",9,30011.3,4,0.54,0.79,0.97,3,0,0,1,0,34495.75,0
4073,15741865,Ferrari,Transport Controller,27/03/1987,13/05/2015,,Blue Collar,Temporary,Full Time,Fixed,Active,Medium,Female,35,"7 Years, 7 Months",7,22183.13,4,0.92,0.96,0.49,1,0,1,1,0,25497.85,0
4074,15634143,Onyemauchechi,Stock Investigator & Analyst,08/11/1970,16/04/2012,,White Collar,Permanent,Full Time,Flex and Fixed,Active,High,Male,52,"10 Years, 8 Months",10,48193.21,4,0.39,0.5,0.56,2,1,0,0,0,51709.45,0
4075,15609676,Nkemakonam,Sea Logiscitcs Customer Care Specialist ,07/09/1973,21/10/2020,,Blue Collar,Permanent,Full Time,Fixed,Active,Low,Female,49,"2 Years, 1 Months",2,33723.21,4,0.74,0.68,0.81,1,0,0,1,0,35875.75,0
4076,15761600,White,Sales Account Manager,14/08/1988,02/03/2020,,White Collar,Permanent,Full Time,Fixed,Active,High,Male,34,"2 Years, 9 Months",2,30525.55,1,0.29,0.57,0.54,1,1,1,1,1,33179.95,0
4077,15676404,Kirillov,IT System Engineer,06/07/1983,28/03/1997,01/07/2020,White Collar,Permanent,Full Time,Flex and Fixed,Voluntarily Terminated,High,Female,39,"23 Years, 3 Months",23,45670.94,3,0.28,0.8,0.8,3,1,0,1,0,67163.15,1
4078,15659236,Iadanza,Material Handler ,23/10/2002,13/10/2022,,Blue Collar,Temporary,Full Time,Fixed,Active,High,Male,20,"0 Years, 2 Months",0,27327.35,3,0.44,0.62,0.74,0,0,1,1,1,27327.35,0
4079,15690440,Stiles,Gateway & Procurement Specialist - Air Logistics,21/03/1957,01/01/2019,,Blue Collar,Permanent,Full Time,Fixed,Active,Low,Male,65,"3 Years, 11 Months",3,31475.86,4,0.26,1,0.85,1,0,1,1,0,32787.35,0
4080,15694601,Ankudinov,Warehouse Quality Control Specialist - Air Logistics,24/07/1987,24/05/2021,,Blue Collar,Permanent,Full Time,Fixed,Active,High,Female,35,"1  Years, 6 Months",1,26767.82,2,0.3,0.64,0.75,1,0,0,1,0,27883.15,0
4081,15812262,Gaffney,National Air Logistics Pharma Compliance Specialist,21/05/1985,11/05/2019,22/10/2019,Blue Collar,Permanent,Full Time,Fixed,Voluntarily Terminated,Medium,Female,37,"0 Years, 5 Months",0,27659.57,3,0.3,0.51,0.55,4,0,0,1,0,32540.67,1
4082,15762821,Udinese,Trucking Specialist - Air Logistics,14/10/1999,25/12/2019,,Blue Collar,Permanent,Full Time,Fixed,Active,High,Male,23,"2 Years, 11 Months",2,29815.93,3,0.38,0.74,0.5,2,0,1,0,1,33501.05,0
4083,15669301,Romani,Material Handler ,26/02/2003,15/10/2021,27/10/2022,Blue Collar,Temporary,Full Time,Fixed,Voluntarily Terminated,Low,Female,20,"1  Years, 2 Months",1,21510.36,2,0.3,0.49,0.99,4,0,0,1,0,25306.3,1
4084,15672640,Kambinachi,Transport Controller,05/01/1989,16/08/2017,,Blue Collar,Temporary,Full Time,Fixed,Active,High,Female,34,"5 Years, 4 Months",5,24579.45,3,0.5,0.96,0.83,1,0,1,1,1,27310.5,0
4085,15750458,Hawkins,Recruiter,16/04/1982,11/01/2022,,White Collar,Permanent,Part Time,Fixed,Active,Low,Female,40,"0 Years, 11 Months",0,40862.1,4,0.36,0.59,0.62,0,0,1,0,1,40862.1,0
4086,15627251,Tsui,Internal Trainer,05/12/1992,01/08/2021,,White Collar,Permanent,Part Time,Fixed,Active,Low,Male,30,"1  Years, 4 Months",1,34887.99,3,0.52,0.84,0.57,1,0,1,1,1,36724.2,0
4087,15764294,Ifeatu,Warehouse Shift Team Leader Healthcare- Air Logistics,28/01/1967,16/03/2010,,White Collar,Permanent,Part Time,Fixed,Active,Medium,Male,56,"12 Years, 9 Months",12,37549.47,3,0.3,0.55,0.84,1,0,1,1,1,41263.15,0
4088,15659962,McIntosh,Trucking Team Leader- Air Logistics,25/07/1983,20/02/2019,,White Collar,Permanent,Part Time,Fixed,Active,Medium,Male,39,"3 Years, 9 Months",3,35684.44,1,0.38,0.62,0.75,1,0,1,1,1,40550.5,0
4089,15788536,Armit,National Perishable Air Logistics Development Manager Seafood,18/07/1957,02/08/1991,,White Collar,Permanent,Part Time,Flex and Fixed,Active,High,Male,65,"31 Years, 4 Months",31,24766.72,3,0.93,0.79,0.67,2,1,0,0,0,36965.25,0
4090,15596979,Fang,Operations Specialist,15/05/1986,20/01/2015,,Blue Collar,Permanent,Part Time,Fixed,Active,Low,Female,36,"7 Years, 10 Months",7,28209.98,2,0.57,0.53,0.83,3,0,1,1,1,32056.8,0
4091,15681220,Chou,National Air Logistics Gateway Operations Manager,08/08/1990,17/06/2018,,White Collar,Permanent,Part Time,Flex and Fixed,Active,Low,Female,32,"4 Years, 6 Months",4,66663.15,1,0.26,0.73,0.48,1,1,1,1,1,72459.95,0
4092,15635097,Okeke,Sales Specialist-Air Logitics ,27/01/2004,27/08/2022,,Blue Collar,Permanent,Part Time,Fixed,Active,Medium,Male,19,"0 Years, 3 Months",0,36452.6,3,0.27,0.57,0.76,0,0,1,0,1,36452.6,0
4093,15780779,Ramsbotham,Java Software Engineer ,23/09/1963,25/10/2011,,White Collar,Permanent,Part Time,Flex and Fixed,Active,Low,Female,59,"11 Years, 1 Months",11,61775.96,4,0.69,0.65,0.82,2,1,0,1,0,68639.95,0
4094,15798470,Scannell,Network Engineer,03/08/1957,13/05/1989,29/10/2020,White Collar,Permanent,Part Time,Flex and Fixed,Terminated for Cause,High,Female,65,"33  Years, 7 Months",33,39997.78,3,0.36,0.69,0.74,3,1,0,1,1,70171.55,1
4095,15760880,Edman,Business Development Manager,04/06/1980,28/11/2019,,White Collar,Permanent,Part Time,Flex and Fixed,Active,High,Male,42,"3 Years, 0 Months",3,49421.99,1,0.8,0.55,0.8,1,1,1,0,0,50950.5,0
4096,15616929,De Luca,Warehouse Specialist - Air Logistics,06/12/1973,06/08/2013,,Blue Collar,Temporary,Part Time,Fixed,Active,High,Male,49,"9 Years, 4 Months",9,22293.76,3,0.81,0.99,0.92,3,0,1,0,0,26859.95,0
4097,15758775,Vasilyeva,Account Manager ,08/01/1992,27/02/2017,,White Collar,Permanent,Part Time,Fixed,Active,Low,Male,31,"5 Years, 9 Months",5,29630.4,3,0.95,0.5,0.69,2,1,1,1,1,32560.88,0
4098,15663386,Tuan,Account Manager ,02/10/1997,13/09/2019,,White Collar,Permanent,Part Time,Fixed,Active,High,Female,25,"3 Years, 3 Months",3,31439.52,1,0.28,0.54,0.96,1,1,0,1,0,33446.3,0
4099,15621267,Ejimofor,National Air Logistics Gateway Trade Lane Specialist,01/08/1965,27/12/2007,,White Collar,Permanent,Part Time,Fixed,Active,Low,Male,57,"14 Years, 11 Months",14,34200.47,3,0.3,0.69,0.57,3,0,0,0,0,36774.7,0
4100,15720509,Hs?,Sea Logistics Pricing Coordinator,21/05/1994,12/06/2021,,White Collar,Permanent,Part Time,Fixed,Active,Low,Male,28,"1  Years, 6 Months",1,33883.98,1,0.52,0.5,0.85,1,0,1,0,1,35667.35,0
4101,15693322,Shaver,Customer Brokerage Specialist,12/05/1962,16/12/1997,,Blue Collar,Permanent,Part Time,Fixed,Active,Medium,Female,60,"25 Years, 0 Months",25,31153.72,3,0.95,0.66,0.73,1,1,1,0,1,36225.25,0
4102,15589544,Wallis,Transport Controller,17/10/1955,14/03/2015,,Blue Collar,Temporary,Part Time,Fixed,Active,High,Female,67,"7  Years, 9 Months",7,26626.73,3,0.28,1,0.93,2,0,1,1,1,28942.1,0
4103,15772030,Coupp,Senior DevOps Engineer,17/06/1983,29/08/2014,,White Collar,Permanent,Part Time,Flex and Fixed,Active,Medium,Male,39,"8 Years, 3 Months",8,62210.96,4,0.44,0.73,0.61,2,1,1,0,1,69899.95,0
4104,15693337,Perry,Revenue Care Specialist- Air Logistics,05/09/1974,13/09/2020,,White Collar,Permanent,Part Time,Fixed,Active,Medium,Male,48,"2 Years, 3 Months",2,40139.09,4,0.26,0.72,0.54,1,1,1,1,1,43629.45,0
4105,15676571,Bezrukova,Customer Brokerage Specialist,21/11/1957,20/03/1998,18/07/2022,Blue Collar,Permanent,Part Time,Fixed,Voluntarily Terminated,Low,Male,65,"24  Years, 8 Months",24,24920.56,2,0.23,0.65,0.49,5,1,0,1,0,35600.8,1
4106,15701392,Lucciano,Technical Support Engineer,28/09/1958,30/09/2010,,White Collar,Permanent,Part Time,Flex and Fixed,Active,Low,Male,64,"12  Years, 2 Months",12,49075.75,4,0.27,0.72,0.69,3,1,1,0,1,60587.35,0
4107,15741092,Ingram,Senior DevOps Engineer,19/01/1962,25/08/2006,,White Collar,Permanent,Part Time,Flex and Fixed,Active,Low,Male,61,"16 Years, 3 Months",16,66624.97,3,0.38,0.84,0.85,3,1,0,1,0,70131.55,0
4108,15643865,Lo Duca,Software Engineer,24/02/1983,04/05/2015,22/07/2021,White Collar,Permanent,Part Time,Flex and Fixed,Terminated for Cause,Medium,Female,40,"6 Years, 2 Months",6,63846.77,1,0.28,0.55,0.8,3,1,1,0,1,67922.1,1
4109,15769389,Wan,Perishable Operational Care Specialist - Air Logistics,25/03/1971,03/01/2021,,Blue Collar,Permanent,Part Time,Fixed,Active,Low,Female,51,"1  Years, 11 Months",1,36690.5,4,0.29,0.6,0.58,0,0,0,1,0,36690.5,0
4110,15807768,Cohn,Trucking Specialist - Air Logistics,09/11/1972,17/09/2012,,Blue Collar,Permanent,Part Time,Fixed,Active,Low,Male,50,"10  Years, 3 Months",10,28535.1,3,0.38,0.84,0.48,4,0,1,1,1,34798.9,0
4111,15801630,Yen,Account Manager ,10/01/1996,30/05/2021,,White Collar,Permanent,Part Time,Fixed,Active,Medium,Male,27,"1  Years, 6 Months",1,34682.26,1,0.29,0.68,0.87,1,1,0,1,0,36127.35,0
4112,15705034,Peng,Operations Specialist,01/06/1983,14/02/2014,,Blue Collar,Permanent,Part Time,Fixed,Active,Medium,Male,39,"8 Years, 10 Months",8,31293.13,4,0.51,0.73,1,1,0,1,1,1,35560.38,0
4113,15763107,Little,Sales Specialist-Air Logitics ,27/09/2002,26/07/2021,,Blue Collar,Permanent,Part Time,Fixed,Active,Low,Female,20,"1  Years, 4 Months",1,33359.47,4,0.48,0.88,0.98,1,0,1,1,1,34749.45,0
4114,15667085,Meng,Recruiter,18/06/1963,05/01/2017,,White Collar,Permanent,Part Time,Fixed,Active,Medium,Male,59,"5 Years, 11 Months",5,37445.93,3,1,0.64,0.57,2,0,1,1,1,40702.1,0
4115,15647008,Adams,Customer Servce Administrative Officer,07/12/1977,09/09/2009,23/11/2013,Blue Collar,Permanent,Part Time,Fixed,Voluntarily Terminated,Low,Male,45,"4 Years, 2 Months",4,32099.58,2,0.44,0.19,0.95,4,0,0,1,0,36476.8,1
4116,15584505,Hill,National Air Logistics Pharma Compliance Specialist,23/03/1982,13/01/2015,,Blue Collar,Permanent,Part Time,Fixed,Active,Low,Female,40,"7 Years, 11 Months",7,32377.67,1,0.55,0.83,0.88,2,0,0,0,0,34814.7,0
4117,15748068,Boyle,Java Software Engineer ,13/06/1971,22/01/2014,,White Collar,Permanent,Part Time,Flex and Fixed,Active,Low,Female,51,"8 Years, 10 Months",8,57419.71,1,0.46,0.57,0.41,2,1,1,1,1,67552.6,0
4118,15663964,Pagnotto,Warehouse Specialist - Air Logistics,26/08/1979,22/02/2022,,Blue Collar,Temporary,Part Time,Fixed,Active,Low,Male,43,"0 Years, 9 Months",0,27410.5,3,0.28,0.44,0.74,0,0,0,1,0,27410.5,0
4119,15782311,Feng,Revenue Care Specialist- Air Logistics,18/07/1966,05/07/1999,,White Collar,Permanent,Part Time,Fixed,Active,Medium,Male,56,"23 Years, 5 Months",23,40651.44,4,0.73,0.52,0.55,2,1,1,1,1,42345.25,0
4120,15588197,Endrizzi,Account Manager ,14/08/1992,01/03/2012,,White Collar,Permanent,Part Time,Fixed,Active,Medium,Male,30,"10  Years, 9 Months",10,27683.59,3,0.23,0.66,0.62,5,1,0,0,0,33760.48,0
4121,15610105,Shen,Data Analyst,15/05/1961,02/04/1996,,White Collar,Permanent,Part Time,Flex and Fixed,Active,Low,Female,61,"26 Years, 8 Months",26,49399.53,4,0.3,0.96,0.55,1,1,1,1,1,50927.35,0
4122,15606133,Lay,Sales Account Manager,04/07/1982,29/05/2016,,White Collar,Permanent,Part Time,Fixed,Active,Medium,Male,40,"6 Years, 6 Months",6,28491.33,4,0.13,0.8,0.5,2,1,1,0,1,33129.45,0
4123,15599403,Wu,Senior DevOps Engineer,05/11/1987,04/09/2013,,White Collar,Permanent,Part Time,Flex and Fixed,Active,Medium,Male,35,"9 Years, 3 Months",9,61449.45,3,0.41,0.86,1,2,1,1,1,1,70631.55,0
4124,15648225,Shephard,Senior DevOps Engineer,27/12/1956,03/11/1994,,White Collar,Permanent,Part Time,Flex and Fixed,Active,High,Female,66,"28 Years, 1 Months",28,47207.74,3,0.27,0.65,0.57,3,1,1,0,1,69423.15,0
4125,15608406,Schmidt,Accounting Coordinator,03/09/1981,01/01/2011,23/07/2019,White Collar,Permanent,Part Time,Fixed,Voluntarily Terminated,Low,Male,41,"8 Years, 6 Months",8,33905.18,3,0.28,0.61,0.97,2,1,0,1,0,36535.75,1
4126,15633378,Davidson,Account Manager ,14/06/1956,16/01/2018,,White Collar,Permanent,Part Time,Fixed,Active,Low,Female,66,"4 Years, 11 Months",4,34272.39,2,0.68,0.53,0.96,2,1,0,1,0,37252.6,0
4127,15664759,Lamb,National Air Logistics Pharma Compliance Specialist,20/12/1995,14/01/2012,,Blue Collar,Permanent,Part Time,Fixed,Active,Medium,Male,27,"10  Years, 11 Months",10,29780.64,1,0.17,0.52,0.76,1,0,0,1,0,36317.85,0
4128,15625545,Hussey,Warehouse Specialist - Air Logistics,27/03/1979,31/08/2021,,Blue Collar,Temporary,Part Time,Fixed,Active,High,Male,43,"1  Years, 3 Months",1,24921.05,2,0.17,0.74,1,0,0,1,1,1,24921.05,0
4129,15772148,Ferrari,Human Resoruces Coordinator,31/01/1984,30/04/2016,,White Collar,Permanent,Part Time,Fixed,Active,Low,Female,39,"6 Years, 7 Months",6,32492.32,3,0.3,0.47,0.62,3,0,1,0,1,34566.3,0
4130,15810829,Macfarlan,Technical Support Engineer,29/10/1970,13/04/2009,16/02/2020,White Collar,Permanent,Part Time,Flex and Fixed,Voluntarily Terminated,Medium,Male,52,"10 Years, 10 Months",10,54111.87,3,0.16,0.6,0.56,2,1,0,1,0,58059.95,1
4131,15731669,Szabados,Sea Logistics Pricing Coordinator,26/08/1980,27/02/2021,,White Collar,Permanent,Part Time,Fixed,Active,Low,Male,42,"1  Years, 9 Months",1,35862.1,2,0.46,0.81,0.58,0,0,0,1,0,35862.1,0
4132,15738634,Yuan,Technical Support Engineer,17/06/1984,01/10/2021,,White Collar,Permanent,Part Time,Flex and Fixed,Active,Low,Male,38,"1  Years, 2 Months",1,57575.99,1,0.57,0.95,0.59,1,1,1,1,0,60606.3,0
4133,15737571,Matveyev,BI Developer,31/07/1970,12/06/2016,,White Collar,Permanent,Part Time,Flex and Fixed,Active,High,Female,52,"6 Years, 6 Months",6,51638.36,1,0.38,0.98,0.8,2,1,1,0,1,58679.95,0
4134,15667602,Cheng,Warehouse Quality Control Specialist - Air Logistics,16/01/1980,15/08/2014,,Blue Collar,Permanent,Part Time,Fixed,Active,Low,Male,43,"8 Years, 4 Months",8,22855.06,1,0.15,0.52,0.8,1,0,0,1,0,27208.4,0
4135,15684147,Palerma,Network Engineer,08/11/1979,12/05/2018,,White Collar,Permanent,Part Time,Flex and Fixed,Active,Low,Male,43,"4 Years, 7 Months",4,58578.82,3,0.48,1,0.97,3,1,1,1,1,65818.9,0
4136,15789874,Wang,Accounts Payable,20/09/1977,10/03/2018,,White Collar,Permanent,Part Time,Fixed,Active,Low,Female,45,"4 Years, 9 Months",4,31046.95,4,0.15,0.71,0.74,3,1,0,0,0,32340.57,0
4137,15757952,Teng,Inventory Clerk,07/09/2003,23/10/2009,04/03/2022,Blue Collar,Temporary,Part Time,Fixed,Voluntarily Terminated,Low,Male,19,"12 Years, 4 Months",12,22933.07,1,0.39,0.19,0.83,3,0,0,1,0,24606.3,1
4138,15698732,K'ung,Project Manager,20/03/1956,08/02/2000,,White Collar,Permanent,Part Time,Flex and Fixed,Active,Low,Male,66,"22 Years, 10 Months",22,29691.29,3,0.26,0.94,0.87,5,1,0,1,0,45678.9,0
4139,15714355,Sinclair,IT-Support,02/11/1991,06/07/2020,,White Collar,Permanent,Part Time,Fixed,Active,Medium,Male,31,"2 Years, 5 Months",2,39181.43,3,0.28,0.58,0.43,1,0,1,0,1,39981.05,0
4140,15599090,McKelvey,IT-Support,30/05/1986,18/02/2016,,White Collar,Permanent,Part Time,Fixed,Active,Medium,Male,36,"6 Years, 10 Months",6,36875.68,4,0.35,0.92,0.69,2,0,1,1,1,39229.45,0
4141,15762048,Yuan,Perishable Operational Care Specialist - Air Logistics,27/01/1968,18/03/1995,,Blue Collar,Permanent,Part Time,Fixed,Active,Low,Female,55,"27 Years, 9 Months",27,29553.85,2,0.28,0.65,0.8,2,0,1,1,1,35183.15,0
4142,15790596,Moran,Accountant,10/05/1990,04/09/2012,,White Collar,Permanent,Part Time,Fixed,Active,Low,Male,32,"10  Years, 3 Months",10,29490.52,2,0.1,0.74,0.74,3,1,1,1,1,36863.15,0
4143,15609623,McConnell,Perishable Customer Care Team Leader - Air Logistics,23/10/1994,11/11/2015,04/09/2016,White Collar,Permanent,Part Time,Fixed,Voluntarily Terminated,High,Female,28,"0 Years, 9 Months",0,34604.37,3,0.23,0.6,0.53,4,0,0,1,0,39323.15,1
4144,15711901,Iheatu,Perishable Warehouse Shift Manager - Air Logistics,08/02/1988,18/07/2019,,White Collar,Permanent,Part Time,Fixed,Active,Medium,Male,35,"3 Years, 5 Months",3,58532.3,2,0.43,1,1,1,1,1,1,0,62268.4,0
4145,15779809,Giordano,Project Manager,09/03/1974,30/03/2015,,White Collar,Permanent,Part Time,Flex and Fixed,Active,Medium,Male,49,"7 Years, 8 Months",7,39621.82,2,0.3,0.81,0.96,2,1,1,0,1,44518.9,0
4146,15729018,Alexander,Perishable Operational Care Specialist - Air Logistics,22/03/1998,09/01/2019,,Blue Collar,Permanent,Part Time,Fixed,Active,Low,Female,24,"3 Years, 11 Months",3,34965.93,3,0.29,0.54,0.67,2,0,1,1,1,36047.35,0
4147,15698246,Gordon,Regional Air logistics Trainer Specialist,24/07/1966,29/01/1984,,White Collar,Permanent,Part Time,Fixed,Active,Low,Female,56,"38 Years, 10 Months",38,27637.76,2,0.56,0.78,0.81,4,0,1,1,1,32902.1,0
4148,15712409,Tang,Data Analyst,16/09/1969,01/10/2003,,White Collar,Permanent,Part Time,Flex and Fixed,Active,Low,Male,53,"19 Years, 2 Months",19,42227.43,1,0.89,0.82,0.88,1,1,1,1,1,45308.4,0
4149,15758306,T'an,National Air Logistics Gateway Trade Lane Specialist,16/03/1983,25/05/2017,,White Collar,Permanent,Part Time,Fixed,Active,Medium,Male,39,"5 Years, 6 Months",5,31497.9,3,0.29,0.9,0.96,3,0,1,1,1,33508.4,0
4150,15621435,Davies,Human Resoruces Coordinator,03/12/1995,24/05/2012,,White Collar,Permanent,Part Time,Fixed,Active,Low,Female,27,"10  Years, 6 Months",10,27689.24,3,0.29,0.62,0.62,2,0,0,0,0,34611.55,0
4151,15566295,Sanders,Business Development Executive,16/01/1970,15/10/1991,,White Collar,Permanent,Full Time,Flex and Fixed,Active,Medium,Female,53,"31 Years, 2 Months",31,39629.37,3,0.73,0.77,0.76,1,0,0,1,0,42158.9,0
4152,15569098,Winifred,Accounts Payable,18/07/1981,20/06/2014,22/06/2019,White Collar,Permanent,Full Time,Fixed,Voluntarily Terminated,High,Male,41,"5 Years, 0 Months",5,32629.57,2,0.27,0.58,0.86,2,1,0,0,0,37505.25,1
4153,15662532,Holmes,Revenue Care Specialist- Air Logistics,04/06/1959,05/07/1983,,White Collar,Permanent,Full Time,Fixed,Active,High,Male,63,"39 Years, 5 Months",39,25542.67,4,0.85,0.58,0.47,2,1,1,1,1,41197.85,0
4154,15664001,Riddle,Apprentice,08/01/2004,21/08/2009,23/11/2013,Blue Collar,Apprentice,Full Time,Fixed,Voluntarily Terminated,High,Female,19,"4 Years, 3 Months",4,19962.1,2,0.29,0.78,0.72,3,0,0,1,0,22684.2,1
4155,15703437,Chinedum,Human Resoruces Coordinator,21/12/1985,07/10/2020,,White Collar,Permanent,Full Time,Fixed,Active,Medium,Male,37,"2 Years, 2 Months",2,31196.71,1,0.68,0.98,0.66,3,0,0,1,0,34282.1,0
4156,15708003,Aleksandrova,National Perishable Air Logistics Development Manager Retail,24/08/1994,05/06/2020,,White Collar,Permanent,Full Time,Flex and Fixed,Active,High,Male,28,"2 Years, 6 Months",2,35262.83,4,0.86,0.75,0.5,1,1,0,1,0,37513.65,0
4157,15599452,Conti,Aerospace International Logistics Specialist,15/05/1997,03/09/2014,,Blue Collar,Permanent,Full Time,Fixed,Active,Low,Female,25,"8 Years, 3 Months",8,27239.86,1,0.44,0.74,0.67,1,0,0,1,0,32428.4,0
4158,15719793,Watson,Senior DevOps Engineer,17/12/1972,26/06/2022,,White Collar,Permanent,Full Time,Flex and Fixed,Active,Medium,Male,50,"0 Years, 5 Months",0,68065.25,3,0.29,0.9,0.99,0,1,1,1,1,68065.25,0
4159,15771580,Davison,Aerospace International Logistics Specialist,15/10/1971,24/10/2015,,Blue Collar,Permanent,Full Time,Fixed,Active,Low,Female,51,"7 Years, 1 Months",7,31572.99,3,0.7,0.73,0.71,3,0,1,0,1,33949.45,0
4160,15732268,Cook,Road Logistics Sales Representative,04/03/2002,11/11/2014,,White Collar,Permanent,Full Time,Fixed,Active,High,Male,21,"8 Years, 1 Months",8,29590.22,4,0.74,0.9,0.62,2,0,0,1,0,33625.25,0
4161,15722350,Udinesi,Perishable Operational Care Specialist - Air Logistics,19/12/1997,01/11/2015,,Blue Collar,Permanent,Full Time,Fixed,Active,Medium,Female,25,"7 Years, 1 Months",7,29913.68,2,0.29,0.68,0.91,2,0,1,1,1,32165.25,0
4162,15611371,Siciliani,Stock Investigator & Analyst,27/09/1984,01/09/2015,,White Collar,Permanent,Full Time,Flex and Fixed,Active,Medium,Male,38,"7 Years, 3 Months",7,41501.29,2,0.11,0.9,0.74,3,1,1,1,1,49406.3,0
4163,15673584,Bell,Business Analyst,26/05/1991,03/12/2013,,White Collar,Permanent,Full Time,Flex and Fixed,Active,High,Female,31,"9 Years, 0 Months",9,40656.82,4,0.25,0.64,0.93,1,1,1,1,1,47831.55,0
4164,15636396,Jackson,Customer Servce Administrative Officer,12/11/1977,27/03/2012,,Blue Collar,Permanent,Full Time,Fixed,Active,Medium,Female,45,"10  Years, 8 Months",10,26752.66,2,0.28,0.63,0.9,5,0,1,0,1,31848.4,0
4165,15706170,Onyemere,National Perishable Air Logistics Development Manager Retail,09/01/2001,09/05/2018,,White Collar,Permanent,Full Time,Flex and Fixed,Active,Medium,Male,22,"4 Years, 7 Months",4,35162.26,4,0.96,0.87,0.89,1,1,0,0,0,36627.35,0
4166,15725478,McClemans,Network Engineer,29/10/1958,07/05/1986,,White Collar,Permanent,Full Time,Flex and Fixed,Active,High,Male,64,"36 Years, 7 Months",36,38787.16,3,0.78,0.6,0.55,3,1,1,1,1,70522.1,0
4167,15654562,Ma,Pricing Analyst,28/06/1965,23/08/2013,04/10/2017,White Collar,Permanent,Full Time,Flex and Fixed,Voluntarily Terminated,Medium,Female,57,"4 Years, 1 Months",4,49952.91,2,0.24,0.7,0.74,3,1,0,1,0,51497.85,1
4168,15737509,Morrison,Material Handler ,11/04/2002,06/11/2021,,Blue Collar,Temporary,Full Time,Fixed,Active,Medium,Male,20,"1  Years, 1 Months",1,23634.14,3,0.08,0.73,0.94,1,0,0,0,0,24618.9,0
4169,15690796,Chambers,Gateway & Procurement Team Leader- Air Logistics,26/02/1959,10/12/1998,,White Collar,Permanent,Full Time,Fixed,Active,Medium,Male,64,"24 Years, 0 Months",24,27867.28,4,0.6,0.45,0.75,5,0,0,1,0,42223.15,0
4170,15716728,Basedow,Accountant,28/11/1996,12/09/2020,,White Collar,Permanent,Full Time,Fixed,Active,Medium,Female,26,"2 Years, 3 Months",2,30458.16,4,0.27,0.43,0.9,1,1,1,0,0,33470.5,0
4171,15605665,Nwora,Inventory Clerk,15/11/2002,07/02/2022,,Blue Collar,Temporary,Full Time,Fixed,Active,High,Female,20,"0 Years, 10 Months",0,24350.5,2,0.1,0.92,0.46,0,0,1,1,1,24350.5,0
4172,15748481,Howey,Accounts Payable,29/05/1997,26/07/2020,,White Collar,Permanent,Full Time,Fixed,Active,High,Female,25,"2 Years, 4 Months",2,31193.15,3,0.37,0.72,0.81,1,1,0,0,0,33184.2,0
4173,15757777,Pai,Warehouse Specialist - Air Logistics,16/07/1988,08/10/2015,,Blue Collar,Temporary,Full Time,Fixed,Active,High,Female,34,"7 Years, 2 Months",7,22694.18,2,0.17,0.94,0.84,2,0,1,1,1,25215.75,0
4174,15747808,Ni,Finance Analyst,09/02/1979,11/12/2015,,White Collar,Permanent,Full Time,Flex and Fixed,Active,Medium,Male,44,"7 Years, 0 Months",7,43651.89,1,0.29,0.74,0.52,2,1,1,1,1,48502.1,0
4175,15810593,Forbes,Cloud Service Analyst,29/09/1982,13/08/2016,,White Collar,Permanent,Full Time,Flex and Fixed,Active,Medium,Male,40,"6 Years, 4 Months",6,56807.21,4,0.99,0.48,0.71,2,1,1,1,1,64553.65,0
4176,15693376,Baryshnikov,National Perishable Air Logistics Development Manager Seafood,08/01/1998,29/07/2011,08/12/2020,White Collar,Permanent,Full Time,Flex and Fixed,Voluntarily Terminated,Medium,Male,25,"9 Years, 4 Months",9,30027.11,3,0.43,0.84,0.76,2,1,1,1,1,32356.8,1
4177,15579808,Kramer,Trucking Team Leader- Air Logistics,12/12/1971,12/05/2018,,White Collar,Permanent,Full Time,Fixed,Active,Medium,Female,51,"4 Years, 7 Months",4,41557.87,2,0.77,0.53,0.86,1,0,1,1,1,43289.45,0
4178,15598275,Sochima,Trucking Specialist - Air Logistics,22/06/1959,18/07/2010,,Blue Collar,Permanent,Full Time,Fixed,Active,Medium,Female,63,"12  Years, 5 Months",12,28752.36,3,0.13,0.45,0.88,3,0,1,1,1,33826.3,0
4179,15737080,Marchesi,Perishable Apprentice- Air Logistics,08/06/2003,22/02/2022,,Blue Collar,Apprentice,Full Time,Fixed,Active,Medium,Female,19,"0 Years, 9 Months",0,21414.7,2,0.26,0.95,0.67,0,0,1,1,1,21414.7,0
4180,15668580,Todd,Trucking Team Leader- Air Logistics,25/05/1985,03/07/2018,,White Collar,Permanent,Full Time,Fixed,Active,High,Male,37,"4 Years, 5 Months",4,40209.25,1,0.53,0.95,0.58,2,0,1,1,1,43235.75,0
4181,15569438,Mai,Regional Air logistics Trainer Specialist,12/08/1982,12/06/2022,,White Collar,Permanent,Full Time,Fixed,Active,Low,Male,40,"0 Years, 6 Months",0,35758.9,3,0.29,0.7,0.85,0,0,0,0,0,35758.9,0
4182,15675842,Pinto,Perishable Operational Care Specialist - Air Logistics,30/04/1963,29/12/2000,,Blue Collar,Permanent,Full Time,Fixed,Active,Medium,Male,59,"21 Years, 11 Months",21,29515.58,3,0.12,0.73,0.93,2,0,0,1,0,32434.7,0
4183,15577587,Reynolds,Java Software Engineer ,23/02/1982,17/07/2014,07/12/2015,White Collar,Permanent,Full Time,Flex and Fixed,Voluntarily Terminated,High,Male,41,"1 Years, 4 Months",1,62252.12,3,0.46,0.1,0.91,3,1,1,1,1,70741.05,1
4184,15625592,Sal,Internal Trainer,07/08/1991,08/03/2022,,White Collar,Permanent,Full Time,Fixed,Active,High,Male,31,"0 Years, 9 Months",0,32478.9,2,0.54,0.54,0.59,0,0,1,1,0,32478.9,0
4185,15635141,Miller,Accounting Coordinator,09/02/1989,17/05/2015,15/11/2018,White Collar,Permanent,Full Time,Fixed,Voluntarily Terminated,Medium,Male,34,"3 Years, 5 Months",3,33258.29,4,0.38,0.5,0.69,1,1,0,0,0,36953.65,1
4186,15642570,Scott,Account Manager ,23/08/1970,07/03/2018,,White Collar,Permanent,Full Time,Fixed,Active,High,Male,52,"4 Years, 9 Months",4,35160.24,4,0.26,0.95,0.72,1,1,0,1,0,36625.25,0
4187,15702175,Herrin,Human Resoruces Coordinator,04/02/1990,21/12/2016,,White Collar,Permanent,Full Time,Fixed,Active,High,Female,33,"5 Years, 11 Months",5,28977.42,1,0.37,0.69,0.69,1,0,1,1,1,32558.9,0
4188,15677785,Stevenson,Pricing Analyst,05/06/1963,27/10/2011,,White Collar,Permanent,Full Time,Flex and Fixed,Active,Medium,Male,59,"11 Years, 1 Months",11,42634.59,4,0.58,0.72,0.74,1,1,0,1,0,48448.4,0
4189,15786153,McKenzie,Sales Account Manager,15/07/1985,30/10/1985,,White Collar,Permanent,Full Time,Fixed,Active,Medium,Male,37,"37 Years, 1 Months",37,36264.71,1,0.29,0.96,0.7,3,1,0,1,0,37386.3,0
4190,15759499,Gardiner,Accountant,14/05/1990,06/05/2012,,White Collar,Permanent,Full Time,Fixed,Active,Low,Female,32,"10 Years, 7 Months",10,32057.92,1,0.27,0.61,0.5,2,1,1,1,0,36429.45,0
4191,15659568,Atkinson,Gateway & Procurement Specialist - Air Logistics,10/07/1968,27/03/2013,,Blue Collar,Permanent,Full Time,Fixed,Active,Medium,Female,54,"9  Years, 8 Months",9,33518.38,2,0.29,0.76,0.53,1,0,1,1,1,35657.85,0
4192,15715597,Onyemauchechi,Inside Sales Executive/ Account Manager,18/11/1995,25/03/2014,,White Collar,Permanent,Full Time,Flex and Fixed,Active,Low,Male,27,"8 Years, 8 Months",8,34961.21,4,0.73,0.61,0.64,1,1,0,1,0,35674.7,0
4193,15610147,Ross,Trucking Specialist - Air Logistics,02/04/1988,24/01/2016,,Blue Collar,Permanent,Full Time,Fixed,Active,Low,Male,34,"6 Years, 10 Months",6,30162.55,4,0.91,0.79,0.48,1,0,1,0,1,33890.5,0
4194,15802362,Newland,Technical Support Engineer,16/06/1989,04/09/2020,,White Collar,Permanent,Full Time,Flex and Fixed,Active,Medium,Male,33,"2 Years, 3 Months",2,58198.57,1,0.21,0.81,0.9,1,1,1,0,0,59386.3,0
4195,15660524,Hu,Trucking Specialist - Air Logistics,01/06/1960,31/12/1999,,Blue Collar,Permanent,Full Time,Fixed,Active,Medium,Female,62,"22 Years, 11 Months",22,31681.45,3,0.6,0.59,0.9,1,0,1,1,1,36838.9,0
4196,15747168,Sanders,National Air Logistics Gateway Trade Lane Specialist,15/05/1970,09/11/2011,22/11/2015,White Collar,Permanent,Full Time,Fixed,Voluntarily Terminated,Medium,Female,52,"4 Years, 0 Months",4,30103.39,1,0.3,0.73,0.82,3,0,1,0,1,34208.4,1
4197,15796910,Tsui,Recruiter,03/01/1959,24/09/2008,21/02/2021,White Collar,Permanent,Full Time,Fixed,Terminated for Cause,Low,Female,64,"12 Years, 4 Months",12,31193.41,3,0.2,0.87,0.57,3,0,0,0,1,39991.55,1
4198,15707674,Marino,Customer Care Specialist-Key Accounts,26/04/1987,18/01/2021,31/07/2021,White Collar,Permanent,Full Time,Fixed,Voluntarily Terminated,Medium,Female,35,"1  Years, 11 Months",1,29696.74,3,0.43,0.67,0.66,3,0,0,1,0,33746.3,1
4199,15565706,Akobundu,Data Engineer,22/09/1984,07/02/2015,26/08/2020,White Collar,Permanent,Full Time,Flex and Fixed,Voluntarily Terminated,Low,Male,38,"5 Years, 6 Months",5,63287.01,3,0.12,0.96,0.78,2,1,1,1,1,70318.9,1
4200,15587596,Morrison,National Perishable Air Logistics Development Manager Retail,19/07/1992,24/04/2012,,White Collar,Permanent,Full Time,Flex and Fixed,Active,High,Female,30,"10  Years, 7 Months",10,29311.97,2,0.73,0.98,0.51,4,1,0,1,0,35746.3,0
4201,15751943,Mai,National Air Logistics Pharma Compliance Specialist,07/11/1987,19/10/2019,,Blue Collar,Permanent,Full Time,Fixed,Active,Low,Female,35,"3 Years, 1 Months",3,30585.63,4,0.7,0.5,0.58,1,0,0,0,0,33245.25,0
4202,15621227,Hs?eh,Operations Specialist,10/09/2000,08/10/2014,,Blue Collar,Permanent,Full Time,Fixed,Active,Low,Female,22,"8 Years, 2 Months",8,32007.74,4,0.29,0.49,0.71,3,0,1,1,1,36790.5,0
4203,15757588,Wright,Aerospace International Logistics Specialist,26/06/1984,21/02/2012,,Blue Collar,Permanent,Full Time,Fixed,Active,Low,Male,38,"10  Years, 9 Months",10,32274.95,3,0.19,0.58,0.65,3,0,0,0,0,35861.05,0
4204,15640922,Demaine,Perishable Manager - Air Logistics,06/11/1985,18/11/1986,,White Collar,Permanent,Full Time,Flex and Fixed,Active,High,Female,37,"36 Years, 1 Months",36,59308.41,4,0.51,0.57,0.68,1,1,1,1,1,70605.25,0
4205,15567557,Chien,Perishable Operational Care Specialist - Air Logistics,26/11/1978,27/12/2021,,Blue Collar,Permanent,Full Time,Fixed,Active,Medium,Male,44,"0 Years, 11 Months",0,36627.35,1,0.12,0.51,0.94,0,0,1,1,1,36627.35,0
4206,15670103,Dickinson,Apprentice,28/05/2004,25/12/2021,,Blue Collar,Apprentice,Full Time,Fixed,Active,High,Female,18,"0 Years, 11 Months",0,22953.65,3,0.78,0.99,0.69,0,0,1,1,1,22953.65,0
4207,15720929,Kazantseva,Senior DevOps Engineer,09/05/1980,10/08/2015,10/11/2018,White Collar,Permanent,Full Time,Flex and Fixed,Voluntarily Terminated,High,Female,42,"3 Years, 3 Months",3,63409.35,3,0.29,0.8,0.77,1,1,0,0,1,68182.1,1
4208,15732774,Marchesi,Accounting Coordinator,26/12/1998,07/07/2017,,White Collar,Permanent,Full Time,Fixed,Active,Medium,Male,24,"5 Years, 5 Months",5,33426.99,3,0.53,0.56,0.39,1,1,0,1,0,35186.3,0
4209,15628558,Pan,BI Developer,14/03/1980,24/09/2020,,White Collar,Permanent,Full Time,Flex and Fixed,Active,High,Female,42,"2 Years, 2 Months",2,60663.61,4,0.2,0.96,0.84,2,1,1,1,1,64535.75,0
4210,15729201,Harewood,Accounts Payable,29/09/1985,30/09/2009,14/03/2014,White Collar,Permanent,Full Time,Fixed,Voluntarily Terminated,High,Male,37,"4 Years, 5 Months",4,31692.01,3,0.27,0.21,0.5,3,1,0,1,0,36013.65,1
4211,15731117,Kao,National Service Excellence Specialist- Air Logistics,17/12/1994,29/09/2012,,White Collar,Permanent,Full Time,Flex and Fixed,Active,High,Male,28,"10  Years, 2 Months",10,28747.67,2,0.28,0.87,0.53,9,0,0,1,0,34635.75,0
4212,15615207,Yeh,Warehouse Specialist - Air Logistics,23/07/1994,15/08/2018,26/08/2019,Blue Collar,Temporary,Full Time,Fixed,Voluntarily Terminated,Medium,Male,28,"1 Years, 0 Months",1,22679.89,2,0.29,0.61,0.9,3,0,1,1,1,25772.6,1
4213,15773512,Bischof,Apprentice,15/05/2003,21/04/2022,,Blue Collar,Apprentice,Full Time,Fixed,Active,Low,Female,19,"0 Years, 7 Months",0,22474.7,3,1,0.54,0.6,0,0,1,1,1,22474.7,0
4214,15572145,Ashton,IT-Support,21/07/1965,12/01/2004,,White Collar,Permanent,Full Time,Fixed,Active,Low,Female,57,"18  Years, 11 Months",18,27945.24,4,0.87,0.71,0.77,1,0,0,1,0,34931.55,0
4215,15642710,Napolitani,Recruiter,06/09/1990,12/10/2019,,White Collar,Permanent,Full Time,Fixed,Active,High,Male,32,"3 Years, 2 Months",3,34574.18,2,0.76,0.86,0.48,2,0,0,1,0,38415.75,0
4216,15574213,Wilson,Business Development Manager,07/12/1981,15/08/2010,30/05/2021,White Collar,Permanent,Full Time,Flex and Fixed,Voluntarily Terminated,Low,Female,41,"10 Years, 9 Months",10,42781.82,3,0.14,0.25,0.62,2,1,1,1,1,50331.55,1
4217,15718852,Uren,Accountant,15/07/1974,15/08/2017,,White Collar,Permanent,Full Time,Fixed,Active,High,Male,48,"5 Years, 4 Months",5,33264.92,2,0.08,0.68,0.82,1,1,1,1,1,37801.05,0
4218,15583840,Okechukwu,Transport Controller,14/02/2000,18/10/2017,25/10/2022,Blue Collar,Temporary,Full Time,Fixed,Voluntarily Terminated,Low,Male,23,"5 Years, 0 Months",5,24794.46,2,0.21,0.63,0.55,1,0,1,1,1,26950.5,1
4219,15782418,Ku,Business Development Executive,08/04/1961,30/03/1983,,White Collar,Permanent,Full Time,Flex and Fixed,Active,High,Female,61,"39  Years, 8 Months",39,37918.65,1,0.4,0.89,0.68,2,0,1,1,1,40685.25,0
4220,15813504,Onyemachukwu,Perishable Apprentice- Air Logistics,08/05/2002,03/10/2022,,Blue Collar,Apprentice,Full Time,Fixed,Active,High,Female,20,"0 Years, 2 Months",0,21363.15,2,0.35,0.87,0.82,0,0,1,1,1,21363.15,0
4221,15711314,Kao,Business Development Executive,29/05/1977,26/03/2015,,White Collar,Permanent,Full Time,Flex and Fixed,Active,High,Female,45,"7 Years, 8 Months",7,38585.19,3,0.39,0.87,0.78,1,0,0,0,0,41489.45,0
4222,15621064,Russell,IT-Support,02/06/1991,31/05/2014,,White Collar,Permanent,Full Time,Fixed,Active,Medium,Male,31,"8 Years, 6 Months",8,30465.56,4,0.28,0.71,0.99,3,0,1,1,1,34619.95,0
4223,15627847,Woronoff,Sales Account Manager,03/05/1966,16/05/1995,,White Collar,Permanent,Full Time,Fixed,Active,High,Male,56,"27  Years, 7 Months",27,33020.25,2,0.29,0.98,0.87,3,1,0,1,0,35429.45,0
4224,15588090,Ferri,Recruiter,18/02/1960,02/07/1983,,White Collar,Permanent,Full Time,Fixed,Active,High,Female,63,"39 Years, 5 Months",39,40295.71,2,0.67,0.8,0.51,1,0,0,1,0,41974.7,0
4225,15735270,Ruggiero,Customer Servce Administrative Officer,09/07/1995,30/04/2014,08/10/2015,Blue Collar,Permanent,Full Time,Fixed,Voluntarily Terminated,Low,Male,27,"1 Years, 5 Months",1,28550.96,3,0.36,0.83,0.68,1,0,0,1,1,31033.65,1
4226,15671804,Wilding,Analyst Programmer ,07/06/1982,05/04/2014,,White Collar,Permanent,Full Time,Flex and Fixed,Active,Medium,Male,40,"8 Years, 8 Months",8,53382.68,1,0.3,0.65,0.77,3,1,1,1,1,62803.15,0
4227,15753215,Yashina,Gateway & Procurement Specialist - Air Logistics,08/12/1962,12/06/2011,,Blue Collar,Permanent,Full Time,Fixed,Active,Low,Female,60,"11 Years, 6 Months",11,30944.75,1,0.44,0.95,0.64,2,0,0,1,0,32919.95,0
4228,15789941,Yevseyev,Project Coordinator,27/02/1985,23/04/2012,,White Collar,Permanent,Full Time,Fixed,Active,Medium,Female,38,"10  Years, 7 Months",10,30373.88,4,0.75,0.67,0.67,5,0,0,0,0,37967.35,0
4229,15691061,Rapuokwu,National Perishable Air Logistics Development Manager Retail,13/11/1996,22/10/2020,,White Collar,Permanent,Full Time,Flex and Fixed,Active,Medium,Female,26,"2 Years, 1 Months",2,31139.94,2,0.69,0.53,0.88,2,1,1,1,1,35386.3,0
4230,15808326,Maslov,Inside Sales Executive/ Account Manager,04/08/1957,19/04/1995,,White Collar,Permanent,Full Time,Flex and Fixed,Active,Medium,Female,65,"27 Years, 7 Months",27,22705.76,1,0.52,0.74,0.94,1,1,1,1,1,32436.8,0
4231,15566660,Cole,Data Engineer,11/07/1979,26/05/2018,,White Collar,Permanent,Full Time,Flex and Fixed,Active,Medium,Female,43,"4 Years, 6 Months",4,64803.79,2,0.79,0.77,0.79,1,1,0,1,0,70438.9,0
4232,15778947,Sullivan,Gateway & Procurement Specialist - Air Logistics,10/05/1988,05/02/2013,,Blue Collar,Permanent,Full Time,Fixed,Active,High,Male,34,"9 Years, 10 Months",9,30570.22,4,0.29,0.75,0.72,1,0,1,1,1,33593.65,0
4233,15632977,Hsiao,Human Resoruces Coordinator,02/06/1979,19/11/2012,,White Collar,Permanent,Full Time,Fixed,Active,Low,Male,43,"10  Years, 0 Months",10,30428.17,4,0.42,0.82,0.92,2,0,0,0,0,35797.85,0
4234,15591747,Rossi,Cloud Service Analyst,02/11/1971,28/02/2015,,White Collar,Permanent,Full Time,Flex and Fixed,Active,Medium,Male,51,"7 Years, 9 Months",7,53029.02,3,0.27,0.88,0.65,2,1,0,0,0,58273.65,0
4235,15567335,Allsop,Apprentice,28/10/2003,16/05/2022,,Blue Collar,Apprentice,Full Time,Fixed,Active,Medium,Female,19,"0 Years, 7 Months",0,21934.7,3,0.47,0.89,0.5,0,0,1,1,1,21934.7,0
4236,15609299,Chamberlain,Customer Care Specialist-Key Accounts,14/01/1989,26/04/2012,,White Collar,Permanent,Full Time,Fixed,Active,Medium,Male,34,"10  Years, 7 Months",10,31339.93,3,0.23,0.85,0.51,5,0,0,1,0,36870.5,0
4237,15669945,Jackson,Warehouse Shift Team Leader Healthcare- Air Logistics,18/01/1985,12/03/2012,,White Collar,Permanent,Full Time,Fixed,Active,Low,Male,38,"10 Years, 9 Months",10,38552,3,0.88,0.93,0.87,2,0,0,1,0,40581.05,0
4238,15736271,Dumetochukwu,Trucking Specialist - Air Logistics,18/11/1984,24/10/2012,,Blue Collar,Permanent,Full Time,Fixed,Active,Medium,Female,38,"10  Years, 1 Months",10,26712.91,3,0.09,0.62,0.7,5,0,0,1,0,32978.9,0
4239,15710390,Uspensky,Sales Account Manager,14/09/1961,03/01/2010,,White Collar,Permanent,Full Time,Fixed,Active,Medium,Female,61,"12  Years, 11 Months",12,32474.84,3,0.08,0.58,0.96,1,1,1,1,0,36083.15,0
4240,15756481,Garcia,Technical Support Engineer,13/06/1992,11/11/2006,,White Collar,Permanent,Full Time,Flex and Fixed,Active,Medium,Female,30,"16 Years, 1 Months",16,51561.49,1,0.54,0.98,0.5,2,1,0,1,0,58592.6,0
4241,15736730,Soto,Accounting Coordinator,25/12/1995,25/05/2018,,White Collar,Permanent,Full Time,Fixed,Active,Low,Female,27,"4 Years, 6 Months",4,31684.24,1,0.17,0.52,0.45,2,1,1,1,1,34817.85,0
4242,15626040,McDonald,Material Handler ,01/04/2002,28/05/2020,,Blue Collar,Temporary,Full Time,Fixed,Active,High,Male,20,"2 Years, 6 Months",2,26466.3,2,0.79,0.76,0.49,0,0,1,0,1,26466.3,0
4243,15746553,Castles,Transport Controller,12/06/1956,21/07/2010,09/02/2022,Blue Collar,Temporary,Full Time,Fixed,Voluntarily Terminated,High,Male,66,"11 Years, 6 Months",11,22326.28,3,0.27,0.73,0.91,3,0,1,0,1,26578.9,1
4244,15622518,Stephenson,Data Engineer,21/10/1977,30/06/2011,27/11/2019,White Collar,Permanent,Full Time,Flex and Fixed,Voluntarily Terminated,Low,Female,45,"11  Years, 5 Months",11,67079.71,3,0.22,0.74,0.64,1,1,1,1,1,69874.7,1
4245,15684908,Davidson,Inside Sales Executive/ Account Manager,29/12/1960,22/05/2020,,White Collar,Permanent,Full Time,Flex and Fixed,Active,Low,Male,62,"2 Years, 6 Months",2,30397.97,1,0.27,0.49,0.48,2,1,1,0,1,34543.15,0
4246,15569446,Tu,IT-Support,09/06/1955,20/06/1996,,White Collar,Permanent,Full Time,Fixed,Active,Low,Female,67,"26 Years, 5 Months",26,25030.5,3,0.29,0.91,0.97,5,0,0,1,0,35757.85,0
4247,15777504,Colbert,BI Developer,25/05/1971,13/08/2018,,White Collar,Permanent,Full Time,Flex and Fixed,Active,Low,Female,51,"4 Years, 4 Months",4,63321.55,3,0.3,0.74,0.92,1,1,1,1,1,65959.95,0
4248,15677906,Owens,Java Software Engineer ,16/01/1978,08/07/2012,,White Collar,Permanent,Full Time,Flex and Fixed,Active,High,Female,45,"10 Years, 5 Months",10,61158.82,4,0.53,0.86,0.82,3,1,1,0,1,65621.05,0
4249,15703292,Chimezie,Forklift Operator,12/10/2003,06/08/2022,,Blue Collar,Temporary,Full Time,Fixed,Active,Medium,Male,19,"0 Years, 4 Months",0,24390.5,3,0.56,0.52,0.47,0,0,1,1,1,24390.5,0
4250,15712938,Genovese,IT-Support,27/11/1981,03/08/2013,,White Collar,Permanent,Full Time,Fixed,Active,Low,Male,41,"9 Years, 4 Months",9,38252.53,2,0.28,0.95,0.81,2,0,1,1,1,42035.75,0
4251,15631359,Daluchi,Perishable Warehouse Specialist - Air Logistics,25/09/1972,24/09/2019,,Blue Collar,Permanent,Full Time,Fixed,Active,Low,Female,50,"3 Years, 2 Months",3,30449.21,1,0.27,0.65,0.98,1,0,0,0,0,34212.6,0
4252,15720847,Sheffield,Finance Director,29/01/1957,06/10/1997,,White Collar,Permanent,Full Time,Flex and Fixed,Active,High,Male,66,"25 Years, 2 Months",25,65040.56,3,0.92,0.7,0.56,5,0,1,1,1,98546.3,0
4253,15787830,Bailey,Transport Controller,12/03/1983,25/06/2022,,Blue Collar,Temporary,Full Time,Fixed,Active,Medium,Male,39,"0 Years, 5 Months",0,26210.5,3,0.29,0.78,0.66,0,0,0,1,0,26210.5,0
4254,15599869,Dyson,National Service Excellence Specialist- Air Logistics,19/10/1985,18/11/2016,,White Collar,Permanent,Full Time,Flex and Fixed,Active,Medium,Female,37,"6 Years, 1 Months",6,28292.44,1,0.49,0.92,0.53,2,0,1,1,1,32150.5,0
4255,15592078,Davide,National Air Logistics Perishable Manager,25/07/1973,11/05/2017,,White Collar,Permanent,Full Time,Flex and Fixed,Active,High,Female,49,"5 Years, 7 Months",5,66468.98,3,0.75,0.54,0.6,2,1,0,1,0,69967.35,0
4256,15596228,Uwaezuoke,Accounts Payable,07/11/1996,07/04/2018,,White Collar,Permanent,Full Time,Fixed,Active,Low,Male,26,"4 Years, 8 Months",4,31044.29,4,0.36,0.76,0.95,2,1,0,1,0,34493.65,0
4257,15578462,Hs?,Network Engineer,06/03/1985,23/07/2014,,White Collar,Permanent,Full Time,Flex and Fixed,Active,Low,Female,38,"8 Years, 4 Months",8,56586.81,1,0.12,0.78,0.66,2,1,1,1,0,67365.25,0
4258,15756894,Onwuka,National Air Logistics Pharma Compliance Specialist,30/09/1995,01/02/2020,,Blue Collar,Permanent,Full Time,Fixed,Active,Medium,Male,27,"2 Years, 10 Months",2,32301.32,4,0.22,0.85,0.86,1,0,1,0,1,34732.6,0
4259,15796167,Flores,Data Engineer,18/12/1959,08/05/2015,,White Collar,Permanent,Full Time,Flex and Fixed,Active,Low,Male,63,"7 Years, 7 Months",7,63054.29,4,0.19,0.78,0.8,2,1,0,1,0,71652.6,0
4260,15664808,Nicoll,Customer Care Specialist-Key Accounts,19/08/1997,15/11/2021,,White Collar,Permanent,Full Time,Fixed,Active,Low,Female,25,"1  Years, 1 Months",1,32166.75,3,0.82,0.55,0.72,1,0,0,0,0,34219.95,0
4261,15664555,Hughes,Warehouse Specialist - Air Logistics,24/08/1996,22/06/2014,,Blue Collar,Temporary,Full Time,Fixed,Active,Low,Male,26,"8 Years, 5 Months",8,21497.82,1,0.25,0.68,0.61,2,0,1,0,1,25291.55,0
4262,15607278,Romano,Data Analyst,29/05/1989,03/12/2014,,White Collar,Permanent,Full Time,Flex and Fixed,Active,Low,Female,33,"8 Years, 0 Months",8,44474.73,4,0.3,0.91,0.68,3,1,1,1,1,48342.1,0
4263,15585222,Norman,Sea Logistics Pricing Coordinator,01/09/1965,04/09/1999,,White Collar,Permanent,Full Time,Fixed,Active,Medium,Male,57,"23 Years, 3 Months",23,32698.56,3,0.19,0.76,0.56,2,0,1,1,1,36739.95,0
4264,15750299,Davison,Technical Support Engineer,14/05/1965,24/01/1998,,White Collar,Permanent,Part Time,Flex and Fixed,Active,High,Male,57,"24  Years, 10 Months",24,55936.23,3,0.19,0.61,0.67,1,1,1,0,1,58880.24,0
4265,15761294,Manna,Warehouse Specialist - Air Logistics,07/11/1956,26/05/2008,,Blue Collar,Temporary,Full Time,Fixed,Active,Low,Female,66,"14  Years, 6 Months",14,23579.34,4,0.2,0.95,0.6,1,0,0,1,0,26794.7,0
4266,15810454,Reed,National Air Logistics Pharma Compliance Specialist,27/06/1995,27/02/2017,,Blue Collar,Permanent,Full Time,Fixed,Active,Medium,Male,27,"5 Years, 9 Months",5,31455.97,4,0.08,0.74,0.37,2,0,1,0,1,33111.55,0
4267,15673984,Daniels,Trucking Team Leader- Air Logistics,17/02/1978,19/03/2018,16/05/2021,White Collar,Permanent,Full Time,Fixed,Voluntarily Terminated,High,Female,45,"3 Years, 1 Months",3,36665.96,3,0.3,0.92,0.56,10,0,0,1,1,40739.95,1
4268,15609319,Hunt,Perishable Customer Care Team Leader - Air Logistics,14/06/1985,09/01/2015,,White Collar,Permanent,Full Time,Fixed,Active,High,Female,37,"7 Years, 11 Months",7,37030.36,3,0.97,0.64,0.89,1,0,1,1,1,42079.95,0
4269,15709941,Feng,Warehouse Quality Control Specialist - Air Logistics,01/08/1968,13/11/2014,06/05/2016,Blue Collar,Permanent,Full Time,Fixed,Voluntarily Terminated,Medium,Male,54,"1 Years, 5 Months",1,22311.43,3,0.17,0.2,0.9,1,0,0,1,0,24251.55,1
4270,15580252,Waters,Revenue Care Specialist- Air Logistics,19/12/1987,21/03/2017,,White Collar,Permanent,Full Time,Fixed,Active,High,Male,35,"5 Years, 8 Months",5,37870.12,3,0.17,0.59,0.72,1,1,1,0,1,40720.56,0
4271,15741275,Yuan,Gateway & Procurement Team Leader- Air Logistics,18/03/1995,05/08/2019,,White Collar,Permanent,Full Time,Fixed,Active,Low,Female,27,"3 Years, 4 Months",3,34525.41,4,0.38,0.85,0.67,1,0,1,1,1,38792.6,0
4272,15707132,Yudin,Stock Investigator & Analyst,13/02/1985,10/11/2012,,White Collar,Permanent,Full Time,Flex and Fixed,Active,Low,Male,38,"10 Years, 1 Months",10,44816.99,4,0.17,0.52,0.86,10,1,1,0,1,50928.4,0
4273,15600708,Calabresi,Business Analyst,19/09/1975,13/08/2012,,White Collar,Permanent,Full Time,Flex and Fixed,Active,Low,Female,47,"10  Years, 4 Months",10,41082.34,2,1,0.54,0.81,2,1,1,1,1,49496.8,0
4274,15804787,Onyemauchechukwu,Perishable Customer Care Team Leader - Air Logistics,17/01/1955,27/07/2012,,White Collar,Permanent,Full Time,Fixed,Active,Medium,Male,68,"10 Years, 4 Months",10,35778.91,2,0.68,0.56,0.81,3,0,1,1,1,40657.85,0
4275,15690021,Martin,National Air Logistics Pharma Compliance Specialist,18/02/1958,13/01/1994,25/08/2021,Blue Collar,Permanent,Full Time,Fixed,Terminated for Cause,High,Female,65,"27 Years, 7 Months",27,22602.45,1,0.37,0.59,0.79,4,0,1,0,1,33238.9,1
4276,15763895,Hung,Perishable Warehouse Shift Team Leader - Air Logistics,09/05/1985,13/12/2011,,White Collar,Permanent,Full Time,Fixed,Active,Low,Male,37,"11  Years, 0 Months",11,39557.21,2,0.29,0.88,0.58,1,0,0,1,0,42626.3,0
4277,15623478,Maslova,Accounts Payable,03/06/1985,26/02/1996,,White Collar,Permanent,Full Time,Fixed,Active,Medium,Female,37,"26 Years, 9 Months",26,34870.9,3,0.3,0.7,0.84,1,1,1,0,1,37903.15,0
4278,15797910,Zetticci,Transport Controller,16/08/1985,29/01/2021,,Blue Collar,Temporary,Full Time,Fixed,Active,Low,Male,37,"1  Years, 10 Months",1,25767.35,3,0.58,0.95,0.58,0,0,1,1,1,25767.35,0
4279,15577751,Pisano,Internal Trainer,28/03/1973,19/07/2021,,White Collar,Permanent,Full Time,Fixed,Active,Low,Male,49,"1  Years, 4 Months",1,33669.45,3,0.38,0.83,0.88,0,0,0,0,0,33669.45,0
4280,15781777,Sutherland,Transport Controller,09/06/1995,06/02/2020,,Blue Collar,Temporary,Full Time,Fixed,Active,Low,Male,27,"2 Years, 10 Months",2,23138.89,2,0.86,0.76,0.62,3,0,0,0,0,25427.35,0
4281,15740527,Lai,Customer Servce Administrative Officer,01/04/1996,05/02/2009,02/10/2018,Blue Collar,Permanent,Full Time,Fixed,Voluntarily Terminated,Medium,Female,26,"9 Years, 7 Months",9,32473.13,4,0.09,0.82,0.92,1,0,1,0,1,34992.6,1
4282,15721251,Watson,Trucking Team Leader- Air Logistics,08/09/1992,22/05/2014,,White Collar,Permanent,Full Time,Fixed,Active,Low,Female,30,"8 Years, 6 Months",8,32517.7,4,0.42,0.55,0.97,1,0,1,0,1,38711.55,0
4283,15602994,Gorbunov,Pricing Analyst,19/02/1986,02/11/2018,,White Collar,Permanent,Full Time,Flex and Fixed,Active,High,Female,37,"4 Years, 1 Months",4,45439.55,3,0.3,0.89,0.55,2,1,1,0,1,48339.95,0
4284,15750769,Padovano,Customer Care Specialist-Key Accounts,03/12/1990,21/04/2009,,White Collar,Permanent,Full Time,Fixed,Active,Low,Male,32,"13 Years, 7 Months",13,29950.62,1,0.6,0.66,0.94,2,0,0,1,0,34826.3,0
4285,15740175,Raynor,National Perishable Air Logistics Development Manager Retail,16/05/1983,16/02/2021,,White Collar,Permanent,Full Time,Flex and Fixed,Active,Medium,Female,39,"1  Years, 10 Months",1,35448.97,3,0.29,0.41,0.61,1,1,0,0,0,37314.7,0
4286,15679968,Ting,Regional Air logistics Trainer Specialist,24/04/1969,31/05/2012,,White Collar,Permanent,Full Time,Fixed,Active,Low,Male,53,"10 Years, 6 Months",10,32622.59,3,0.5,0.83,0.77,2,0,0,1,0,35153.65,0
4287,15694404,Eberegbulam,Air Quality Manager healthcare,06/11/1979,11/01/2012,,White Collar,Permanent,Full Time,Flex and Fixed,Active,Medium,Female,43,"10  Years, 11 Months",10,65628.95,4,0.92,0.88,0.72,1,1,1,1,0,72921.05,0
4288,15657529,Chin,Accountant,13/03/1986,05/03/2013,19/06/2022,White Collar,Permanent,Full Time,Fixed,Voluntarily Terminated,Low,Male,36,"9 Years, 3 Months",9,30767.28,2,0.12,0.56,0.66,3,1,1,1,1,36196.8,1
4289,15762882,Manna,Perishable Customer Care Team Leader - Air Logistics,09/05/1957,30/04/2015,,White Collar,Permanent,Full Time,Fixed,Active,Medium,Female,65,"7 Years, 7 Months",7,35221.46,3,0.47,0.53,0.72,1,0,1,1,1,38284.2,0
4290,15642579,Chang,National Service Excellence Specialist- Air Logistics,08/07/1985,14/05/1998,,White Collar,Permanent,Full Time,Flex and Fixed,Active,High,Female,37,"24 Years, 7 Months",24,30732.08,3,0.59,0.8,0.41,1,0,1,1,1,33045.25,0
4291,15598884,Kent,Customer Care Specialist-Key Accounts,05/09/1962,15/03/2005,,White Collar,Permanent,Full Time,Fixed,Active,High,Female,60,"17 Years, 9 Months",17,30019.21,4,0.79,0.95,0.78,3,0,1,1,1,32209.45,0
4292,15770185,Buckley,Technical Support Engineer,25/06/1990,17/10/2015,,White Collar,Permanent,Full Time,Flex and Fixed,Active,Low,Male,32,"7 Years, 2 Months",7,52661.34,3,0.3,0.9,0.88,1,1,0,1,0,58512.6,0
4293,15800287,Micco,Inside Sales Executive/ Account Manager,09/04/1955,11/06/2014,06/04/2015,White Collar,Permanent,Full Time,Flex and Fixed,Voluntarily Terminated,Medium,Female,67,"8  Years, 6 Months",8,34888.16,2,0.26,0.5,0.97,3,1,0,1,1,37433.65,1
4294,15665861,Avdeev,Apprentice,06/05/2002,21/05/2022,,Blue Collar,Apprentice,Full Time,Fixed,Active,Low,Male,20,"0 Years, 6 Months",0,21967.35,4,0.3,0.4,0.59,0,0,1,1,1,21967.35,0
4295,15662203,Bremer,Road Logistics Sales Representative,30/03/2002,18/11/2017,,White Collar,Permanent,Full Time,Fixed,Active,Low,Female,20,"5 Years, 1 Months",5,32343.21,2,0.27,0.52,0.85,2,0,1,1,1,36753.65,0
4296,15616454,Davidson,Accounts Payable,26/07/2000,14/03/2020,02/05/2020,White Collar,Permanent,Full Time,Fixed,Voluntarily Terminated,Low,Female,22,"0 Years, 1 Months",0,32781.36,2,0.6,0.51,0.5,3,1,1,0,1,37251.55,1
4297,15702788,Gadsdon,National Perishable Air Logistics Development Manager Retail,26/06/1977,12/06/2012,,White Collar,Permanent,Full Time,Flex and Fixed,Active,Low,Male,45,"10  Years, 6 Months",10,28235.59,3,0.44,0.84,0.62,2,1,0,1,0,34433.65,0
4298,15778149,Connolly,IT-Support,27/07/1972,11/05/2007,28/08/2016,White Collar,Permanent,Full Time,Fixed,Voluntarily Terminated,High,Male,50,"9 Years, 3 Months",9,39891.58,2,0.26,0.78,0.98,1,0,0,1,1,42437.85,1
4299,15680001,McDonald,Perishable Apprentice- Air Logistics,12/09/2003,08/11/2021,,Blue Collar,Apprentice,Full Time,Fixed,Active,Medium,Male,19,"1 Years, 1 Months",1,22318.9,3,0.58,0.91,0.71,0,0,0,1,0,22318.9,0
4300,15711991,Chiawuotu,Business Development Manager,11/09/1977,19/01/2016,,White Collar,Permanent,Full Time,Flex and Fixed,Active,Low,Male,45,"6 Years, 10 Months",6,45000.95,4,0.29,0.59,0.71,2,1,0,0,0,50001.05,0
4301,15633834,Milne,National Perishable Air Logistics Development Manager Retail,22/02/1996,01/08/2021,,White Collar,Permanent,Full Time,Flex and Fixed,Active,Medium,Female,27,"1  Years, 4 Months",1,34301.28,4,0.6,0.69,0.97,1,1,0,0,0,35730.5,0
4302,15765266,Fleming,Account Manager ,23/03/1994,05/04/2015,,White Collar,Permanent,Full Time,Fixed,Active,High,Male,28,"7 Years, 8 Months",7,34726.15,4,0.71,0.87,0.93,3,1,0,0,0,37339.95,0
4303,15791867,Hicks,Business Development Manager,10/02/1981,15/12/1986,10/03/2022,White Collar,Permanent,Full Time,Flex and Fixed,Terminated for Cause,Medium,Male,42,"35 Years, 2 Months",35,29030.39,2,0.23,0.66,1,4,1,0,0,0,50930.5,1
4304,15675380,Logan,Accounting Coordinator,28/11/1979,14/10/2014,24/06/2022,White Collar,Permanent,Full Time,Fixed,Voluntarily Terminated,Medium,Male,43,"7 Years, 8 Months",7,32138.63,2,0.28,0.5,0.54,2,1,1,0,1,37370.5,1
4305,15770576,Hammond,Human Resoruces Coordinator,26/05/1975,30/12/2013,,White Collar,Permanent,Full Time,Fixed,Active,Medium,Male,47,"8 Years, 11 Months",8,30518.22,2,0.59,0.95,0.75,3,0,1,1,0,35486.3,0
4306,15775294,Weber,Analyst Programmer ,20/02/1975,28/09/2008,10/07/2017,White Collar,Permanent,Full Time,Flex and Fixed,Voluntarily Terminated,High,Female,48,"8 Years, 9 Months",8,56696.18,1,0.36,0.77,0.64,2,1,0,1,0,62995.75,1
4307,15727059,Lettiere,BI Developer,26/02/1990,15/03/2020,,White Collar,Permanent,Full Time,Flex and Fixed,Active,High,Female,33,"2 Years, 9 Months",2,55745.01,4,0.39,0.66,0.5,1,1,0,0,0,61938.9,0
4308,15702499,Schnaars,Accountant,02/01/1972,15/05/2017,,White Collar,Permanent,Full Time,Fixed,Active,Low,Male,51,"5 Years, 7 Months",5,32256.17,3,0.3,0.61,0.98,1,1,1,1,0,35061.05,0
4309,15611699,Tao,Aerospace International Logistics Specialist,07/07/1999,14/05/2022,,Blue Collar,Permanent,Full Time,Fixed,Active,High,Female,23,"0 Years, 7 Months",0,34696.8,2,0.24,0.7,0.87,0,0,0,1,0,34696.8,0
4310,15654000,Algarin,Sales Account Manager,19/01/1990,26/11/1998,19/03/2015,White Collar,Permanent,Full Time,Fixed,Voluntarily Terminated,High,Female,33,"16 Years, 3 Months",16,31583.28,2,0.27,0.89,0.71,2,1,0,1,0,37156.8,1
4311,15657881,Onyemere,National Service Excellence Specialist- Air Logistics,31/07/1957,23/03/2018,,White Collar,Permanent,Full Time,Flex and Fixed,Active,High,Male,65,"4 Years, 8 Months",4,30060.63,2,0.12,0.6,0.78,1,0,1,0,1,33400.7,0
4312,15719991,Korovina,Customer Servce Administrative Officer,16/04/2000,26/07/2016,30/09/2021,Blue Collar,Permanent,Full Time,Fixed,Voluntarily Terminated,High,Female,22,"5 Years, 2 Months",5,30387.84,1,0.44,0.62,0.51,3,0,0,1,0,35334.7,1
4313,15720687,Chidubem,Aerospace International Logistics Specialist,02/06/1956,23/12/2017,25/10/2021,Blue Collar,Permanent,Full Time,Fixed,Voluntarily Terminated,Low,Female,66,"3 Years, 10 Months",3,32649.13,4,0.3,0.59,0.9,4,0,0,0,0,33658.9,1
4314,15687079,King,Accounting Coordinator,26/05/2000,19/11/2015,,White Collar,Permanent,Full Time,Fixed,Active,Medium,Male,22,"7 Years, 0 Months",7,31221.82,4,0.68,0.69,0.59,2,1,0,1,0,36731.55,0
4315,15582276,Greco,Pricing Analyst,18/07/1956,26/07/1991,,White Collar,Permanent,Full Time,Flex and Fixed,Active,High,Male,66,"31 Years, 4 Months",31,30094.05,4,0.26,0.69,0.94,2,1,1,0,1,51886.3,0
4316,15763980,Beneventi,Warehouse Quality Control Specialist - Air Logistics,20/07/1965,01/11/1983,,Blue Collar,Permanent,Full Time,Fixed,Active,Medium,Male,57,"39 Years, 1 Months",39,22938.34,1,0.53,0.59,0.93,4,0,1,1,1,26066.3,0
4317,15720774,P'eng,Analyst Programmer ,28/04/1980,06/07/2016,10/01/2019,White Collar,Permanent,Full Time,Flex and Fixed,Voluntarily Terminated,Medium,Male,42,"2 Years, 6 Months",2,52892.51,2,0.15,0.5,0.51,3,1,0,1,1,58769.45,1
4318,15592194,Metcalf,Accounts Payable,05/04/1974,26/10/2016,,White Collar,Permanent,Full Time,Fixed,Active,Low,Female,48,"6 Years, 1 Months",6,34348.89,3,0.97,0.53,0.99,1,1,0,1,0,37335.75,0
4319,15803685,Greco,Inside Sales Executive/ Account Manager,25/03/1995,03/09/2016,,White Collar,Permanent,Full Time,Flex and Fixed,Active,Medium,Female,27,"6 Years, 3 Months",6,30311.51,2,0.35,0.84,0.9,1,1,1,0,1,34840.82,0
4320,15759456,Lupton,Technical Support Engineer,17/08/1971,25/05/2012,,White Collar,Permanent,Full Time,Flex and Fixed,Active,Low,Male,51,"10  Years, 6 Months",10,55079.01,1,0.26,0.51,0.95,2,1,0,1,0,61198.9,0
4321,15611544,Ibeamaka,Business Development Executive,20/03/1962,01/12/1994,,White Collar,Permanent,Full Time,Flex and Fixed,Active,High,Male,60,"28 Years, 0 Months",28,39819.64,2,0.85,0.53,0.56,2,0,0,1,0,43757.85,0
4322,15794257,Hsiung,National Air Logistics Gateway Trade Lane Specialist,14/08/1957,19/06/2006,,White Collar,Permanent,Full Time,Fixed,Active,High,Male,65,"16 Years, 5 Months",16,29488.02,1,0.26,0.98,0.63,5,0,1,1,1,36860.03,0
4323,15681697,Rueda,Accounts Payable,15/01/1979,09/05/2021,,White Collar,Permanent,Full Time,Fixed,Active,High,Male,44,"1  Years, 7 Months",1,35065.25,1,0.18,0.95,0.81,0,1,0,1,0,35065.25,0
4324,15579566,Li Fonti,BI Developer,04/12/1965,22/07/2002,01/09/2013,White Collar,Permanent,Full Time,Flex and Fixed,Voluntarily Terminated,High,Female,57,"11 Years, 1 Months",11,51325.39,1,0.27,0.13,0.76,1,1,0,1,1,58994.7,1
4325,15577970,Alexeeva,Business Analyst,07/04/1979,18/09/2021,,White Collar,Permanent,Full Time,Flex and Fixed,Active,Medium,Male,43,"1  Years, 3 Months",1,44838.9,2,0.3,0.5,0.64,0,1,0,0,0,44838.9,0
4326,15727489,Madueke,National Air Logistics Perishable Manager,02/09/1978,27/03/2016,,White Collar,Permanent,Full Time,Flex and Fixed,Active,High,Female,44,"6 Years, 8 Months",6,63756.74,2,0.26,0.93,0.76,2,1,0,1,0,70840.82,0
4327,15764284,Torres,National Service Excellence Specialist- Air Logistics,18/05/1999,21/05/2015,,White Collar,Permanent,Full Time,Flex and Fixed,Active,Medium,Male,23,"7 Years, 6 Months",7,29556.71,2,0.17,0.5,0.87,3,0,1,1,0,34772.6,0
4328,15581811,Chukwubuikem,Finance Analyst,05/01/1974,17/10/2022,,White Collar,Permanent,Full Time,Flex and Fixed,Active,Medium,Female,49,"0 Years, 2 Months",0,49784.2,2,0.51,0.66,0.84,0,1,1,0,1,49784.2,0
4329,15622527,Holloway,Analyst Programmer ,09/05/1968,09/06/1983,,White Collar,Permanent,Full Time,Flex and Fixed,Active,Medium,Female,54,"39 Years, 6 Months",39,56957.15,4,0.19,0.89,0.79,1,1,1,1,1,63996.8,0
4330,15753362,Evdokimov,National Perishable Air Logistics Development Manager Retail,19/07/1977,10/07/2020,,White Collar,Permanent,Full Time,Flex and Fixed,Active,High,Male,45,"2 Years, 5 Months",2,31774.47,4,0.16,0.46,0.43,1,1,1,1,1,36107.35,0
4331,15666652,Anayolisa,IT-Support,29/10/1985,31/07/2005,,White Collar,Permanent,Full Time,Fixed,Active,High,Female,37,"17 Years, 4 Months",17,36910.88,1,0.2,0.67,0.6,2,0,1,1,1,42426.3,0
4332,15789714,Semmens,National Air Logistics Gateway Trade Lane Specialist,17/01/1959,02/01/1987,,White Collar,Permanent,Full Time,Fixed,Active,Low,Male,64,"35 Years, 11 Months",35,19132.05,3,0.17,0.96,0.9,2,0,1,1,1,32986.3,0
4333,15771543,Tu,Gateway & Procurement Specialist - Air Logistics,29/11/1962,17/05/2012,02/05/2020,Blue Collar,Permanent,Full Time,Fixed,Voluntarily Terminated,High,Male,60,"7 Years, 11 Months",7,29036.61,2,0.19,0.98,0.76,1,0,1,1,1,35410.5,1
4334,15748327,Anderson,Business Analyst,12/11/1992,10/11/2020,,White Collar,Permanent,Full Time,Flex and Fixed,Active,High,Male,30,"2 Years, 1 Months",2,47331.89,4,0.12,0.67,0.57,1,1,0,0,0,48297.85,0
4335,15754649,Fang,Transport Controller,24/09/1985,02/08/1987,,Blue Collar,Temporary,Full Time,Fixed,Active,Low,Female,37,"35 Years, 4 Months",35,24468.36,1,0.84,0.72,0.72,4,0,1,1,1,28786.3,0
4336,15810460,Fanucci,Senior DevOps Engineer,23/05/1957,07/05/2019,30/03/2021,White Collar,Permanent,Full Time,Flex and Fixed,Voluntarily Terminated,Low,Female,65,"1 Years, 10 Months",1,61270.22,2,0.29,0.65,0.49,3,1,1,0,1,69625.25,1
4337,15771742,Boyle,Perishable Customer Care Team Leader - Air Logistics,01/11/1979,23/08/2011,27/02/2021,White Collar,Permanent,Full Time,Fixed,Voluntarily Terminated,Medium,Male,43,"9 Years, 6 Months",9,38259.96,2,0.3,0.72,0.67,2,0,0,1,0,41228.4,1
4338,15642160,Milanesi,Network Engineer,20/09/1955,08/04/1993,,White Collar,Permanent,Full Time,Flex and Fixed,Active,Medium,Male,67,"29 Years, 8 Months",29,46308.37,2,0.79,0.78,0.58,4,1,0,1,0,70164.2,0
4339,15798439,Davidson,Inventory Clerk,05/12/2002,24/07/2022,,Blue Collar,Temporary,Full Time,Fixed,Active,Low,Male,20,"0 Years, 4 Months",0,24181.05,4,0.27,0.93,0.56,0,0,1,1,1,24181.05,0
4340,15605293,McKay,Project Coordinator,18/03/1965,10/10/1987,,White Collar,Permanent,Full Time,Fixed,Active,Medium,Female,57,"35  Years, 2 Months",35,35350.91,1,0.51,0.73,0.85,1,0,1,1,1,37607.35,0
4341,15692631,Bogdanova,Perishable Customer Care Team Leader - Air Logistics,05/10/1961,12/09/2010,,White Collar,Permanent,Full Time,Fixed,Active,High,Female,61,"12 Years, 3 Months",12,36345.78,4,1,0.7,0.57,2,0,1,0,1,40384.2,0
4342,15665376,Lavrentiev,Warehouse Quality Control Specialist - Air Logistics,05/03/1968,01/04/2017,,Blue Collar,Permanent,Full Time,Fixed,Active,Medium,Female,55,"5 Years, 8 Months",5,24468.36,3,0.3,0.47,0.5,2,0,0,1,0,28786.3,0
4343,15772412,Corser,Customer Care Specialist-Key Accounts,10/05/1971,08/04/2013,08/01/2022,White Collar,Permanent,Full Time,Fixed,Terminated for Cause,Low,Male,51,"8 Years, 9 Months",8,27369.96,2,0.59,0.56,0.62,1,0,1,1,1,32199.95,1
4344,15654577,Alexeeva,Operations Specialist,01/05/1992,23/10/2017,01/11/2020,Blue Collar,Permanent,Full Time,Fixed,Voluntarily Terminated,Low,Male,30,"3 Years, 0 Months",3,29659.23,2,0.16,0.72,0.86,2,0,0,1,0,32954.7,1
4345,15585427,Madueke,National Service Excellence Specialist- Air Logistics,19/01/1960,03/03/2000,,White Collar,Permanent,Full Time,Flex and Fixed,Active,Low,Female,63,"22 Years, 9 Months",22,30130,4,0.12,0.91,0.56,1,0,0,0,0,32397.85,0
4346,15584536,Barber,Senior DevOps Engineer,02/09/1965,19/03/1995,27/12/2020,White Collar,Permanent,Full Time,Flex and Fixed,Voluntarily Terminated,Medium,Male,57,"25 Years, 9 Months",25,63484.83,1,0.26,0.16,0.49,2,1,1,1,1,69005.25,1
4347,15585853,McCardle,Warehouse Specialist - Air Logistics,04/07/2000,18/01/2012,16/05/2021,Blue Collar,Temporary,Full Time,Fixed,Voluntarily Terminated,Medium,Male,22,"10  Years, 11 Months",10,22901.29,2,0.27,0.53,0.75,4,0,0,1,0,27928.4,1
4348,15645271,Radcliffe-Brown,Warehouse Quality Control Specialist - Air Logistics,18/03/1996,09/03/2011,20/10/2014,Blue Collar,Permanent,Full Time,Fixed,Voluntarily Terminated,Low,Male,26,"3 Years, 7 Months",3,24685.13,1,0.22,0.14,0.51,1,0,0,0,0,26543.15,1
4349,15579387,Ni,IT System Engineer,15/12/1983,28/06/2019,,White Collar,Permanent,Full Time,Flex and Fixed,Active,High,Female,39,"3 Years, 5 Months",3,64133.78,1,0.27,0.78,0.92,1,1,1,0,1,68961.05,0
4350,15623107,Chukwumaobim,Trucking Specialist - Air Logistics,28/02/1984,12/07/2012,02/01/2016,Blue Collar,Permanent,Full Time,Fixed,Voluntarily Terminated,High,Male,39,"10  Years, 5 Months",10,29480.69,2,0.28,0.52,0.74,4,0,0,1,0,35518.9,1
4351,15754072,Dennis,Inventory Clerk,05/08/2001,19/10/2013,,Blue Collar,Temporary,Full Time,Fixed,Active,High,Female,21,"9 Years, 1 Months",9,25957.6,3,0.49,0.94,0.68,3,0,0,1,0,26487.35,0
4352,15666163,Hayward,Customer Servce Administrative Officer,17/01/1996,22/02/2013,,Blue Collar,Permanent,Full Time,Fixed,Active,High,Male,27,"9 Years, 9 Months",9,28682.89,2,0.27,0.83,0.8,3,0,1,1,0,34146.3,0
4353,15765192,Jones,Operations Specialist,17/01/1979,05/06/2021,,Blue Collar,Permanent,Full Time,Fixed,Active,High,Male,44,"1  Years, 6 Months",1,32891.55,1,0.13,0.44,0.68,0,0,0,0,0,32891.55,0
4354,15804822,L?,National Service Excellence Specialist- Air Logistics,12/08/1973,16/03/2012,,White Collar,Permanent,Full Time,Flex and Fixed,Active,High,Female,49,"10  Years, 9 Months",10,27811.06,2,0.19,0.72,0.74,1,0,0,1,0,33108.4,0
4355,15612893,Nelson,Software Engineer,30/08/1975,07/08/2017,,White Collar,Permanent,Full Time,Flex and Fixed,Active,High,Male,47,"5 Years, 4 Months",5,65162.97,4,0.28,0.84,0.58,2,1,0,1,0,68592.6,0
4356,15593636,Cardus,Finance Analyst,28/10/1981,12/11/2014,,White Collar,Permanent,Full Time,Flex and Fixed,Active,High,Female,41,"8 Years, 1 Months",8,42091.46,4,0.27,0.76,0.99,2,1,0,1,0,48380.99,0
4357,15693326,Whitehouse,Technical Support Engineer,27/12/1957,31/08/1997,,White Collar,Permanent,Full Time,Flex and Fixed,Active,Low,Female,65,"25 Years, 3 Months",25,38332.77,3,0.39,0.92,0.94,1,1,0,0,0,58079.95,0
4358,15809901,Johnstone,Sales Account Manager,19/10/1960,16/06/1994,,White Collar,Permanent,Full Time,Fixed,Active,High,Male,62,"28 Years, 6 Months",28,30335.51,3,0.24,0.58,0.93,2,1,0,1,0,34868.4,0
4359,15759751,Tsui,Business Development Manager,21/05/1990,23/05/2018,,White Collar,Permanent,Full Time,Flex and Fixed,Active,Low,Male,32,"4 Years, 6 Months",4,49699.68,4,0.19,0.85,0.81,2,1,1,1,1,51770.5,0
4360,15605425,Chia,Apprentice,05/10/2003,14/01/2022,,Blue Collar,Apprentice,Full Time,Fixed,Active,Medium,Female,19,"0 Years, 11 Months",0,23934.7,2,0.21,0.74,0.51,0,0,0,1,0,23934.7,0
4361,15801934,Su,Accountant,18/09/1995,24/11/2017,,White Collar,Permanent,Full Time,Fixed,Active,Medium,Male,27,"5 Years, 0 Months",5,34001.96,1,0.78,0.74,0.87,1,1,1,1,1,37779.95,0
4362,15592000,Calabresi,Network Engineer,08/10/1979,27/08/2018,18/12/2021,White Collar,Permanent,Full Time,Flex and Fixed,Voluntarily Terminated,Medium,Female,43,"3 Years, 3 Months",3,65531.62,1,0.41,0.72,0.8,2,1,0,1,1,68262.1,1
4363,15618695,Ts'ui,Trucking Specialist - Air Logistics,22/09/1970,02/01/2022,,Blue Collar,Permanent,Full Time,Fixed,Active,Medium,Female,52,"0 Years, 11 Months",0,36706.3,4,0.15,0.76,0.98,0,0,1,0,1,36706.3,0
4364,15637110,McCulloch,National Service Excellence Specialist- Air Logistics,29/01/1956,19/09/1998,,White Collar,Permanent,Full Time,Flex and Fixed,Active,Medium,Female,67,"24 Years, 2 Months",24,23807.85,4,0.38,0.85,0.72,4,0,0,1,0,35011.55,0
4365,15727408,Koo,Gateway & Procurement Specialist - Air Logistics,30/01/1985,06/05/1990,,Blue Collar,Permanent,Full Time,Fixed,Active,Low,Male,38,"32 Years, 7 Months",32,33027.69,2,0.97,0.82,0.49,2,0,0,1,0,35513.65,0
4366,15716328,Miller,Senior DevOps Engineer,16/01/1985,21/06/2020,,White Collar,Permanent,Full Time,Flex and Fixed,Active,Medium,Female,38,"2 Years, 5 Months",2,69444.86,1,0.47,0.6,0.93,1,1,0,0,0,70862.1,0
4367,15669060,Woolnough,National Air Logistics Pharma Compliance Specialist,30/05/1957,20/04/2010,,Blue Collar,Permanent,Full Time,Fixed,Active,Medium,Male,65,"12 Years, 7 Months",12,29840.36,3,0.1,0.5,0.64,1,0,0,1,0,36839.95,0
4368,15675854,Douglas,Finance Analyst,27/04/1986,28/10/2013,23/01/2016,White Collar,Permanent,Full Time,Flex and Fixed,Voluntarily Terminated,Low,Male,36,"2 Years, 2 Months",2,42442.71,4,0.29,0.83,0.53,1,1,1,0,1,49932.6,1
4369,15621116,Fang,Trucking Specialist - Air Logistics,01/08/1984,21/09/2012,,Blue Collar,Permanent,Full Time,Fixed,Active,Low,Male,38,"10  Years, 2 Months",10,29222.97,1,0.28,0.7,0.92,5,0,0,1,0,35208.4,0
4370,15781495,Munro,Gateway & Procurement Specialist - Air Logistics,23/10/1979,02/03/2022,,Blue Collar,Permanent,Full Time,Fixed,Active,High,Female,43,"0 Years, 9 Months",0,34141.05,1,0.6,0.84,0.97,0,0,1,1,1,34141.05,0
4371,15740470,Vinogradov,Warehouse Quality Control Specialist - Air Logistics,24/09/1989,09/12/2012,,Blue Collar,Permanent,Full Time,Fixed,Active,Low,Male,33,"10  Years, 0 Months",10,20873.54,3,0.57,0.9,0.77,1,0,0,1,0,24849.45,0
4372,15714391,Lai,IT System Engineer,30/03/1956,08/01/2014,31/10/2021,White Collar,Permanent,Full Time,Flex and Fixed,Voluntarily Terminated,High,Female,66,"7 Years, 9 Months",7,59940.08,1,0.29,0.18,0.84,1,1,1,1,1,67348.4,1
4373,15730137,Udegbulam,Perishable Warehouse Specialist - Air Logistics,11/01/1996,10/06/2020,,Blue Collar,Permanent,Full Time,Fixed,Active,Low,Male,27,"2 Years, 6 Months",2,33316.56,2,0.26,0.52,0.71,2,0,0,0,0,35443.15,0
4374,15596455,Mao,Trucking Team Leader- Air Logistics,23/05/1978,16/10/2013,12/01/2016,White Collar,Permanent,Full Time,Fixed,Voluntarily Terminated,Low,Female,44,"2 Years, 2 Months",2,35030.71,2,0.26,0.87,0.51,6,0,0,0,1,41212.6,1
4375,15717290,Onyekaozulu,Senior DevOps Engineer,27/01/1979,09/11/2021,,White Collar,Permanent,Full Time,Flex and Fixed,Active,Low,Male,44,"1  Years, 1 Months",1,65761.37,1,0.57,0.6,0.79,1,1,1,0,1,69958.9,0
4376,15616555,Fu,Finance Analyst,06/09/1990,29/03/2021,,White Collar,Permanent,Full Time,Flex and Fixed,Active,High,Male,32,"1  Years, 8 Months",1,45909.99,1,0.29,0.72,0.93,1,1,0,1,0,48326.3,0
4377,15659820,Cross,Sea Logistics Pricing Coordinator,24/05/1975,19/12/2011,,White Collar,Permanent,Full Time,Fixed,Active,High,Female,47,"10 Years, 11 Months",10,29386.71,3,0.5,0.48,0.64,3,0,0,1,0,34572.6,0
4378,15696301,Snider,Project Manager,20/03/1989,17/08/1997,18/12/2013,White Collar,Permanent,Full Time,Flex and Fixed,Voluntarily Terminated,Low,Female,33,"16 Years, 4 Months",16,42861.98,1,0.43,0.75,0.53,3,1,0,1,0,45597.85,1
4379,15771087,Harrison,Pricing Analyst,01/01/1979,19/12/2019,,White Collar,Permanent,Full Time,Flex and Fixed,Active,High,Female,44,"2 Years, 11 Months",2,43834.73,2,0.5,0.85,0.55,1,1,1,1,1,48705.25,0
4380,15808831,Dale,National Service Excellence Specialist- Air Logistics,29/10/1969,28/06/1998,,White Collar,Permanent,Part Time,Flex and Fixed,Active,Medium,Male,53,"24 Years, 5 Months",24,28497.17,3,0.46,0.39,0.41,4,0,1,1,1,32383.15,0
4381,15812241,Udinese,Data Analyst,30/03/1975,11/04/2015,02/12/2021,White Collar,Permanent,Part Time,Flex and Fixed,Voluntarily Terminated,Low,Male,47,"6 Years, 7 Months",6,40108.73,4,0.41,0.61,0.68,2,1,0,1,0,44565.25,1
4382,15680370,DeRose,National Perishable Air Logistics Development Manager Retail,26/02/1981,19/06/2011,,White Collar,Permanent,Part Time,Flex and Fixed,Active,High,Male,42,"11  Years, 5 Months",11,33150.11,2,0.28,0.6,0.61,1,1,1,0,1,35722.1,0
4383,15780561,Hay,Customer Servce Administrative Officer,24/04/1999,07/05/2016,,Blue Collar,Permanent,Part Time,Fixed,Active,Low,Female,23,"6 Years, 7 Months",6,30241.97,3,0.25,0.57,0.64,2,0,0,0,0,31833.65,0
4384,15800784,Bruce,Perishable Warehouse Specialist - Air Logistics,03/10/1977,06/09/2022,,Blue Collar,Permanent,Part Time,Fixed,Active,Medium,Male,45,"0 Years, 3 Months",0,36821.05,3,0.18,0.19,0.68,0,0,1,1,1,36821.05,0
4385,15715796,Romani,Internal Trainer,15/11/1984,04/09/2017,,White Collar,Permanent,Part Time,Fixed,Active,Medium,Male,38,"5 Years, 3 Months",5,28980.09,1,0.81,0.48,0.77,2,0,1,1,1,32200.1,0
4386,15605375,Tseng,Accounts Payable,29/11/1989,27/05/2019,,White Collar,Permanent,Part Time,Fixed,Active,High,Male,33,"3 Years, 6 Months",3,33333.27,4,0.2,0.69,0.75,1,1,0,1,0,34364.2,0
4387,15621520,Tang,Trucking Team Leader- Air Logistics,10/06/1958,30/03/2010,,White Collar,Permanent,Full Time,Fixed,Active,Medium,Female,64,"12  Years, 8 Months",12,33096.56,2,0.66,0.7,0.55,2,0,0,1,0,40859.95,0
4388,15665460,Isayeva,National Perishable Air Logistics Development Manager Seafood,15/05/1998,24/10/2014,,White Collar,Permanent,Full Time,Flex and Fixed,Active,Medium,Female,24,"8 Years, 1 Months",8,28209.06,3,0.92,0.65,0.92,1,1,1,1,1,32055.75,0
4389,15801152,Hill,National Service Excellence Specialist- Air Logistics,26/10/1982,10/08/2014,,White Collar,Permanent,Full Time,Flex and Fixed,Active,High,Female,40,"8 Years, 4 Months",8,27346.83,1,0.3,0.81,0.96,3,0,0,1,0,32555.75,0
4390,15756425,Barnes,Sea Logiscitcs Customer Care Specialist ,22/11/1960,13/01/2021,,Blue Collar,Permanent,Full Time,Fixed,Active,High,Male,62,"1 Years, 11 Months",1,36871.55,1,0.77,0.85,0.95,0,0,0,0,0,36871.55,0
4391,15674328,Moreno,Apprentice,02/01/2003,09/06/2009,30/08/2017,Blue Collar,Apprentice,Full Time,Fixed,Voluntarily Terminated,Low,Female,20,"8 Years, 2 Months",8,19961.44,2,0.19,0.16,0.76,1,0,1,1,1,21417.85,1
4392,15742404,McGregor,Stock Investigator & Analyst,29/04/1991,05/08/2016,,White Collar,Permanent,Full Time,Flex and Fixed,Active,Low,Male,31,"6 Years, 4 Months",6,47746.02,1,0.19,0.72,0.94,1,1,0,1,0,51897.85,0
4393,15757140,Genovese,Business Development Manager,21/03/1985,07/11/2018,,White Collar,Permanent,Full Time,Flex and Fixed,Active,High,Male,37,"4 Years, 1 Months",4,47872.61,4,0.49,0.49,0.55,1,1,1,0,1,53789.45,0
4394,15570051,Gill,Senior DevOps Engineer,16/06/1963,18/11/1999,,White Collar,Permanent,Full Time,Flex and Fixed,Active,Medium,Female,59,"23  Years, 1 Months",23,58895.02,1,0.45,0.94,0.47,1,1,0,0,0,70957.85,0
4395,15669175,Ts'ai,Customer Brokerage Specialist,17/12/1958,11/01/2014,,Blue Collar,Permanent,Full Time,Fixed,Active,High,Male,64,"8 Years, 11 Months",8,31747.58,4,0.35,0.81,0.84,2,1,1,0,1,36076.8,0
4396,15790324,Green,Apprentice,08/12/2002,29/10/2022,,Blue Collar,Apprentice,Full Time,Fixed,Active,Low,Female,20,"0 Years, 1 Months",0,23940.37,2,0.92,0.92,0.78,0,0,0,1,0,23940.37,0
4397,15691119,Martin,Project Coordinator,26/09/1992,10/09/2020,,White Collar,Permanent,Full Time,Fixed,Active,Low,Male,30,"2 Years, 3 Months",2,32656.09,3,0.09,0.97,0.82,2,0,0,0,0,35495.75,0
4398,15743478,Johnson,Aerospace International Logistics Specialist,25/10/1989,10/09/2021,,Blue Collar,Permanent,Full Time,Fixed,Active,High,Male,33,"1  Years, 3 Months",1,35940.37,2,0.27,0.98,0.61,0,0,1,1,0,35940.37,0
4399,15707007,Onio,Inventory Clerk,03/09/2003,01/02/2022,,Blue Collar,Temporary,Full Time,Fixed,Active,Medium,Female,19,"0 Years, 10 Months",0,27573.65,3,0.24,0.44,0.45,0,0,0,1,0,27573.65,0
4400,15572547,Vaguine,Material Handler ,18/05/2002,28/08/2015,12/01/2020,Blue Collar,Temporary,Full Time,Fixed,Voluntarily Terminated,Medium,Female,20,"4 Years, 4 Months",4,26373,1,0.3,0.72,0.87,3,0,0,1,0,28666.3,1
4401,15567063,Manna,Java Software Engineer ,20/02/1987,31/07/2009,08/06/2017,White Collar,Permanent,Full Time,Flex and Fixed,Voluntarily Terminated,High,Female,36,"7 Years, 10 Months",7,62487.97,1,0.26,0.8,0.73,7,1,1,0,1,71825.25,1
4402,15689633,Toomey,Regional Air logistics Trainer Specialist,06/01/1959,01/05/2019,,White Collar,Permanent,Part Time,Fixed,Active,High,Female,64,"3  Years, 7 Months",3,32201.05,4,0.76,0.6,0.72,0,0,0,1,0,32201.05,0
4403,15720637,Bell,Senior DevOps Engineer,22/01/1962,11/07/2002,,White Collar,Permanent,Full Time,Flex and Fixed,Active,High,Female,61,"20 Years, 5 Months",20,60011.79,1,0.24,0.89,0.65,3,1,0,1,0,70602.1,0
4404,15616859,Bonwick,Internal Trainer,04/12/1970,25/06/2006,11/02/2015,White Collar,Permanent,Full Time,Fixed,Voluntarily Terminated,Medium,Female,52,"8 Years, 7 Months",8,29604.32,2,0.28,0.69,0.57,1,0,0,1,0,31832.6,1
4405,15766166,Folliero,Data Engineer,25/12/1957,20/06/1998,,White Collar,Permanent,Full Time,Flex and Fixed,Active,High,Male,65,"24 Years, 5 Months",24,47110.99,3,0.39,0.54,0.81,3,1,1,1,1,68276.8,0
4406,15617655,Holt,National Air Logistics Gateway Trade Lane Specialist,13/05/1974,11/04/2020,,White Collar,Permanent,Full Time,Fixed,Active,Low,Female,48,"2 Years, 8 Months",2,31687.56,3,0.29,0.97,0.75,1,0,1,1,1,35208.4,0
4407,15623450,Brown,Account Manager ,16/05/1995,11/03/2014,,White Collar,Permanent,Full Time,Fixed,Active,Medium,Female,27,"8 Years, 9 Months",8,28781.92,2,0.17,0.37,0.4,1,1,1,1,1,33467.35,0
4408,15796612,Ch'ang,Customer Servce Administrative Officer,15/06/1961,10/09/2007,,Blue Collar,Permanent,Full Time,Fixed,Active,Low,Female,61,"15  Years, 3 Months",15,24975.12,4,0.94,0.73,0.52,3,0,0,1,0,31218.9,0
4409,15795963,Fiorentini,Transport Controller,29/01/1986,17/06/2021,,Blue Collar,Temporary,Full Time,Fixed,Active,Medium,Male,37,"1  Years, 6 Months",1,24601.05,4,0.54,0.57,0.69,0,0,1,0,1,24601.05,0
4410,15781598,Middleton,Revenue Care Specialist- Air Logistics,08/08/1990,03/01/2009,14/02/2019,White Collar,Permanent,Full Time,Fixed,Voluntarily Terminated,Medium,Male,32,"10 Years, 1 Months",10,39713.84,2,0.27,0.86,0.66,1,1,1,0,1,40942.1,1
4411,15691871,Millar,Customer Brokerage Specialist,23/06/1990,13/10/2022,,Blue Collar,Permanent,Full Time,Fixed,Active,High,Male,32,"0 Years, 2 Months",0,32520.46,4,0.36,0.83,0.85,0,1,1,1,1,32520.46,0
4412,15740345,Osborne,Accounts Payable,31/05/1985,13/06/2015,09/01/2017,White Collar,Permanent,Full Time,Fixed,Terminated for Cause,High,Male,37,"7  Years, 6 Months",7,31688.96,1,0.09,0.19,0.52,1,1,0,1,0,33356.8,1
4413,15662626,Feng,Accounting Coordinator,03/09/1980,01/11/2020,,White Collar,Permanent,Full Time,Fixed,Active,Medium,Female,42,"2 Years, 1 Months",2,34229.38,1,0.27,0.55,0.93,1,1,0,0,0,37614.7,0
4414,15596575,Vale,Apprentice,01/12/2003,13/11/2022,,Blue Collar,Apprentice,Full Time,Fixed,Active,Low,Male,19,"0 Years, 1 Months",0,22579.95,3,0.27,0.6,0.65,0,0,1,1,1,22579.95,0
4415,15657321,Arkwookerum,BI Developer,10/04/1979,28/04/2017,,White Collar,Permanent,Full Time,Flex and Fixed,Active,Medium,Male,43,"5 Years, 7 Months",5,54490.14,3,0.13,0.62,0.71,1,1,0,1,0,58591.55,0
4416,15575955,Lujan,Perishable Warehouse Specialist - Air Logistics,25/08/1962,02/12/1994,,Blue Collar,Permanent,Full Time,Fixed,Active,Medium,Female,60,"28 Years, 0 Months",28,32297.67,2,0.3,0.65,0.55,2,0,0,1,0,35886.3,0
4417,15743893,Alexeyeva,Area Sales Manager,15/05/1966,25/06/1991,,White Collar,Permanent,Full Time,Flex and Fixed,Active,Medium,Male,56,"31  Years, 5 Months",31,58706.17,3,0.37,0.4,0.48,1,1,0,1,0,62989.45,0
4418,15697270,Gannon,Gateway & Procurement Team Leader- Air Logistics,17/07/1990,24/01/2000,,White Collar,Permanent,Full Time,Fixed,Active,Medium,Male,32,"22  Years, 10 Months",22,32863.12,1,0.48,0.82,0.78,3,0,1,1,1,41078.9,0
4419,15644356,Prokhorova,Business Development Manager,23/02/1968,09/07/1990,,White Collar,Permanent,Full Time,Flex and Fixed,Active,Low,Female,55,"32  Years, 5 Months",32,40677.17,4,0.75,0.75,0.69,5,1,0,1,0,49606.3,0
4420,15677586,Romero,Perishable Customer Care Team Leader - Air Logistics,26/02/1995,21/02/2016,,White Collar,Permanent,Full Time,Fixed,Active,Low,Female,28,"6 Years, 9 Months",6,35859.5,4,0.15,0.83,0.53,1,0,1,1,1,38148.4,0
4421,15571261,Toscani,National Perishable Air Logistics Development Manager Retail,16/07/1980,15/03/2021,,White Collar,Permanent,Full Time,Flex and Fixed,Active,Medium,Female,42,"1  Years, 9 Months",1,35621.05,2,0.82,0.77,0.78,0,1,1,1,1,35621.05,0
4422,15698758,Onwuamaegbu,National Service Excellence Specialist- Air Logistics,20/03/1955,23/12/1988,,White Collar,Permanent,Full Time,Flex and Fixed,Active,Low,Female,67,"33  Years, 11 Months",33,25458.62,3,0.84,0.59,0.98,2,0,1,1,1,36369.45,0
4423,15787014,King,Accountant,31/07/1974,25/04/2022,,White Collar,Permanent,Full Time,Fixed,Active,High,Female,48,"0 Years, 7 Months",0,34507.35,4,0.44,0.8,0.79,0,1,1,1,1,34507.35,0
4424,15739857,Trentino,Human Resoruces Coordinator,05/10/1963,25/02/2002,,White Collar,Permanent,Full Time,Fixed,Active,Low,Female,59,"20 Years, 9 Months",20,33858.46,1,0.12,0.84,0.55,3,0,1,1,1,34549.45,0
4425,15774630,Peacock,Trucking Specialist - Air Logistics,06/03/1963,24/01/2000,,Blue Collar,Permanent,Full Time,Fixed,Active,Low,Female,60,"22  Years, 10 Months",22,29182.71,4,0.26,0.88,0.71,1,0,1,1,1,34332.6,0
4426,15805523,Nnaife,Trucking Specialist - Air Logistics,18/04/1985,08/03/2015,,Blue Collar,Permanent,Full Time,Fixed,Active,Low,Female,37,"7 Years, 9 Months",7,29794.92,4,0.28,0.37,0.9,1,0,1,0,1,34645.25,0
4427,15749557,Chao,Customer Servce Administrative Officer,08/11/1997,27/07/2016,,Blue Collar,Permanent,Full Time,Fixed,Active,High,Female,25,"6 Years, 4 Months",6,32345.87,4,0.17,0.88,0.66,3,0,1,1,1,34410.5,0
4428,15681180,Barese,Customer Care Specialist-Key Accounts,27/02/1998,19/08/2016,,White Collar,Permanent,Full Time,Fixed,Active,Medium,Female,25,"6 Years, 3 Months",6,31765.23,3,0.27,0.69,0.85,2,0,0,1,0,35294.7,0
4429,15742028,Udegbulam,National Perishable Air Logistics Development Manager Retail,12/03/1987,29/10/2012,,White Collar,Permanent,Full Time,Flex and Fixed,Active,High,Female,35,"10  Years, 1 Months",10,26972.6,3,0.47,0.54,0.49,2,1,0,1,0,33715.75,0
4430,15686463,Fu,Accountant,16/07/1978,31/07/2016,25/06/2022,White Collar,Permanent,Full Time,Fixed,Voluntarily Terminated,Low,Male,44,"5 Years, 10 Months",5,29232.73,2,0.44,0.19,0.57,1,1,0,1,0,33991.55,1
4431,15654379,Onwuatuegwu,Data Engineer,12/04/1958,21/03/2016,,White Collar,Permanent,Full Time,Flex and Fixed,Active,High,Male,64,"6 Years, 8 Months",6,64154.95,1,0.96,0.51,0.58,1,1,1,1,0,70499.95,0
4432,15783629,Degtyaryov,BI Developer,16/11/1970,14/09/2013,,White Collar,Permanent,Full Time,Flex and Fixed,Active,Medium,Female,52,"9 Years, 3 Months",9,51109.14,4,0.43,0.16,0.52,1,1,0,0,0,60128.4,0
4433,15751193,Nnaemeka,Trucking Specialist - Air Logistics,08/02/1988,24/01/2019,,Blue Collar,Permanent,Full Time,Fixed,Active,High,Male,35,"3 Years, 10 Months",3,34693.31,2,0.27,0.65,0.6,3,0,1,1,1,35766.3,0
4434,15724099,Udinese,National Air Logistics Pharma Compliance Specialist,10/08/1970,03/06/2016,,Blue Collar,Permanent,Full Time,Fixed,Active,Low,Male,52,"6 Years, 6 Months",6,30952.66,2,0.74,0.54,0.81,2,0,1,1,1,33644.2,0
4435,15568429,Mitchell,Data Engineer,23/05/1985,22/09/1986,,White Collar,Permanent,Full Time,Flex and Fixed,Active,Medium,Female,37,"36 Years, 2 Months",36,59619.72,1,0.39,0.66,0.68,2,1,0,1,0,69325.25,0
4436,15648967,Ch'en,Java Software Engineer ,22/01/1966,25/03/1990,24/04/2019,White Collar,Permanent,Full Time,Flex and Fixed,Voluntarily Terminated,High,Female,57,"29 Years, 0 Months",29,61243.89,1,0.27,0.95,0.65,1,1,0,1,0,65853.65,1
4437,15664498,Golovanov,Network Engineer,26/10/1965,18/05/1983,,White Collar,Permanent,Full Time,Flex and Fixed,Active,Low,Male,57,"39 Years, 7 Months",39,65378.02,4,0.99,0.83,0.57,2,1,0,1,0,68102.1,0
4438,15779522,Efimov,Air Export Operations Manager,11/09/1986,03/07/1991,17/10/2016,White Collar,Permanent,Full Time,Fixed,Voluntarily Terminated,High,Female,36,"25 Years, 3 Months",25,63778.53,4,0.15,0.98,0.84,2,1,0,1,0,70086.3,1
4439,15583850,Davidson,Customer Servce Administrative Officer,06/04/1990,28/06/2015,,Blue Collar,Permanent,Full Time,Fixed,Active,Medium,Male,32,"7 Years, 5 Months",7,29101.14,4,0.86,0.72,0.72,1,0,1,1,1,31291.55,0
4440,15696539,Wade,Trucking Team Leader- Air Logistics,24/11/1984,06/06/2019,,White Collar,Permanent,Full Time,Fixed,Active,Medium,Female,38,"3 Years, 6 Months",3,41870.29,3,0.29,0.71,0.62,3,0,1,1,1,43165.25,0
4441,15760121,Maynard,National Air Logistics Pharma Compliance Specialist,05/12/1999,26/01/2020,,Blue Collar,Permanent,Full Time,Fixed,Active,Low,Male,23,"2 Years, 10 Months",2,32618.99,3,0.5,0.36,0.65,2,0,0,1,0,34701.05,0
4442,15628279,Murphy,Accountant,19/08/1978,25/10/2021,,White Collar,Permanent,Full Time,Fixed,Active,Medium,Female,44,"1  Years, 1 Months",1,35507.35,4,0.3,0.55,0.65,0,1,1,1,1,35507.35,0
4443,15766163,Zotova,Customer Brokerage Specialist,06/06/1977,25/10/2021,,Blue Collar,Permanent,Full Time,Fixed,Active,Low,Male,45,"1  Years, 1 Months",1,36682.1,4,0.3,0.64,0.52,0,1,1,0,1,36682.1,0
4444,15566467,Hannah,Perishable Apprentice- Air Logistics,13/03/2004,03/07/2022,,Blue Collar,Apprentice,Full Time,Fixed,Active,Low,Female,18,"0 Years, 5 Months",0,22872.6,3,0.28,0.62,0.57,0,0,1,1,1,22872.6,0
4445,15639049,Cartagena,Perishable Apprentice- Air Logistics,05/11/2004,27/02/2022,,Blue Collar,Apprentice,Full Time,Fixed,Active,Medium,Female,18,"0 Years, 9 Months",0,22070.5,1,0.44,1,0.95,0,0,1,1,1,22070.5,0
4446,15736413,Hall,Warehouse Specialist - Air Logistics,23/08/1969,09/06/1997,,Blue Collar,Temporary,Full Time,Fixed,Active,High,Male,53,"25 Years, 6 Months",25,16949.92,4,0.26,0.91,0.91,2,0,1,1,1,26076.8,0
4447,15634815,Hunt,Aerospace International Logistics Specialist,05/12/1979,23/01/2012,,Blue Collar,Permanent,Full Time,Fixed,Active,Medium,Female,43,"10  Years, 10 Months",10,31913.01,4,0.14,0.81,0.67,3,0,1,1,0,35458.9,0
4448,15716381,Greece,Perishable Warehouse Specialist - Air Logistics,20/07/1999,25/01/2014,28/07/2020,Blue Collar,Permanent,Full Time,Fixed,Voluntarily Terminated,Medium,Female,23,"6 Years, 6 Months",6,28866.12,2,0.42,0.71,0.92,2,0,1,1,1,33565.25,1
4449,15708162,Thomson,Gateway & Procurement Team Leader- Air Logistics,08/09/2000,08/08/2012,,White Collar,Permanent,Full Time,Fixed,Active,Low,Female,22,"10  Years, 4 Months",10,35317.03,2,0.24,0.97,0.74,3,0,1,0,1,41549.45,0
4450,15569364,Victor,Inside Sales Executive/ Account Manager,28/11/1979,25/10/2015,,White Collar,Permanent,Full Time,Flex and Fixed,Active,High,Male,43,"7 Years, 1 Months",7,30124.16,4,0.48,0.75,0.86,1,1,0,1,0,35862.1,0
4451,15791191,Mitchell,IT System Engineer,03/07/1981,27/06/2014,,White Collar,Permanent,Full Time,Flex and Fixed,Active,Medium,Male,41,"8 Years, 5 Months",8,58245.66,2,0.6,0.68,1,2,1,1,1,1,69340.07,0
4452,15621205,Olisaemeka,Trucking Team Leader- Air Logistics,08/07/1985,17/04/2015,,White Collar,Permanent,Full Time,Fixed,Active,Low,Male,37,"7 Years, 8 Months",7,36640.4,2,0.9,0.87,0.68,1,0,1,1,1,40711.55,0
4453,15704788,Krawczyk,Business Development Executive,24/09/1980,20/03/2015,30/09/2022,White Collar,Permanent,Full Time,Flex and Fixed,Voluntarily Terminated,High,Female,42,"7 Years, 6 Months",7,35129.62,2,0.59,0.96,0.57,2,0,0,0,1,40848.4,1
4454,15775756,Alexandrova,Gateway & Procurement Team Leader- Air Logistics,01/06/2001,15/08/2012,,White Collar,Permanent,Full Time,Fixed,Active,Low,Male,21,"10  Years, 4 Months",10,32931.16,1,0.28,0.41,0.86,3,0,0,0,0,40655.75,0
4455,15641312,Paterson,Accounts Payable,12/12/2000,26/06/2018,08/10/2020,White Collar,Permanent,Full Time,Fixed,Voluntarily Terminated,Medium,Male,22,"2 Years, 3 Months",2,32998.11,4,0.49,0.2,0.61,1,1,1,1,1,37497.85,1
4456,15782531,Chou,Perishable Operational Care Specialist - Air Logistics,29/04/1962,19/03/2012,,Blue Collar,Permanent,Full Time,Fixed,Active,Medium,Female,60,"10 Years, 8 Months",10,34872.98,4,0.21,0.68,1,3,0,0,1,0,36708.4,0
4457,15724428,Abel,Transport Controller,27/11/1980,16/04/2018,,Blue Collar,Temporary,Full Time,Fixed,Active,Medium,Male,42,"4 Years, 8 Months",4,21431.21,3,0.56,0.63,0.56,2,0,0,1,0,24353.65,0
4458,15743617,Chesnokova,Warehouse Quality Control Specialist - Air Logistics,31/10/1985,01/08/2013,,Blue Collar,Permanent,Full Time,Fixed,Active,Low,Male,37,"9 Years, 4 Months",9,24022.11,4,0.16,0.6,0.84,2,0,0,1,0,27297.85,0
4459,15585839,Niu,Perishable Operational Care Specialist - Air Logistics,24/03/1978,18/06/2014,,Blue Collar,Permanent,Full Time,Fixed,Active,High,Male,44,"8 Years, 6 Months",8,29520.62,1,0.3,0.66,0.97,1,0,0,1,0,34326.3,0
4460,15658158,Sullivan,Software Engineer,02/07/1960,20/03/1997,,White Collar,Permanent,Full Time,Flex and Fixed,Active,Medium,Female,62,"25 Years, 8 Months",25,58413.56,4,0.28,0.69,0.82,2,1,0,1,0,69539.95,0
4461,15637678,Ma,IT System Engineer,17/09/1977,30/09/2015,,White Collar,Permanent,Full Time,Flex and Fixed,Active,Medium,Male,45,"7 Years, 2 Months",7,60885.25,4,0.95,0.23,0.37,2,1,0,1,0,70796.8,0
4462,15701809,Cavill,National Service Excellence Specialist- Air Logistics,06/12/1968,09/04/2001,,White Collar,Permanent,Full Time,Flex and Fixed,Active,Low,Female,54,"21 Years, 8 Months",21,33488.97,1,0.83,0.52,0.63,3,0,0,1,0,35251.55,0
4463,15676937,Nicholls,IT-Support,10/02/1979,24/03/2006,10/07/2014,White Collar,Permanent,Full Time,Fixed,Voluntarily Terminated,High,Female,44,"8 Years, 3 Months",8,36043.83,2,0.26,0.65,0.86,2,0,1,1,1,40958.9,1
4464,15778975,Nnonso,National Air Logistics Gateway Trade Lane Specialist,17/10/1965,17/04/2006,20/07/2015,White Collar,Permanent,Full Time,Fixed,Voluntarily Terminated,Medium,Female,57,"9 Years, 3 Months",9,29740.92,1,0.2,0.78,0.4,6,0,0,1,0,32048.4,1
4465,15710375,Gibson,National Perishable Air Logistics Development Manager Seafood,08/08/1955,10/12/1983,,White Collar,Permanent,Full Time,Flex and Fixed,Active,Medium,Male,67,"39 Years, 0 Months",39,18157.55,1,0.55,0.6,0.65,4,1,0,1,0,32424.2,0
4466,15579914,Garcia,Gateway & Procurement Specialist - Air Logistics,20/12/1958,31/03/1993,,Blue Collar,Permanent,Full Time,Fixed,Active,Low,Male,64,"29 Years, 8 Months",29,22089.42,4,0.26,0.9,0.62,2,0,1,1,0,32013.65,0
4467,15595160,Renwick,Warehouse Specialist - Air Logistics,25/06/1996,18/11/2016,,Blue Collar,Temporary,Full Time,Fixed,Active,Medium,Male,26,"6 Years, 1 Months",6,23117.16,3,0.74,0.59,0.95,1,0,1,1,0,25127.35,0
4468,15595391,Norris,Project Manager,03/06/1991,12/11/2018,,White Collar,Permanent,Full Time,Flex and Fixed,Active,Medium,Male,31,"4 Years, 1 Months",4,41274.1,3,0.85,0.89,0.78,2,1,0,1,0,44863.15,0
4469,15630363,Nkemakonam,IT-Support,27/10/1985,11/04/2014,,White Collar,Permanent,Full Time,Fixed,Active,Low,Female,37,"8 Years, 8 Months",8,31159.13,3,0.83,0.96,0.85,2,0,0,0,0,36231.55,0
4470,15692443,Piccio,Customer Care Specialist-Key Accounts,13/05/1991,08/04/2012,29/02/2020,White Collar,Permanent,Full Time,Fixed,Voluntarily Terminated,Low,Male,31,"10  Years, 8 Months",10,29295.45,2,0.28,0.68,0.76,5,0,0,1,0,32550.5,1
4471,15593795,Linton,National Perishable Air Logistics Development Manager Retail,05/05/1983,12/01/2016,02/06/2021,White Collar,Permanent,Full Time,Flex and Fixed,Terminated for Cause,High,Female,39,"5 Years, 4 Months",5,32055.99,2,0.29,0.52,0.72,6,1,0,1,0,33743.15,1
4472,15642824,Onyekaozulu,Regional Air logistics Trainer Specialist,19/10/1955,04/02/1985,21/01/2022,White Collar,Permanent,Full Time,Fixed,Voluntarily Terminated,High,Female,67,"36 Years, 11 Months",36,22100.82,2,0.44,0.68,0.94,9,0,1,0,1,36834.7,1
4473,15683524,Tobenna,National Perishable Air Logistics Development Manager Retail,12/09/1979,01/06/2017,,White Collar,Permanent,Full Time,Flex and Fixed,Active,High,Female,43,"5 Years, 6 Months",5,32013.75,3,0.17,0.6,0.59,1,1,0,0,0,35179.95,0
4474,15713532,Wang,Gateway & Procurement Team Leader- Air Logistics,17/04/1973,20/05/2020,,White Collar,Permanent,Full Time,Fixed,Active,Medium,Female,49,"2 Years, 6 Months",2,37783.61,1,0.11,0.28,0.83,1,0,0,1,0,38554.7,0
4475,15719827,O'Donnell,Gateway & Procurement Specialist - Air Logistics,05/10/1971,19/03/2020,,Blue Collar,Permanent,Full Time,Fixed,Active,Medium,Male,51,"2 Years, 8 Months",2,34483.15,3,0.92,0.98,0.54,2,0,0,0,0,36684.2,0
4476,15578435,Langlands,National Service Excellence Specialist- Air Logistics,23/04/1956,09/03/2011,,White Collar,Permanent,Full Time,Flex and Fixed,Active,High,Male,66,"11 Years, 9 Months",11,27362.52,3,0.75,0.67,0.52,3,0,1,1,1,34203.15,0
4477,15723028,Smith,Gateway & Procurement Team Leader- Air Logistics,23/11/1978,08/11/2021,,White Collar,Permanent,Full Time,Fixed,Active,High,Male,44,"1  Years, 1 Months",1,38298.9,3,0.16,0.86,0.6,0,0,0,1,0,38298.9,0
4478,15595609,Sykes,National Service Excellence Specialist- Air Logistics,03/12/1997,18/04/2019,,White Collar,Permanent,Full Time,Flex and Fixed,Active,Low,Male,25,"3 Years, 8 Months",3,30902.41,2,0.7,0.83,0.9,1,0,0,0,0,33228.4,0
4479,15622443,Marshall,Warehouse Quality Control Specialist - Air Logistics,08/11/1969,02/06/2021,,Blue Collar,Permanent,Full Time,Fixed,Active,Medium,Male,53,"1 Years, 6 Months",1,22814.27,1,0.28,0.79,0.86,1,0,1,0,1,24270.5,0
4480,15579112,Gibson,Software Engineer,03/12/1955,18/03/2005,,White Collar,Permanent,Full Time,Flex and Fixed,Active,Medium,Male,67,"17 Years, 9 Months",17,55138.59,3,0.29,0.54,0.86,4,1,1,1,1,70690.5,0
4481,15648479,Stephenson,Accountant,21/02/1987,12/11/2018,,White Collar,Permanent,Full Time,Fixed,Active,Low,Female,36,"4 Years, 1 Months",4,30136.73,3,0.17,0.51,0.86,2,1,0,1,0,33485.25,0
4482,15659234,Y?,National Perishable Air Logistics Development Manager Seafood,29/08/1985,23/08/2000,,White Collar,Permanent,Full Time,Flex and Fixed,Active,High,Male,37,"22 Years, 3 Months",22,29223.9,4,0.28,0.75,0.65,4,1,1,0,1,35638.9,0
4483,15811970,Kang,Warehouse Quality Control Specialist - Air Logistics,02/12/1973,19/02/2014,,Blue Collar,Permanent,Full Time,Fixed,Active,Medium,Female,49,"8 Years, 9 Months",8,24067.52,3,0.73,0.51,0.67,1,0,1,1,1,27349.45,0
4484,15774192,Miller,Inside Sales Executive/ Account Manager,24/07/1979,12/08/2012,08/03/2013,White Collar,Permanent,Full Time,Flex and Fixed,Voluntarily Terminated,High,Female,43,"10  Years, 4 Months",10,27635.72,4,0.36,0.73,0.74,5,1,0,0,0,33702.1,1
4485,15595136,Kryukov,Sales Account Manager,24/02/1981,01/03/2017,,White Collar,Permanent,Full Time,Fixed,Active,Medium,Female,42,"5 Years, 9 Months",5,35459.76,2,0.6,0.17,0.4,2,1,1,1,1,37723.15,0
4486,15630580,Y?,Business Development Executive,22/11/1966,26/09/2021,,White Collar,Permanent,Full Time,Flex and Fixed,Active,Medium,Male,56,"1  Years, 2 Months",1,41787.35,2,0.6,0.88,0.59,0,0,1,1,1,41787.35,0
4487,15660646,Fanucci,Sea Logistics Pricing Coordinator,15/10/1984,29/12/2021,,White Collar,Permanent,Full Time,Fixed,Active,High,Male,38,"0 Years, 11 Months",0,34241.05,4,0.96,0.76,0.79,0,0,0,1,0,34241.05,0
4488,15614365,Lombardi,Perishable Operational Care Specialist - Air Logistics,06/07/1999,26/11/2020,,Blue Collar,Permanent,Full Time,Fixed,Active,Low,Male,23,"2 Years, 0 Months",2,33755.32,2,0.28,0.29,0.77,1,0,0,0,0,34444.2,0
4489,15776128,Hs?,Sea Logiscitcs Customer Care Specialist ,16/02/1997,17/02/2015,,Blue Collar,Permanent,Full Time,Fixed,Active,Medium,Female,26,"7 Years, 10 Months",7,29264.14,4,0.29,0.62,0.97,1,0,0,0,0,33254.7,0
4490,15787035,Anderson,Gateway & Procurement Team Leader- Air Logistics,09/05/1974,05/01/2018,,White Collar,Permanent,Full Time,Fixed,Active,Medium,Female,48,"4 Years, 11 Months",4,37747.39,3,0.67,0.5,0.85,2,0,1,1,1,40156.8,0
4491,15792646,Trentino,Aerospace International Logistics Specialist,05/03/1986,22/12/2016,,Blue Collar,Permanent,Full Time,Fixed,Active,Medium,Female,37,"5 Years, 11 Months",5,32832.84,3,0.68,0.16,0.65,1,0,1,1,1,34560.88,0
4492,15726832,Donnelly,IT-Support,09/12/1984,18/01/2021,,White Collar,Permanent,Full Time,Fixed,Active,Low,Male,38,"1  Years, 11 Months",1,39613.57,4,0.48,0.18,0.99,1,0,1,1,1,42142.1,0
4493,15773260,Tsou,Gateway & Procurement Team Leader- Air Logistics,09/10/1994,06/11/2014,,White Collar,Permanent,Full Time,Fixed,Active,Low,Female,28,"8 Years, 1 Months",8,34749.42,3,0.37,0.86,0.68,3,0,0,1,0,40406.3,0
4494,15624437,Johnson,National Air Logistics Pharma Compliance Specialist,15/03/1995,28/12/2017,,Blue Collar,Permanent,Full Time,Fixed,Active,Low,Female,27,"4 Years, 11 Months",4,33856.37,1,0.93,0.68,0.52,1,0,1,1,0,36800.4,0
4495,15717138,Watson,Sea Logistics Pricing Coordinator,27/12/1987,28/11/2014,,White Collar,Permanent,Full Time,Fixed,Active,Medium,Male,35,"8 Years, 0 Months",8,29671.45,3,0.3,0.68,0.85,2,0,0,1,0,35323.15,0
4496,15657317,Allan,National Service Excellence Specialist- Air Logistics,17/02/1992,18/02/2015,,White Collar,Permanent,Full Time,Flex and Fixed,Active,Low,Female,31,"7 Years, 10 Months",7,28324.85,3,0.69,0.89,0.78,3,0,0,1,0,33720.06,0
4497,15626948,Butcher,National Perishable Air Logistics Development Manager Seafood,11/02/1994,21/01/2021,,White Collar,Permanent,Full Time,Flex and Fixed,Active,Low,Female,29,"1  Years, 10 Months",1,35433.65,2,0.75,0.86,0.88,0,1,0,1,0,35433.65,0
4498,15758901,Henderson,Accountant,01/08/1970,16/09/2015,,White Collar,Permanent,Full Time,Fixed,Active,High,Female,52,"7 Years, 3 Months",7,29376.1,4,0.1,0.43,0.41,1,1,0,1,0,34971.55,0
4499,15777759,Boucaut,Software Engineer,10/12/1970,16/11/2019,,White Collar,Permanent,Full Time,Flex and Fixed,Active,High,Male,52,"3 Years, 1 Months",3,68453.39,2,0.29,0.85,0.58,2,1,1,1,1,70570.5,0
4500,15773322,Obiajulu,Project Coordinator,11/01/1955,20/03/2003,,White Collar,Permanent,Full Time,Fixed,Active,High,Female,68,"19  Years, 8 Months",19,27709.93,3,0.19,0.94,0.8,3,0,0,0,0,33792.6,0
4501,15697318,Ifeatu,Perishable Warehouse Shift Team Leader - Air Logistics,24/08/1980,21/07/2021,,White Collar,Permanent,Full Time,Fixed,Active,Medium,Male,42,"1  Years, 4 Months",1,37658.37,3,0.3,0.58,0.71,1,0,0,0,0,40062.1,0
4502,15678916,Kelly,Account Manager ,15/03/1969,27/11/1996,,White Collar,Permanent,Full Time,Fixed,Active,High,Female,53,"26 Years, 0 Months",26,30848.14,2,0.44,0.43,0.6,3,1,0,1,0,35054.7,0
4503,15632118,Pirozzi,Business Analyst,10/09/1990,01/04/1983,04/12/2018,White Collar,Permanent,Full Time,Flex and Fixed,Voluntarily Terminated,High,Male,32,"35 Years, 8 Months",35,42403.02,1,0.08,0.72,0.49,5,1,0,1,1,45496.8,1
4504,15788118,Siciliano,Sea Logistics Pricing Coordinator,13/09/1994,23/07/2014,,White Collar,Permanent,Full Time,Fixed,Active,High,Male,28,"8 Years, 4 Months",8,29860.26,3,0.09,0.95,0.96,2,0,0,1,0,32456.8,0
4505,15788930,Silva,BI Developer,29/10/1960,10/03/1991,,White Collar,Permanent,Full Time,Flex and Fixed,Active,Medium,Male,62,"31  Years, 9 Months",31,60559.74,4,0.3,0.35,0.67,1,1,0,1,0,64425.25,0
4506,15628583,Iweobiegbunam,Warehouse Quality Control Specialist - Air Logistics,25/02/1985,20/06/2012,,Blue Collar,Permanent,Full Time,Fixed,Active,High,Female,38,"10  Years, 5 Months",10,23363.17,3,0.77,0.77,0.79,1,0,1,0,1,28148.4,0
4507,15635177,Williamson,IT-Support,21/10/1985,26/10/1988,,White Collar,Permanent,Full Time,Fixed,Active,Low,Female,37,"34  Years, 1 Months",34,38360.09,3,0.44,0.74,0.7,1,0,1,1,1,41158.9,0
4508,15587690,Madueke,Gateway & Procurement Specialist - Air Logistics,13/03/1956,21/03/2011,,Blue Collar,Permanent,Full Time,Fixed,Active,Medium,Male,67,"11 Years, 8 Months",11,32088.68,3,0.18,0.5,0.6,2,0,0,1,0,36054.7,0
4509,15627630,Chiagoziem,Technical Support Engineer,08/05/1960,15/08/2005,,White Collar,Permanent,Full Time,Flex and Fixed,Active,Low,Female,62,"17 Years, 4 Months",17,58121.2,3,0.95,0.87,0.56,3,1,0,1,0,59307.35,0
4510,15610930,Kwemto,Trucking Specialist - Air Logistics,11/11/1973,02/12/2013,,Blue Collar,Permanent,Full Time,Fixed,Active,Low,Female,49,"9 Years, 0 Months",9,30427.22,1,0.08,0.55,0.48,1,0,0,1,0,35380.49,0
4511,15657747,Zito,Revenue Care Specialist- Air Logistics,14/01/1975,10/01/2017,,White Collar,Permanent,Full Time,Fixed,Active,High,Female,48,"5 Years, 11 Months",5,38025.24,2,0.39,0.8,0.65,2,1,1,0,1,43210.5,0
4512,15568006,Ukaegbunam,Regional Air logistics Trainer Specialist,22/04/1985,11/05/2016,17/05/2021,White Collar,Permanent,Full Time,Fixed,Voluntarily Terminated,Medium,Female,37,"5 Years, 0 Months",5,32480.43,2,0.12,0.49,0.52,6,0,0,1,0,34553.65,1
4513,15751748,Trevisani,Recruiter,09/09/1973,26/12/2018,06/07/2022,White Collar,Permanent,Full Time,Fixed,Voluntarily Terminated,Low,Male,49,"3 Years, 6 Months",3,37885.95,2,0.12,0.54,0.92,3,0,0,0,0,40304.2,1
4514,15722212,Edmondstone,Apprentice,26/02/2004,26/08/2022,,Blue Collar,Apprentice,Full Time,Fixed,Active,Low,Female,19,"0 Years, 3 Months",0,23394.7,3,0.09,0.21,0.87,0,0,0,1,0,23394.7,0
4515,15658670,Chien,Network Engineer,16/05/1966,26/09/1995,,White Collar,Permanent,Full Time,Flex and Fixed,Active,High,Female,56,"27 Years, 2 Months",27,64773.99,3,0.27,0.77,0.77,1,1,0,1,0,69649.45,0
4516,15761654,Boni,Trucking Specialist - Air Logistics,10/01/1958,28/09/2003,,Blue Collar,Permanent,Full Time,Fixed,Active,Low,Male,65,"19 Years, 2 Months",19,29372.49,3,0.67,0.53,0.73,2,0,1,1,1,35820.11,0
4517,15812210,Yashina,Accounts Payable,28/05/1960,05/07/2017,,White Collar,Permanent,Full Time,Fixed,Active,Medium,Female,62,"5 Years, 5 Months",5,33855.95,4,0.53,0.89,0.49,3,1,1,1,1,36799.95,0
4518,15787051,Georg,Warehouse Specialist - Air Logistics,24/12/1983,01/06/2021,,Blue Collar,Temporary,Full Time,Fixed,Active,Medium,Female,39,"1  Years, 6 Months",1,26572.6,3,0.18,0.25,0.59,0,0,0,1,0,26572.6,0
4519,15642991,Tung,Data Engineer,03/09/1966,21/07/2021,,White Collar,Permanent,Full Time,Flex and Fixed,Active,High,Female,56,"1  Years, 4 Months",1,68528.4,3,0.41,0.53,0.59,0,1,0,1,0,68528.4,0
4520,15713769,Michelides,Customer Care Specialist-Key Accounts,24/09/1997,06/07/2012,,White Collar,Permanent,Full Time,Fixed,Active,Medium,Male,25,"10  Years, 5 Months",10,30018.03,3,0.26,0.44,0.45,4,0,1,1,1,36166.3,0
4521,15605826,Korovina,Perishable Operational Care Specialist - Air Logistics,03/06/1963,02/05/1991,23/11/2016,Blue Collar,Permanent,Full Time,Fixed,Voluntarily Terminated,Low,Male,59,"25 Years, 6 Months",25,29017.3,1,0.41,0.7,0.44,6,0,0,1,0,33741.05,1
4522,15648898,Chuang,Gateway & Procurement Specialist - Air Logistics,23/03/1959,04/09/1997,,Blue Collar,Permanent,Full Time,Fixed,Active,Medium,Female,63,"25  Years, 3 Months",25,24358.45,4,0.29,0.54,0.76,5,0,1,1,1,35302.1,0
4523,15705309,Yuriev,Accounting Coordinator,15/04/1987,24/04/2019,,White Collar,Permanent,Full Time,Fixed,Active,Low,Male,35,"3 Years, 7 Months",3,31046.7,3,0.42,0.9,0.56,2,1,0,0,0,33028.4,0
4524,15734202,Chidimma,Trucking Team Leader- Air Logistics,13/03/1956,01/12/1991,,White Collar,Permanent,Full Time,Fixed,Active,Medium,Female,67,"31 Years, 0 Months",31,30960.47,1,0.26,0.69,0.8,3,0,0,1,0,43606.3,0
4525,15658852,Stevens,Transport Controller,07/12/1980,10/02/2012,,Blue Collar,Temporary,Full Time,Fixed,Active,High,Male,42,"10  Years, 10 Months",10,23599.06,2,0.42,0.78,0.59,1,0,1,1,1,28432.6,0
4526,15612633,Kao,Customer Servce Administrative Officer,22/01/1989,28/03/2012,,Blue Collar,Permanent,Full Time,Fixed,Active,High,Male,34,"10  Years, 8 Months",10,26760.66,2,0.65,0.91,0.49,5,0,1,0,1,33037.85,0
4527,15604818,Edmund la Touche,Perishable Apprentice- Air Logistics,26/07/2003,25/06/2022,,Blue Collar,Apprentice,Full Time,Fixed,Active,Low,Male,19,"0 Years, 5 Months",0,22631.55,4,0.37,0.92,0.61,0,0,0,1,0,22631.55,0
4528,15593900,Belousov,Transport Controller,07/05/1989,14/11/2013,,Blue Collar,Temporary,Full Time,Fixed,Active,High,Male,33,"9 Years, 1 Months",9,21265.52,3,0.08,0.96,0.88,2,0,1,0,1,24727.35,0
4529,15624995,McCane,Accounts Payable,24/05/1982,18/05/2021,,White Collar,Permanent,Full Time,Fixed,Active,High,Female,40,"1  Years, 7 Months",1,37118.9,3,0.22,0.8,0.77,0,1,1,1,1,37118.9,0
4530,15570087,Parry-Okeden,Transport Controller,20/05/1987,23/06/2016,31/07/2022,Blue Collar,Temporary,Full Time,Fixed,Voluntarily Terminated,High,Female,35,"6 Years, 1 Months",6,22156.59,2,0.16,0.52,0.67,1,0,1,1,1,25467.35,1
4531,15802617,Hudson,Warehouse Shift Team Leader- Air Logistics,07/08/1974,16/09/2019,,White Collar,Permanent,Full Time,Fixed,Active,High,Male,48,"3 Years, 3 Months",3,40380.57,2,0.54,0.52,0.97,1,0,0,1,0,41629.45,0
4532,15656029,Marsden,Customer Brokerage Specialist,16/03/1985,02/07/2008,,Blue Collar,Permanent,Full Time,Fixed,Active,Medium,Male,37,"14 Years, 5 Months",14,29861.14,2,0.29,0.93,0.96,2,1,1,0,1,34323.15,0
4533,15739194,Manfrin,Trucking Specialist - Air Logistics,01/11/1956,10/04/2002,,Blue Collar,Permanent,Full Time,Fixed,Active,Medium,Male,66,"20 Years, 8 Months",20,26419.61,4,0.29,0.89,0.9,3,0,0,1,0,32616.8,0
4534,15607275,Ch'ang,Accounting Coordinator,04/01/2001,03/04/2021,06/03/2022,White Collar,Permanent,Full Time,Fixed,Voluntarily Terminated,High,Male,22,"1  Years, 8 Months",1,28500.87,2,0.45,0.21,0.61,3,1,1,0,1,32387.35,1
4535,15629475,Clark,Internal Trainer,28/01/1980,11/01/2018,,White Collar,Permanent,Full Time,Fixed,Active,High,Male,43,"4 Years, 11 Months",4,35408.83,3,0.22,0.7,0.84,3,0,0,1,0,36884.2,0
4536,15635034,Aldrich,Perishable Operational Care Specialist - Air Logistics,03/10/1996,19/04/2011,07/12/2014,Blue Collar,Permanent,Full Time,Fixed,Voluntarily Terminated,Low,Male,26,"3 Years, 7 Months",3,30030.17,2,0.26,0.89,0.74,5,0,1,1,1,32290.5,1
4537,15756333,Khan,Project Manager,31/03/1977,27/11/2018,,White Collar,Permanent,Full Time,Flex and Fixed,Active,Medium,Female,45,"4 Years, 0 Months",4,36948.87,3,0.66,0.21,0.37,1,1,1,1,0,40603.15,0
4538,15777436,Murray,Warehouse Specialist - Air Logistics,19/09/1985,26/02/2021,,Blue Collar,Temporary,Full Time,Fixed,Active,Low,Female,37,"1 Years, 9 Months",1,26641.05,3,0.28,0.67,0.78,0,0,0,1,0,26641.05,0
4539,15676835,Anayolisa,Warehouse Quality Control Specialist - Air Logistics,04/08/1994,12/08/2017,,Blue Collar,Permanent,Full Time,Fixed,Active,High,Male,28,"5 Years, 4 Months",5,21942.47,4,0.22,0.73,0.97,2,0,0,1,0,24112.6,0
4540,15574206,Shillito,Accounting Coordinator,01/12/1988,05/10/2013,,White Collar,Permanent,Full Time,Fixed,Active,High,Female,34,"9 Years, 2 Months",9,32080.99,4,0.44,0.85,0.51,2,1,1,1,1,36874.7,0
4541,15613017,McMillan,Sea Logiscitcs Customer Care Specialist ,06/08/1986,17/08/2016,,Blue Collar,Permanent,Full Time,Fixed,Active,High,Male,36,"6 Years, 4 Months",6,33348.19,4,0.14,0.54,0.85,2,0,0,1,0,35476.8,0
4542,15815131,Howells,Sea Logiscitcs Customer Care Specialist ,05/06/1983,03/06/2017,,Blue Collar,Permanent,Full Time,Fixed,Active,Medium,Female,39,"5 Years, 6 Months",5,31910.65,4,0.94,0.74,0.94,1,0,1,1,1,36262.1,0
4543,15585455,Stewart,IT System Engineer,05/08/1979,23/02/2019,,White Collar,Permanent,Full Time,Flex and Fixed,Active,Medium,Male,43,"3 Years, 9 Months",3,65460.24,2,0.15,0.71,0.65,1,1,0,0,0,70387.35,0
4544,15692929,Ikechukwu,Software Engineer,10/09/1955,04/02/2018,,White Collar,Permanent,Full Time,Flex and Fixed,Active,Medium,Female,67,"4 Years, 10 Months",4,64408.82,3,0.1,0.76,0.52,1,1,1,0,1,69256.8,0
4545,15758081,Repina,Analyst Programmer ,19/04/1990,21/10/2017,,White Collar,Permanent,Full Time,Flex and Fixed,Active,Medium,Male,32,"5 Years, 1 Months",5,58101.95,2,0.27,0.85,0.5,2,1,1,1,1,61159.95,0
4546,15667476,Cox,Sea Logiscitcs Customer Care Specialist ,23/10/1975,26/10/2013,,Blue Collar,Permanent,Full Time,Fixed,Active,Medium,Female,47,"9 Years, 1 Months",9,30262.97,3,0.93,0.82,0.89,1,0,0,0,0,36027.35,0
4547,15738248,Lo,Business Analyst,24/11/1980,11/02/2020,,White Collar,Permanent,Full Time,Flex and Fixed,Active,Medium,Female,42,"2 Years, 10 Months",2,46780.07,4,0.39,0.71,0.79,2,1,0,1,0,51977.85,0
4548,15672152,Grant,Aerospace International Logistics Specialist,18/08/1984,01/05/2020,23/06/2021,Blue Collar,Permanent,Full Time,Fixed,Terminated for Cause,Low,Male,38,"2  Years, 7 Months",2,31509.54,2,0.28,0.79,0.65,3,0,1,0,1,35806.3,1
4549,15673372,Stevenson,Java Software Engineer ,04/05/1986,10/02/2012,09/12/2016,White Collar,Permanent,Full Time,Flex and Fixed,Voluntarily Terminated,High,Female,36,"10  Years, 10 Months",10,55380.21,2,0.17,0.86,0.56,1,1,1,1,1,66723.15,1
4550,15587611,Kauffmann,National Perishable Air Logistics Development Manager Seafood,27/05/1998,21/05/2014,17/06/2014,White Collar,Permanent,Full Time,Flex and Fixed,Voluntarily Terminated,Low,Male,24,"0 Years, 0 Months",0,33229.72,2,0.27,0.9,0.78,3,1,0,0,1,37761.05,1
4551,15803415,Samsonova,Recruiter,30/10/1955,12/02/2007,,White Collar,Permanent,Full Time,Fixed,Active,Medium,Female,67,"15  Years, 10 Months",15,30155.53,2,0.48,0.65,0.8,3,0,0,1,0,38660.93,0
4552,15715673,Niu,Data Engineer,25/01/1957,18/11/1995,17/08/2020,White Collar,Permanent,Full Time,Flex and Fixed,Voluntarily Terminated,Low,Female,66,"24 Years, 8 Months",24,46323.06,2,0.3,0.53,0.74,1,1,0,1,0,69138.9,1
4553,15655648,Bock,IT System Engineer,21/06/1973,26/03/2014,,White Collar,Permanent,Full Time,Flex and Fixed,Active,Low,Female,49,"8 Years, 8 Months",8,63065.49,2,0.51,0.51,0.91,2,1,0,1,0,68549.45,0
4554,15763613,Barlow,Warehouse Apprentice- Air Logistics,27/09/2003,09/12/2022,,Blue Collar,Apprentice,Full Time,Fixed,Active,Medium,Male,19,"0 Years, 0 Months",0,23860.53,2,0.19,1,0.76,0,0,0,1,0,23860.53,0
4555,15660385,Stevenson,Analyst Programmer ,30/04/1984,10/07/2014,,White Collar,Permanent,Full Time,Flex and Fixed,Active,High,Male,38,"8 Years, 5 Months",8,54418.02,3,0.27,0.92,0.82,2,1,0,1,0,62549.45,0
4556,15733261,Kung,IT-Support,18/04/1979,11/01/2012,14/12/2016,White Collar,Permanent,Full Time,Fixed,Voluntarily Terminated,High,Female,43,"10  Years, 11 Months",10,33101.23,4,0.58,0.22,0.59,1,0,0,1,0,40367.35,1
4557,15796231,Nwankwo,Sales Account Manager,24/05/1996,02/03/2017,,White Collar,Permanent,Full Time,Fixed,Active,High,Female,26,"5 Years, 9 Months",5,33271.06,1,0.7,0.23,0.67,1,1,1,1,1,36164.2,0
4558,15624866,Brewer,Network Engineer,11/01/1959,07/10/1987,,White Collar,Permanent,Full Time,Flex and Fixed,Active,High,Male,64,"35  Years, 2 Months",35,43558.44,4,0.29,0.52,0.77,3,1,0,0,0,65012.6,0
4559,15623730,Ch'iu,Accounts Payable,16/10/2000,20/08/2013,,White Collar,Permanent,Full Time,Fixed,Active,High,Male,22,"9 Years, 3 Months",9,28190.46,4,0.59,0.8,0.83,2,1,1,0,1,33165.25,0
4560,15668248,Quinn,Operations Specialist,02/02/1998,29/12/2017,20/02/2022,Blue Collar,Permanent,Full Time,Fixed,Voluntarily Terminated,High,Female,25,"4 Years, 1 Months",4,29257.67,1,0.25,0.59,0.72,5,0,0,0,0,33247.35,1
4561,15694518,Kodilinyechukwu,Analyst Programmer ,18/06/1983,20/01/2013,,White Collar,Permanent,Full Time,Flex and Fixed,Active,High,Female,39,"9 Years, 10 Months",9,49838.5,2,0.28,0.75,0.55,2,1,0,1,0,59331.55,0
4562,15638028,Ifeanyichukwu,Trucking Team Leader- Air Logistics,20/08/1985,11/08/2021,,White Collar,Permanent,Full Time,Fixed,Active,Medium,Male,37,"1 Years, 4 Months",1,36932.72,1,0.15,0.99,0.58,1,0,1,0,1,39712.6,0
4563,15795895,Yermakova,Senior DevOps Engineer,06/12/1985,01/12/2018,,White Collar,Permanent,Full Time,Flex and Fixed,Active,Medium,Male,37,"4 Years, 0 Months",4,60966.79,1,0.18,0.57,0.76,3,1,0,1,0,69280.44,0
4564,15694376,Sullivan,Recruiter,25/02/1979,08/03/2012,24/07/2018,White Collar,Permanent,Full Time,Fixed,Voluntarily Terminated,Low,Female,44,"10  Years, 9 Months",10,34020.57,2,0.28,0.87,0.95,11,0,0,0,0,40024.2,1
4565,15669204,Grant,Stock Investigator & Analyst,08/04/1955,15/04/2003,,White Collar,Permanent,Full Time,Flex and Fixed,Active,High,Male,67,"19 Years, 8 Months",19,36609.03,3,0.29,0.52,0.47,1,1,0,1,0,47544.2,0
4566,15773779,Jacka,Java Software Engineer ,07/02/1989,18/06/2019,,White Collar,Permanent,Full Time,Flex and Fixed,Active,Medium,Female,34,"3 Years, 6 Months",3,60230.84,3,0.85,0.57,0.9,2,1,1,1,0,66923.15,0
4567,15580682,Tsai,Business Analyst,19/01/1972,16/03/2016,,White Collar,Permanent,Full Time,Flex and Fixed,Active,High,Female,51,"6 Years, 9 Months",6,44735.07,2,0.3,0.32,0.77,1,1,1,1,1,47590.5,0
4568,15768530,Emery,Cloud Service Analyst,22/09/1961,01/10/1998,,White Collar,Permanent,Full Time,Flex and Fixed,Active,Low,Female,61,"24 Years, 2 Months",24,53525.2,4,0.29,0.66,0.81,1,1,1,1,1,58818.9,0
4569,15672875,Piccio,Business Analyst,05/11/1980,16/10/2019,,White Collar,Permanent,Full Time,Flex and Fixed,Active,High,Male,42,"3 Years, 2 Months",3,41523.94,4,0.86,0.53,0.8,2,1,1,1,1,47186.3,0
4570,15617082,Sanders,Accountant,24/06/1980,14/04/2013,,White Collar,Permanent,Full Time,Fixed,Active,Low,Male,42,"9 Years, 8 Months",9,31915.27,4,0.29,0.55,0.62,1,1,1,1,1,36267.35,0
4571,15760514,Sharp,Warehouse Quality Control Specialist - Air Logistics,24/04/1970,28/01/2017,,Blue Collar,Permanent,Full Time,Fixed,Active,Medium,Female,52,"5 Years, 10 Months",5,24595.39,4,0.57,0.66,0.9,2,0,1,1,1,28935.75,0
4572,15761775,Myers,Account Manager ,15/07/1979,11/03/2015,,White Collar,Permanent,Full Time,Fixed,Active,Medium,Male,43,"7 Years, 9 Months",7,28844.41,4,0.3,0.69,0.92,3,1,1,1,1,32409.45,0
4573,15799964,Campbell,Apprentice,02/12/2001,25/02/2022,,Blue Collar,Apprentice,Full Time,Fixed,Active,Low,Female,21,"0 Years, 9 Months",0,22665.25,2,0.26,0.67,0.99,0,0,0,1,0,22665.25,0
4574,15693906,Abbott,Human Resoruces Coordinator,09/11/1983,19/08/2012,,White Collar,Permanent,Full Time,Fixed,Active,Low,Female,39,"10  Years, 3 Months",10,27163.57,4,0.88,0.75,0.37,2,0,1,1,1,33126.3,0
4575,15739514,Preston,Regional Air logistics Trainer Specialist,14/06/1990,23/08/2014,,White Collar,Permanent,Full Time,Fixed,Active,High,Female,32,"8 Years, 3 Months",8,29369.71,4,0.08,0.7,0.98,2,0,1,1,1,34552.6,0
4576,15756926,Atherton,National Service Excellence Specialist- Air Logistics,05/10/1990,16/06/2013,,White Collar,Permanent,Full Time,Flex and Fixed,Active,Low,Male,32,"9 Years, 6 Months",9,31475.27,3,0.3,0.71,0.74,3,0,1,0,1,35767.35,0
4577,15770984,Fanucci,Transport Controller,21/09/1996,21/03/2021,,Blue Collar,Temporary,Full Time,Fixed,Active,High,Female,26,"1  Years, 8 Months",1,26917.85,4,0.54,0.97,0.6,0,0,1,0,1,26917.85,0
4578,15703979,Evans,Business Development Executive,26/01/1962,10/06/1999,,White Collar,Permanent,Full Time,Flex and Fixed,Active,Low,Male,61,"23 Years, 6 Months",23,33693.7,3,0.16,0.5,0.48,1,0,0,1,0,40111.55,0
4579,15801821,Cookson,Pricing Analyst,08/06/1963,25/12/2015,,White Collar,Permanent,Full Time,Flex and Fixed,Active,Medium,Male,59,"6 Years, 11 Months",6,48125.98,3,0.74,0.34,0.92,2,1,0,0,0,51197.85,0
4580,15711028,Nnachetam,Human Resoruces Coordinator,30/05/1986,11/12/2017,09/01/2018,White Collar,Permanent,Full Time,Fixed,Voluntarily Terminated,Medium,Male,36,"0 Years, 0 Months",0,31084.37,2,0.3,0.67,0.74,3,0,1,1,1,35323.15,1
4581,15791842,Johnstone,Accounting Coordinator,01/10/1986,02/04/2016,,White Collar,Permanent,Full Time,Fixed,Active,High,Female,36,"6 Years, 8 Months",6,32125.04,4,0.22,0.78,0.98,2,1,1,1,1,37354.7,0
4582,15746127,Hort,Customer Care Specialist-Key Accounts,27/07/1997,30/04/2022,,White Collar,Permanent,Full Time,Fixed,Active,High,Female,25,"0 Years, 7 Months",0,32691.55,3,0.26,0.52,0.91,0,0,0,1,0,32691.55,0
4583,15663625,Johnson,Perishable Customer Care Team Leader - Air Logistics,04/12/1988,24/12/2013,,White Collar,Permanent,Full Time,Fixed,Active,Medium,Male,34,"8 Years, 11 Months",8,33156.14,4,0.55,0.91,0.51,1,0,0,0,0,38553.65,0
4584,15604891,Zaytseva,Accounts Payable,13/03/1998,18/08/2016,,White Collar,Permanent,Full Time,Fixed,Active,High,Female,24,"6 Years, 4 Months",6,32628.86,2,0.42,0.79,0.92,3,1,0,1,0,34711.55,0
4585,15589666,Sorokina,Perishable Warehouse Specialist - Air Logistics,23/09/1987,12/04/2020,,Blue Collar,Permanent,Part Time,Fixed,Active,High,Female,35,"2 Years, 8 Months",2,31188.17,2,0.38,0.83,0.53,2,0,1,1,1,33178.9,0
4586,15627881,Diehl,National Air Logistics Transport & QSHE Manager,27/02/1981,02/04/2013,,White Collar,Permanent,Full Time,Flex and Fixed,Active,High,Male,42,"9 Years, 8 Months",9,58560.92,4,0.92,0.74,0.76,3,1,1,1,0,71415.75,0
4587,15664895,Onuchukwu,Operations Specialist,09/02/1995,27/08/2013,,Blue Collar,Permanent,Full Time,Fixed,Active,High,Female,28,"9 Years, 3 Months",9,30247.46,2,0.16,0.77,0.97,1,0,1,1,1,35585.25,0
4588,15676094,Osonduagwuike,Customer Brokerage Specialist,22/12/1957,06/10/2019,,Blue Collar,Permanent,Full Time,Fixed,Active,Medium,Female,65,"3 Years, 2 Months",3,36702.1,3,0.09,0.49,0.71,0,1,1,1,1,36702.1,0
4589,15761720,Mead,Accountant,13/05/1966,29/01/2003,,White Collar,Permanent,Full Time,Fixed,Active,Medium,Male,56,"19 Years, 10 Months",19,31562.99,3,0.41,0.94,0.89,1,1,0,1,0,33224.2,0
4590,15611961,Stewart,Trucking Specialist - Air Logistics,04/06/1972,02/10/2022,,Blue Collar,Permanent,Full Time,Fixed,Active,Medium,Male,50,"0 Years, 2 Months",0,32497.85,3,0.67,0.99,0.91,0,0,0,1,0,32497.85,0
4591,15680167,Thomson,Gateway & Procurement Team Leader- Air Logistics,16/06/1957,25/11/2017,,White Collar,Permanent,Full Time,Fixed,Active,Low,Female,65,"5 Years, 0 Months",5,36389.34,3,0.26,0.69,0.84,1,0,1,1,1,40432.6,0
4592,15762543,Goliwe,Sea Logiscitcs Customer Care Specialist ,02/11/1999,20/09/2022,,Blue Collar,Permanent,Full Time,Fixed,Active,Medium,Female,23,"0 Years, 2 Months",0,34623.15,1,0.49,0.88,0.59,0,0,0,1,0,34623.15,0
4593,15658475,Lori,Revenue Care Specialist- Air Logistics,25/03/1984,14/03/2007,25/05/2014,White Collar,Permanent,Full Time,Fixed,Voluntarily Terminated,Low,Male,38,"7 Years, 2 Months",7,39735.89,1,0.2,0.89,0.9,6,1,0,1,1,41391.55,1
4594,15779743,Onwuamaeze,Apprentice,21/06/2002,12/05/2022,,Blue Collar,Apprentice,Full Time,Fixed,Active,Medium,Female,20,"0 Years, 7 Months",0,23427.35,1,0.11,0.8,0.58,0,0,0,1,0,23427.35,0
4595,15661532,Butusov,Project Coordinator,10/02/1988,17/01/2021,,White Collar,Permanent,Full Time,Fixed,Active,Medium,Female,35,"1  Years, 11 Months",1,37746.3,4,0.13,0.22,0.89,0,0,0,0,0,37746.3,0
4596,15782360,Rogers,Perishable Operational Care Specialist - Air Logistics,21/04/1975,22/09/2014,09/02/2015,Blue Collar,Permanent,Full Time,Fixed,Voluntarily Terminated,Medium,Male,47,"0 Years, 4 Months",0,29610.59,2,0.41,0.87,0.83,3,0,1,1,1,33648.4,1
4597,15767908,Nicholson,Perishable Warehouse Specialist - Air Logistics,12/11/1982,26/08/2022,,Blue Collar,Permanent,Full Time,Fixed,Active,Low,Male,40,"0 Years, 3 Months",0,36990.5,3,0.2,0.66,0.66,0,0,0,0,0,36990.5,0
4598,15677105,Rossi,Project Manager,29/09/1969,02/07/1985,21/05/2013,White Collar,Permanent,Full Time,Flex and Fixed,Terminated for Cause,Medium,Female,53,"38  Years, 5 Months",38,31326.12,2,0.3,0.9,0.68,6,1,0,1,0,42332.6,1
4599,15641474,Hall,National Service Excellence Specialist- Air Logistics,17/03/1959,09/11/2021,,White Collar,Permanent,Full Time,Flex and Fixed,Active,Low,Male,63,"1  Years, 1 Months",1,33997.85,3,0.4,0.95,0.54,0,0,0,1,0,33997.85,0
4600,15624451,Huddart,Customer Servce Administrative Officer,19/05/1975,11/04/2019,,Blue Collar,Permanent,Full Time,Fixed,Active,Low,Female,47,"3 Years, 8 Months",3,28107.16,2,0.72,0.49,0.56,2,0,0,1,0,31939.95,0
4601,15577985,Chinomso,Accountant,29/09/1956,21/09/2016,,White Collar,Permanent,Full Time,Fixed,Active,Medium,Female,66,"6 Years, 2 Months",6,32525.96,4,0.57,0.71,0.68,2,1,1,1,1,36139.95,0
4602,15571666,Shaw,Cloud Service Analyst,04/08/1960,24/06/2001,,White Collar,Permanent,Full Time,Flex and Fixed,Active,Low,Male,62,"21 Years, 5 Months",21,58501.97,1,0.28,0.2,0.96,2,1,0,0,0,63040.92,0
4603,15783691,Hargreaves,Project Coordinator,09/03/1970,06/12/1988,,White Collar,Permanent,Full Time,Fixed,Active,Medium,Female,53,"34 Years, 0 Months",34,35133.42,4,0.3,0.95,0.64,3,0,0,1,0,37696.8,0
4604,15671172,Swain,Accounts Payable,06/01/1974,03/07/2021,,White Collar,Permanent,Full Time,Fixed,Active,Medium,Male,49,"1  Years, 5 Months",1,34694.88,3,0.76,0.68,0.8,1,1,1,0,0,36909.45,0
4605,15731760,Butcher,Technical Support Engineer,15/05/1968,23/09/1984,,White Collar,Permanent,Full Time,Flex and Fixed,Active,Medium,Male,54,"38  Years, 2 Months",38,56905.73,3,0.16,0.93,0.68,1,1,1,0,1,59276.8,0
4606,15585599,Stone,Project Coordinator,26/07/1972,14/01/2015,,White Collar,Permanent,Full Time,Fixed,Active,High,Female,50,"7 Years, 11 Months",7,32030.68,3,0.81,0.85,0.57,3,0,1,0,1,37683.15,0
4607,15784958,Allan,Perishable Operational Care Specialist - Air Logistics,06/11/1980,22/04/2016,28/01/2019,Blue Collar,Permanent,Full Time,Fixed,Voluntarily Terminated,High,Female,42,"2 Years, 9 Months",2,30291.01,2,0.51,0.82,0.68,1,0,1,1,1,35222.1,1
4608,15734524,Wang,Accounts Payable,12/08/1985,25/04/2013,26/01/2019,White Collar,Permanent,Full Time,Fixed,Terminated for Cause,High,Male,37,"5 Years, 9 Months",5,29743.03,2,0.25,0.23,0.42,6,1,0,1,0,33798.9,1
4609,15614103,Colombo,Java Software Engineer ,19/08/1957,05/01/2013,29/04/2022,White Collar,Permanent,Full Time,Flex and Fixed,Terminated for Cause,Low,Male,65,"9 Years, 3 Months",9,56602.31,2,0.27,0.88,0.84,6,1,1,0,1,65060.13,1
4610,15794895,McKay,Material Handler ,25/02/2004,21/08/2022,,Blue Collar,Temporary,Full Time,Fixed,Active,High,Male,19,"0 Years, 3 Months",0,25986.3,3,0.87,0.98,0.79,0,0,1,0,1,25986.3,0
4611,15772381,Brient,Warehouse Specialist - Air Logistics,23/04/1997,23/05/2016,,Blue Collar,Temporary,Full Time,Fixed,Active,High,Male,25,"6 Years, 6 Months",6,23783.97,3,0.12,0.89,0.98,3,0,0,1,0,25302.1,0
4612,15710553,Yin,Software Engineer,03/07/1958,29/06/1985,,White Collar,Permanent,Full Time,Flex and Fixed,Active,Medium,Male,64,"37 Years, 5 Months",37,40623.7,3,0.29,0.92,0.51,4,1,1,0,1,65522.1,0
4613,15649292,Bellucci,Business Analyst,14/02/1965,24/07/2018,07/07/2019,White Collar,Permanent,Full Time,Flex and Fixed,Voluntarily Terminated,Low,Female,58,"0 Years, 11 Months",0,40025.17,2,0.28,0.48,0.6,3,1,0,0,1,45483.15,1
4614,15792565,Duncan,Trucking Team Leader- Air Logistics,05/02/1958,08/02/2011,,White Collar,Permanent,Full Time,Fixed,Active,Medium,Female,65,"11 Years, 10 Months",11,32350.74,2,0.42,0.67,0.49,2,0,1,1,1,38976.8,0
4615,15718245,Pirozzi,National Perishable Air Logistics Development Manager Retail,29/12/1987,11/08/2022,,White Collar,Permanent,Full Time,Flex and Fixed,Active,Low,Male,35,"0 Years, 4 Months",0,36798.9,2,0.26,0.84,0.55,0,1,1,1,1,36798.9,0
4616,15703117,Findlay,Revenue Care Specialist- Air Logistics,11/05/1985,30/05/2022,,White Collar,Permanent,Full Time,Fixed,Active,Low,Female,37,"0 Years, 6 Months",0,43558.9,2,0.53,0.97,0.78,0,1,1,0,1,43558.9,0
4617,15758136,King,Gateway & Procurement Specialist - Air Logistics,14/01/1994,13/06/2013,,Blue Collar,Permanent,Full Time,Fixed,Active,Medium,Male,29,"9 Years, 6 Months",9,30817.39,3,0.4,0.65,0.53,1,0,1,0,1,36255.75,0
4618,15799932,Iweobiegbunam,National Air Logistics Pharma Compliance Specialist,14/12/1996,26/02/2019,,Blue Collar,Permanent,Full Time,Fixed,Active,Low,Male,26,"3 Years, 9 Months",3,31814.56,2,0.16,0.79,0.87,2,0,1,1,1,34961.05,0
4619,15633516,Tucker,National Air Logistics Pharma Compliance Specialist,05/02/1980,13/05/2019,,Blue Collar,Permanent,Full Time,Fixed,Active,Low,Male,43,"3 Years, 7 Months",3,31566.96,3,0.96,0.75,0.75,1,0,1,0,0,35871.55,0
4620,15622532,Izmailova,Perishable Warehouse Specialist - Air Logistics,04/09/1986,27/06/2014,26/07/2021,Blue Collar,Permanent,Full Time,Fixed,Voluntarily Terminated,Medium,Female,36,"7 Years, 0 Months",7,31165.69,2,0.28,0.69,0.64,5,0,1,0,1,33875.75,1
4621,15798960,Meng,Recruiter,28/07/1961,05/01/1989,,White Collar,Permanent,Full Time,Fixed,Active,Medium,Male,61,"33 Years, 11 Months",33,35202.94,3,0.11,0.85,0.6,3,0,1,0,1,40933.65,0
4622,15698664,Liang,Business Development Executive,13/12/1985,29/10/2013,,White Collar,Permanent,Full Time,Flex and Fixed,Active,Low,Male,37,"9 Years, 1 Months",9,37833.99,4,0.93,0.34,0.41,2,0,0,0,0,43487.35,0
4623,15703614,Hutchinson,Recruiter,12/02/1961,07/03/2007,,White Collar,Permanent,Full Time,Fixed,Active,Medium,Male,62,"15 Years, 9 Months",15,37560.29,4,0.85,0.97,0.68,2,0,0,1,0,41733.65,0
4624,15699195,Shen,Revenue Care Specialist- Air Logistics,20/08/1969,16/12/1997,,White Collar,Permanent,Full Time,Fixed,Active,Medium,Female,53,"25 Years, 0 Months",25,36595.85,1,0.28,0.39,0.99,4,1,1,1,1,42064.2,0
4625,15710543,Okwuoma,Warehouse Specialist - Air Logistics,25/03/2001,24/04/2018,05/01/2019,Blue Collar,Temporary,Full Time,Fixed,Voluntarily Terminated,Medium,Male,21,"0 Years, 8 Months",0,25378.23,1,0.29,0.54,0.81,3,0,1,1,1,28838.9,1
4626,15695499,Chinwemma,Accountant,13/04/1999,18/07/2016,,White Collar,Permanent,Full Time,Fixed,Active,Low,Female,23,"6 Years, 5 Months",6,27796.79,1,1,0.78,0.67,2,1,1,0,0,32702.1,0
4627,15622321,Golubova,National Air Logistics Pharma Compliance Specialist,23/10/1999,18/08/2016,,Blue Collar,Permanent,Full Time,Fixed,Active,Medium,Female,23,"6 Years, 4 Months",6,32697.15,2,0.69,0.49,0.79,3,0,1,1,1,34784.2,0
4628,15715744,Schiavone,National Air Logistics Gateway Trade Lane Specialist,10/08/1984,23/06/2016,,White Collar,Permanent,Full Time,Fixed,Active,Medium,Male,38,"6 Years, 5 Months",6,32782.22,4,0.29,0.17,0.83,1,0,1,0,1,34874.7,0
4629,15788151,Moore,Operations Specialist,29/10/1980,10/01/2017,,Blue Collar,Permanent,Full Time,Fixed,Active,Low,Male,42,"5 Years, 11 Months",5,31723.56,1,0.45,0.98,0.81,2,0,1,1,1,35248.4,0
4630,15687153,Graham,National Perishable Air Logistics Development Manager Retail,30/09/1982,06/09/2011,13/02/2019,White Collar,Permanent,Full Time,Flex and Fixed,Voluntarily Terminated,Medium,Male,40,"7 Years, 5 Months",7,34718.44,1,0.21,0.9,1,6,1,0,1,0,37251.55,1
4631,15684958,Amadi,Human Resoruces Coordinator,19/02/1997,15/04/2020,,White Collar,Permanent,Full Time,Fixed,Active,Low,Male,26,"2 Years, 8 Months",2,28554.8,4,0.3,0.24,0.89,1,0,1,1,1,31378.9,0
4632,15706116,McKay,Project Manager,11/12/1990,19/12/2017,,White Collar,Permanent,Full Time,Flex and Fixed,Active,Medium,Female,32,"4 Years, 11 Months",4,38533.22,1,0.69,0.92,0.79,2,1,0,1,0,42344.2,0
4633,15740557,Fedorova,Inside Sales Executive/ Account Manager,07/07/1984,31/01/2017,,White Collar,Permanent,Full Time,Flex and Fixed,Active,Low,Female,38,"5 Years, 10 Months",5,32632.98,4,0.85,0.36,0.72,3,1,0,1,0,34350.5,0
4634,15707291,Percy,Software Engineer,22/11/1965,11/04/2015,,White Collar,Permanent,Full Time,Flex and Fixed,Active,Low,Male,57,"7 Years, 8 Months",7,60053.97,4,0.97,0.19,0.76,1,1,1,1,1,68243.15,0
4635,15583353,Floyd,Recruiter,28/08/1961,10/07/2007,21/07/2016,White Collar,Permanent,Full Time,Fixed,Voluntarily Terminated,Medium,Female,61,"9 Years, 0 Months",9,35978.26,4,0.4,0.75,0.76,5,0,0,1,0,38686.3,1
4636,15761024,Long,Apprentice,27/07/2001,28/08/2022,,Blue Collar,Apprentice,Full Time,Fixed,Active,Low,Female,21,"0 Years, 3 Months",0,22724.2,4,0.78,0.91,0.81,0,0,1,1,1,22724.2,0
4637,15630709,Castiglione,Business Analyst,07/04/1985,04/04/2019,,White Collar,Permanent,Full Time,Flex and Fixed,Active,Medium,Female,37,"3 Years, 8 Months",3,44657.77,2,0.85,0.72,0.95,2,1,0,0,0,48541.05,0
4638,15639590,Melendez,Aerospace International Logistics Specialist,30/07/1999,07/02/2019,,Blue Collar,Permanent,Full Time,Fixed,Active,High,Female,23,"3 Years, 10 Months",3,33411.55,2,0.36,0.62,0.64,2,0,0,1,0,35544.2,0
4639,15659399,Mazzi,Sea Logiscitcs Customer Care Specialist ,11/09/1961,14/09/2006,,Blue Collar,Permanent,Full Time,Fixed,Active,High,Male,61,"16 Years, 3 Months",16,32129.46,1,0.11,0.97,0.75,1,0,0,1,0,33123.15,0
4640,15567078,Kovaleva,Inside Sales Executive/ Account Manager,19/11/1986,12/07/2013,,White Collar,Permanent,Full Time,Flex and Fixed,Active,Low,Female,36,"9 Years, 5 Months",9,27909.56,4,0.93,0.69,0.64,2,1,1,1,1,32079.95,0
4641,15696373,Gill,National Perishable Air Logistics Development Manager Seafood,18/02/1979,23/11/2006,01/02/2014,White Collar,Permanent,Full Time,Flex and Fixed,Voluntarily Terminated,Low,Female,44,"7 Years, 2 Months",7,30686.22,1,0.16,0.98,0.56,5,1,0,0,0,34478.9,1
4642,15786617,Arcuri,Sales Specialist-Air Logitics ,13/09/2002,02/03/2021,,Blue Collar,Permanent,Full Time,Fixed,Active,Medium,Male,20,"1  Years, 9 Months",1,31450.54,2,0.18,0.62,0.53,1,0,0,1,0,32760.98,0
4643,15657449,Chukwuma,Sea Logiscitcs Customer Care Specialist ,22/05/1962,22/12/2009,,Blue Collar,Permanent,Full Time,Fixed,Active,High,Male,60,"12 Years, 11 Months",12,33508.51,2,0.26,0.59,0.82,1,0,0,1,0,35647.35,0
4644,15672594,Stevenson,IT System Engineer,03/05/1984,22/09/2021,03/06/2022,White Collar,Permanent,Full Time,Flex and Fixed,Voluntarily Terminated,Low,Female,38,"1  Years, 2 Months",1,66021.7,2,0.56,0.24,0.98,1,1,0,0,0,68772.6,1
4645,15714240,Ponomarev,National Perishable Air Logistics Development Manager Retail,11/12/1985,15/01/2014,,White Collar,Permanent,Full Time,Flex and Fixed,Active,Medium,Male,37,"8 Years, 11 Months",8,30899.61,3,0.13,0.71,0.79,2,1,0,0,0,36785.25,0
4646,15782144,Gilroy,Accounting Coordinator,29/12/1992,25/04/2019,,White Collar,Permanent,Full Time,Fixed,Active,Low,Female,30,"3 Years, 7 Months",3,31749.43,2,0.9,0.85,0.58,1,1,1,1,1,36078.9,0
4647,15665008,Sidorov,Gateway & Procurement Specialist - Air Logistics,22/11/1965,06/09/2021,,Blue Collar,Permanent,Full Time,Fixed,Active,Medium,Female,57,"1 Years, 3 Months",1,28918.76,1,0.3,0.8,0.94,1,0,1,1,1,33239.95,0
4648,15581733,Bates,Perishable Operational Care Specialist - Air Logistics,29/04/1988,03/03/2016,,Blue Collar,Permanent,Full Time,Fixed,Active,Low,Female,34,"6 Years, 9 Months",6,34655.31,3,0.88,0.48,0.38,1,0,0,1,0,36867.35,0
4649,15751392,Fanucci,Perishable Operational Care Specialist - Air Logistics,19/09/1990,08/01/2013,13/01/2019,Blue Collar,Permanent,Full Time,Fixed,Voluntarily Terminated,Low,Female,32,"6 Years, 0 Months",6,28405.33,2,0.09,0.64,0.4,6,0,0,1,0,33029.45,1
4650,15785815,Toscano,Regional Air logistics Trainer Specialist,29/06/1996,21/01/2016,,White Collar,Permanent,Full Time,Fixed,Active,High,Male,26,"6 Years, 10 Months",6,33272.01,3,0.15,0.19,0.64,3,0,1,1,1,35395.75,0
4651,15664214,Hearn,Business Analyst,29/06/1982,20/04/2012,,White Collar,Permanent,Full Time,Flex and Fixed,Active,High,Male,40,"10  Years, 7 Months",10,39794,2,0.18,0.82,0.69,4,1,0,1,0,49128.4,0
4652,15579996,Iroawuchi,Analyst Programmer ,07/07/1978,24/12/2014,,White Collar,Permanent,Full Time,Flex and Fixed,Active,High,Female,44,"7 Years, 11 Months",7,56880.54,4,0.36,0.99,0.96,3,1,0,0,0,63200.6,0
4653,15675252,Martin,Customer Care Specialist-Key Accounts,19/05/1995,02/11/2015,,White Collar,Permanent,Full Time,Fixed,Active,High,Female,27,"7 Years, 1 Months",7,29576.91,4,0.86,0.45,0.58,1,0,1,1,1,32502.1,0
4654,15579617,Sinclair,Gateway & Procurement Team Leader- Air Logistics,03/03/1985,31/01/2007,01/12/2015,White Collar,Permanent,Full Time,Fixed,Voluntarily Terminated,Low,Female,38,"8 Years, 10 Months",8,36135.57,2,0.29,0.89,0.89,5,0,1,0,1,38442.1,1
4655,15593976,Swanson,Sea Logiscitcs Customer Care Specialist ,28/02/1974,07/10/2015,18/05/2019,Blue Collar,Permanent,Full Time,Fixed,Voluntarily Terminated,Medium,Female,49,"3 Years, 7 Months",3,31431.02,2,0.1,0.75,0.78,5,0,0,0,0,33796.8,1
4656,15716041,Chinomso,Customer Care Specialist-Key Accounts,20/12/1985,19/03/1985,,White Collar,Permanent,Full Time,Fixed,Active,Medium,Male,37,"37 Years, 8 Months",37,31225.77,2,0.3,0.8,0.86,2,0,1,0,1,33218.9,0
4657,15654489,Fomin,IT-Support,09/03/1984,21/01/2019,,White Collar,Permanent,Full Time,Fixed,Active,Medium,Female,39,"3 Years, 10 Months",3,41920.3,3,0.52,0.78,0.49,2,0,1,1,1,43216.8,0
4658,15736302,McKay,Business Analyst,17/08/1983,24/02/2016,,White Collar,Permanent,Full Time,Flex and Fixed,Active,Low,Male,39,"6 Years, 9 Months",6,42756.14,4,0.85,0.95,0.76,3,1,1,1,1,45485.25,0
4659,15805909,Bergamaschi,Accounts Payable,27/12/1988,29/07/2012,,White Collar,Permanent,Full Time,Fixed,Active,Low,Male,34,"10  Years, 4 Months",10,28904.82,1,0.23,0.68,0.67,2,1,0,0,0,34410.5,0
4660,15572762,Matveyeva,Customer Brokerage Specialist,06/01/1990,07/12/2020,,Blue Collar,Permanent,Full Time,Fixed,Active,Low,Female,33,"2 Years, 0 Months",2,33740.86,4,0.38,0.82,0.97,2,1,0,1,0,34429.45,0
4661,15724632,Madukaego,IT-Support,26/03/1992,25/12/2014,,White Collar,Permanent,Full Time,Fixed,Active,Low,Female,30,"7 Years, 11 Months",7,31239.72,2,0.73,0.9,0.69,1,0,1,0,1,36325.25,0
4662,15670416,Ferri,Perishable Operational Care Specialist - Air Logistics,07/07/1991,23/06/2019,,Blue Collar,Permanent,Full Time,Fixed,Active,Low,Female,31,"3 Years, 5 Months",3,29407.33,3,0.16,0.59,0.99,2,0,1,0,1,32315.75,0
4663,15749528,Achebe,National Air Logistics Gateway Trade Lane Specialist,07/02/1978,07/02/2021,,White Collar,Permanent,Full Time,Fixed,Active,High,Male,45,"1  Years, 10 Months",1,35318.9,3,0.26,0.66,0.57,0,0,1,0,1,35318.9,0
4664,15578783,Mai,Gateway & Procurement Specialist - Air Logistics,14/06/1998,17/07/2013,,Blue Collar,Permanent,Full Time,Fixed,Active,Low,Male,24,"9 Years, 5 Months",9,30461.98,3,0.52,0.63,0.56,2,0,1,1,1,35420.91,0
4665,15580719,Davis,Perishable Apprentice- Air Logistics,12/01/2002,24/08/2022,,Blue Collar,Apprentice,Full Time,Fixed,Active,Low,Female,21,"0 Years, 3 Months",0,22062.1,4,0.49,0.73,0.78,0,0,1,1,1,22062.1,0
4666,15656293,Davey,Internal Trainer,24/02/1979,28/06/2019,,White Collar,Permanent,Full Time,Fixed,Active,High,Male,44,"3 Years, 5 Months",3,30317.44,3,0.48,0.63,0.93,3,0,0,1,0,32252.6,0
4667,15691875,Tsou,National Air Logistics Pharma Compliance Specialist,07/04/1962,08/07/2014,,Blue Collar,Permanent,Full Time,Fixed,Active,High,Female,60,"8 Years, 5 Months",8,31422.25,2,0.26,0.87,0.62,2,0,0,1,0,36967.35,0
4668,15596870,Marino,Internal Trainer,07/12/1987,11/06/2016,16/12/2016,White Collar,Permanent,Full Time,Fixed,Voluntarily Terminated,Medium,Male,35,"0 Years, 6 Months",0,28310.96,4,0.3,0.62,0.87,3,0,0,1,0,32171.55,1
4669,15780770,Kerr,Operations Specialist,16/10/1980,13/09/2015,,Blue Collar,Permanent,Full Time,Fixed,Active,High,Male,42,"7 Years, 3 Months",7,31398.62,3,0.25,0.53,0.9,1,0,1,1,0,34887.35,0
4670,15751491,Hsiao,Apprentice,14/06/2004,30/10/2009,05/04/2018,Blue Collar,Apprentice,Full Time,Fixed,Voluntarily Terminated,Medium,Male,18,"8 Years, 5 Months",8,19891.82,1,0.29,0.94,0.83,6,0,0,1,0,21343.15,1
4671,15706200,Graham,Sea Logiscitcs Customer Care Specialist ,20/12/1985,23/03/2021,,Blue Collar,Permanent,Full Time,Fixed,Active,Medium,Male,37,"1  Years, 8 Months",1,34317.85,3,0.99,0.94,0.55,0,0,0,1,0,34317.85,0
4672,15808674,Ejikemeifeuwa,Transport Controller,31/08/1986,30/06/2009,28/08/2019,Blue Collar,Temporary,Full Time,Fixed,Voluntarily Terminated,Medium,Female,36,"10 Years, 1 Months",10,22879.56,2,0.19,0.55,0.64,5,0,1,1,1,24654.7,1
4673,15641411,Volkova,Customer Brokerage Specialist,19/12/1978,16/05/2022,,Blue Collar,Permanent,Full Time,Fixed,Active,Medium,Female,44,"0 Years, 7 Months",0,35419.95,4,0.28,0.58,0.72,0,1,1,1,1,35419.95,0
4674,15764661,Wang,Regional Air logistics Trainer Specialist,17/05/1988,17/09/2020,,White Collar,Permanent,Full Time,Fixed,Active,Low,Male,34,"2 Years, 3 Months",2,34839.49,1,0.14,0.98,0.88,2,0,0,1,0,35550.5,0
4675,15689492,Benjamin,Gateway & Procurement Specialist - Air Logistics,22/12/1959,02/01/2017,,Blue Collar,Permanent,Full Time,Fixed,Active,Low,Male,63,"5 Years, 11 Months",5,34778.97,1,0.9,0.74,0.76,1,0,1,0,1,36998.9,0
4676,15602405,Ryrie,Sea Logistics Pricing Coordinator,12/03/1985,12/05/2008,,White Collar,Permanent,Full Time,Fixed,Active,High,Female,37,"14 Years, 7 Months",14,30090.56,3,0.26,0.65,0.48,4,0,0,1,0,35822.1,0
4677,15610271,Andreev,Sea Logistics Pricing Coordinator,12/05/1994,09/05/2013,,White Collar,Permanent,Full Time,Fixed,Active,Medium,Female,28,"9 Years, 7 Months",9,30482.01,3,0.36,0.97,0.79,3,0,0,1,0,35444.2,0
4678,15791780,Ts'ao,Warehouse Specialist - Air Logistics,18/06/1974,15/03/2015,08/04/2019,Blue Collar,Temporary,Full Time,Fixed,Voluntarily Terminated,High,Female,48,"4 Years, 0 Months",4,26645.13,1,0.28,0.58,0.75,6,0,1,0,1,28962.1,1
4679,15589147,Frolov,Senior DevOps Engineer,12/10/1988,23/05/2015,,White Collar,Permanent,Full Time,Flex and Fixed,Active,Low,Male,34,"7 Years, 6 Months",7,66090.88,4,0.77,0.49,0.77,2,1,1,1,1,70309.45,0
4680,15756975,Montemayor,Trucking Specialist - Air Logistics,22/12/1995,11/08/2012,,Blue Collar,Permanent,Full Time,Fixed,Active,Medium,Female,27,"10  Years, 4 Months",10,31335.12,3,0.39,0.69,0.98,2,0,1,1,1,34816.8,0
4681,15729582,Fu,Accountant,19/10/1996,06/09/2020,,White Collar,Permanent,Full Time,Fixed,Active,Medium,Male,26,"2 Years, 3 Months",2,33986.35,4,0.38,0.55,0.49,2,1,0,0,0,34679.95,0
4682,15742971,Whitehead,Technical Support Engineer,02/12/1973,25/04/2019,,White Collar,Permanent,Full Time,Flex and Fixed,Active,High,Female,49,"3  Years, 7 Months",3,58241.37,4,0.58,0.65,0.89,1,1,0,1,0,61958.9,0
4683,15568046,Izuchukwu,Perishable Customer Care Team Leader - Air Logistics,21/02/1958,15/01/1983,,White Collar,Permanent,Full Time,Fixed,Active,Medium,Male,65,"39 Years, 11 Months",39,22404.7,4,0.24,0.87,0.49,4,0,0,1,0,40008.4,0
4684,15694890,Lai,Inside Sales Executive/ Account Manager,10/02/1982,03/12/2019,,White Collar,Permanent,Full Time,Flex and Fixed,Active,Medium,Male,41,"3 Years, 0 Months",3,35649,2,0.27,0.12,0.7,1,1,0,1,0,36751.55,0
4685,15736963,Herring,National Perishable Air Logistics Development Manager Retail,30/12/1991,25/01/2015,,White Collar,Permanent,Full Time,Flex and Fixed,Active,High,Male,31,"7 Years, 10 Months",7,31690.88,2,0.17,0.65,0.84,3,1,1,1,1,36426.3,0
4686,15646490,Duffy,Customer Brokerage Specialist,12/08/1988,23/05/2016,,Blue Collar,Permanent,Full Time,Fixed,Active,High,Male,34,"6 Years, 6 Months",6,31499.48,4,0.35,0.23,0.66,1,1,1,0,1,36206.3,0
4687,15607314,Chiefo,National Perishable Air Logistics Development Manager Seafood,28/02/1955,14/10/1994,07/11/2020,White Collar,Permanent,Full Time,Flex and Fixed,Voluntarily Terminated,High,Male,68,"26 Years, 0 Months",26,23041.62,2,0.26,0.62,0.77,5,1,0,1,0,34911.55,1
4688,15576745,Fyodorov,Business Analyst,25/04/1966,15/07/2010,,White Collar,Permanent,Full Time,Flex and Fixed,Active,High,Male,56,"12 Years, 5 Months",12,42586.29,4,0.98,0.86,0.72,2,1,1,0,1,46289.45,0
4689,15669606,Chu,Sales Account Manager,03/02/1968,01/10/1998,,White Collar,Permanent,Full Time,Fixed,Active,Low,Male,55,"24 Years, 2 Months",24,33287.88,3,0.65,0.85,0.6,1,1,0,1,0,36580.09,0
4690,15737832,Robertson,National Air Logistics Gateway Trade Lane Specialist,09/08/1988,26/10/2012,04/05/2014,White Collar,Permanent,Full Time,Fixed,Voluntarily Terminated,Low,Male,34,"10  Years, 1 Months",10,30562.73,2,0.47,0.22,0.76,5,0,0,0,0,36384.2,1
4691,15681990,Palmerston,Pricing Analyst,22/02/1966,13/07/1989,,White Collar,Permanent,Full Time,Flex and Fixed,Active,Medium,Male,57,"33 Years, 5 Months",33,46155.15,3,0.08,0.53,0.76,1,1,0,1,0,50719.95,0
4692,15758050,Madukwe,Perishable Operational Care Specialist - Air Logistics,08/07/1981,09/10/2012,,Blue Collar,Permanent,Full Time,Fixed,Active,Low,Male,41,"10  Years, 2 Months",10,29760.74,1,0.23,0.99,0.44,1,0,0,1,0,35429.45,0
4693,15787848,Chinedum,Accounting Coordinator,26/07/1966,10/03/2010,,White Collar,Permanent,Full Time,Fixed,Active,Low,Male,56,"12  Years, 9 Months",12,32110.8,1,0.11,0.48,0.81,2,1,0,0,0,34453.65,0
4694,15713594,French,Pricing Analyst,20/01/1959,15/10/1993,,White Collar,Permanent,Full Time,Flex and Fixed,Active,Low,Female,64,"29 Years, 2 Months",29,34656.15,2,0.29,0.72,0.74,5,1,0,1,0,50226.3,0
4695,15588186,Polyakov,Gateway & Procurement Specialist - Air Logistics,07/07/1972,28/05/2016,,Blue Collar,Permanent,Full Time,Fixed,Active,High,Male,50,"6 Years, 6 Months",6,27309.14,2,0.21,0.76,0.72,2,0,0,1,0,32128.4,0
4696,15786739,Clements,Aerospace International Logistics Specialist,15/10/1978,11/04/2022,,Blue Collar,Permanent,Full Time,Fixed,Active,Medium,Male,44,"0 Years, 8 Months",0,35692.6,3,0.21,0.41,0.7,0,0,1,1,0,35692.6,0
4697,15699467,Connor,Sales Account Manager,24/07/1968,03/07/1993,,White Collar,Permanent,Full Time,Fixed,Active,High,Female,54,"29 Years, 5 Months",29,29854.22,4,0.28,0.85,0.88,2,1,0,0,0,33925.25,0
4698,15680706,Balashov,Sea Logiscitcs Customer Care Specialist ,24/09/1962,01/01/1991,10/11/2018,Blue Collar,Permanent,Full Time,Fixed,Voluntarily Terminated,High,Male,60,"27 Years, 10 Months",27,34248.72,1,0.28,0.62,0.49,10,0,0,1,0,35675.75,1
4699,15645717,Avdeeva,Inside Sales Executive/ Account Manager,25/08/1994,09/08/2017,,White Collar,Permanent,Full Time,Flex and Fixed,Active,Medium,Male,28,"5 Years, 4 Months",5,33944.86,4,0.46,0.16,0.78,2,1,1,1,1,36111.55,0
4700,15748597,Chester,Gateway & Procurement Specialist - Air Logistics,13/10/1962,01/09/1983,27/01/2020,Blue Collar,Permanent,Full Time,Fixed,Voluntarily Terminated,High,Male,60,"36 Years, 4 Months",36,31696.36,1,0.26,0.58,0.61,6,0,1,0,1,36432.6,1
4701,15773709,Hung,Perishable Customer Care Team Leader - Air Logistics,06/01/1959,09/01/1996,,White Collar,Permanent,Part Time,Fixed,Active,High,Male,64,"26 Years, 11 Months",26,28131.97,2,0.91,0.73,0.95,1,0,1,0,1,42624.2,0
4702,15629787,Tu,Warehouse Specialist - Air Logistics,22/09/1959,11/02/2019,,Blue Collar,Temporary,Part Time,Fixed,Active,Medium,Male,63,"3 Years, 10 Months",3,25005.55,3,0.56,0.28,0.76,2,0,0,0,0,27179.95,0
4703,15661007,Thompson,Operations Specialist,07/05/1991,08/12/2020,,Blue Collar,Permanent,Part Time,Fixed,Active,Medium,Male,31,"2 Years, 0 Months",2,30495.56,4,0.54,0.77,0.61,2,0,0,0,0,33147.35,0
4704,15686812,Jones,Cloud Service Analyst,16/03/1957,13/07/2019,,White Collar,Permanent,Part Time,Flex and Fixed,Active,Low,Female,66,"3 Years, 5 Months",3,62062.64,3,0.81,0.85,0.86,1,1,1,0,1,63982.1,0
4705,15754113,Li,Warehouse Quality Control Specialist - Air Logistics,13/04/1959,19/09/1994,,Blue Collar,Permanent,Part Time,Fixed,Active,High,Female,63,"28 Years, 2 Months",28,18833.34,4,0.76,0.56,0.76,3,0,1,1,1,27294.7,0
4706,15749489,Denisova,Software Engineer,22/08/1971,26/09/2022,,White Collar,Permanent,Part Time,Flex and Fixed,Active,Low,Female,51,"0 Years, 2 Months",0,68408.4,3,0.27,0.81,1,0,1,0,0,0,68408.4,0
4707,15574352,Clogstoun,BI Developer,20/11/1985,23/09/2015,,White Collar,Permanent,Part Time,Flex and Fixed,Active,Medium,Male,37,"7 Years, 2 Months",7,59769.31,3,0.3,0.83,0.87,2,1,1,1,1,61617.85,0
4708,15701281,Tan,IT System Engineer,29/10/1990,05/10/2017,,White Collar,Permanent,Full Time,Flex and Fixed,Active,Low,Male,32,"5 Years, 2 Months",5,59661.45,1,0.09,0.49,0.48,2,1,1,1,1,66290.5,0
4709,15811985,Power,Accountant,15/12/1972,06/12/2021,,White Collar,Permanent,Full Time,Fixed,Active,High,Male,50,"1  Years, 0 Months",1,31579,3,0.21,0.81,0.97,1,1,0,0,0,33241.05,0
4710,15713505,Harriman,Accounting Coordinator,06/10/1985,06/09/1999,,White Collar,Permanent,Full Time,Fixed,Active,High,Male,37,"23 Years, 3 Months",23,31634.34,1,0.27,0.56,0.92,2,1,1,0,1,35544.2,0
4711,15685653,Benson,Customer Servce Administrative Officer,12/01/1957,24/10/2015,,Blue Collar,Permanent,Full Time,Fixed,Active,Medium,Female,66,"7 Years, 1 Months",7,31936.22,3,0.28,0.77,0.83,3,0,0,1,0,33974.7,0
4712,15758831,Thornton,Aerospace International Logistics Specialist,07/09/1999,01/07/2022,,Blue Collar,Permanent,Full Time,Fixed,Active,Medium,Male,23,"0 Years, 5 Months",0,32376.8,1,0.59,0.73,0.5,0,0,0,0,0,32376.8,0
4713,15618774,White,IT-Support,27/10/1958,26/03/1988,06/02/2021,White Collar,Permanent,Full Time,Fixed,Terminated for Cause,High,Male,64,"32 Years, 10 Months",32,22600.61,1,0.3,0.95,0.72,4,0,0,1,1,36452.6,1
4714,15764448,Mackenzie,Warehouse Quality Control Specialist - Air Logistics,11/01/1983,22/04/2021,,Blue Collar,Permanent,Full Time,Fixed,Active,Low,Male,40,"1  Years, 7 Months",1,27107.35,4,0.54,0.69,0.68,0,0,0,1,0,27107.35,0
4715,15611024,Kalinina,Operations Specialist,18/05/1986,13/07/2014,,Blue Collar,Permanent,Full Time,Fixed,Active,Medium,Female,36,"8 Years, 5 Months",8,31108.42,3,0.28,0.79,0.89,2,0,1,0,0,35756.8,0
4716,15738220,Bennet,Data Engineer,09/08/1991,01/11/2021,,White Collar,Permanent,Full Time,Flex and Fixed,Active,High,Male,31,"1  Years, 1 Months",1,67195.97,1,0.09,0.63,0.57,1,1,0,1,0,70732.6,0
4717,15805764,Hallahan,Project Manager,05/02/1991,18/06/2019,,White Collar,Permanent,Full Time,Flex and Fixed,Active,High,Male,32,"3 Years, 6 Months",3,37859.45,3,0.27,0.8,0.79,1,1,1,0,1,43022.1,0
4718,15580487,Martin,Account Manager ,14/12/1980,16/09/2018,,White Collar,Permanent,Full Time,Fixed,Active,High,Male,42,"4 Years, 3 Months",4,31377.84,4,0.26,0.64,0.61,3,1,1,0,1,32685.25,0
4719,15675787,Rivera,Perishable Customer Care Team Leader - Air Logistics,08/02/1957,17/03/1986,,White Collar,Permanent,Full Time,Fixed,Active,Medium,Male,66,"36 Years, 9 Months",36,24899.85,4,0.93,0.92,0.9,3,0,0,1,0,40161.05,0
4720,15583580,Chiawuotu,Accountant,27/11/1981,09/02/2012,23/12/2016,White Collar,Permanent,Full Time,Fixed,Voluntarily Terminated,Medium,Female,41,"10  Years, 10 Months",10,30190.17,2,0.53,0.96,0.75,6,1,0,1,1,35517.85,1
4721,15780654,Sergeyev,Customer Servce Administrative Officer,21/01/1982,10/08/2012,,Blue Collar,Permanent,Full Time,Fixed,Active,Medium,Female,41,"10  Years, 4 Months",10,25933.44,4,0.39,0.56,0.85,1,0,1,0,1,32416.8,0
4722,15695034,Christie,Air Export Operations Manager,11/01/1982,15/05/2018,,White Collar,Permanent,Full Time,Fixed,Active,High,Female,41,"4 Years, 7 Months",4,68953.25,1,0.49,0.37,0.61,2,1,0,1,0,71826.3,0
4723,15805671,Louis,Senior DevOps Engineer,23/03/1975,18/09/2015,,White Collar,Permanent,Part Time,Flex and Fixed,Active,Low,Male,47,"7 Years, 3 Months",7,63267.89,3,0.71,0.5,0.82,2,1,1,0,1,68769.45,0
4724,15790658,Iqbal,Sea Logistics Pricing Coordinator,21/08/1965,15/05/1999,,White Collar,Permanent,Full Time,Fixed,Active,High,Male,57,"23 Years, 7 Months",23,32072.27,3,0.46,0.49,0.58,3,0,1,1,1,33064.2,0
4725,15578648,Marino,IT-Support,07/12/1972,09/02/2014,,White Collar,Permanent,Full Time,Fixed,Active,High,Male,50,"8 Years, 10 Months",8,37432.62,2,0.12,1,0.73,1,0,0,1,0,43526.3,0
4726,15734987,Robertson,Customer Servce Administrative Officer,07/07/1984,27/06/2014,,Blue Collar,Permanent,Full Time,Fixed,Active,Low,Female,38,"8 Years, 5 Months",8,30784.35,2,0.23,0.82,0.75,1,0,0,1,0,35795.75,0
4727,15721740,Pai,Aerospace International Logistics Specialist,23/01/1970,07/03/1986,,Blue Collar,Permanent,Full Time,Fixed,Active,Medium,Male,53,"36 Years, 9 Months",36,29079.55,4,0.48,0.52,0.54,2,0,1,1,1,32673.65,0
4728,15641822,Barese,Pricing Analyst,29/10/1965,20/04/1993,,White Collar,Permanent,Full Time,Flex and Fixed,Active,Medium,Female,57,"29 Years, 7 Months",29,47536.86,3,0.42,0.76,0.96,1,1,1,0,1,51670.5,0
4729,15765650,Chigolum,Road Logistics Sales Representative,22/11/2003,16/09/2021,,White Collar,Permanent,Full Time,Fixed,Active,Medium,Male,19,"1  Years, 3 Months",1,35481.68,4,0.27,0.2,0.53,1,0,0,0,0,36960.08,0
4730,15788556,Trouette,Warehouse Quality Control Specialist - Air Logistics,14/12/1995,28/07/2008,10/07/2019,Blue Collar,Permanent,Full Time,Fixed,Voluntarily Terminated,High,Female,27,"14  Years, 4 Months",14,22857.53,2,0.15,0.6,0.9,6,0,1,1,1,24525.25,1
4731,15576550,Ugochukwu,BI Developer,07/02/1976,04/01/2012,18/04/2014,White Collar,Permanent,Full Time,Flex and Fixed,Voluntarily Terminated,Low,Female,47,"10  Years, 11 Months",10,60502.98,1,0.28,0.69,0.9,1,1,0,1,0,63687.35,1
4732,15622230,Cribb,National Perishable Air Logistics Development Manager Retail,03/09/1970,04/12/2015,,White Collar,Permanent,Full Time,Flex and Fixed,Active,High,Female,52,"7 Years, 0 Months",7,31492.73,4,0.28,0.93,0.51,1,1,1,0,1,33863.15,0
4733,15653937,McIntyre,Network Engineer,22/05/1980,15/07/2010,21/09/2018,White Collar,Permanent,Full Time,Flex and Fixed,Voluntarily Terminated,High,Female,42,"8 Years, 2 Months",8,60609.82,2,0.26,0.7,0.64,1,1,0,1,0,66604.2,1
4734,15743538,Pickering,Inside Sales Executive/ Account Manager,26/11/1975,02/01/2016,,White Collar,Permanent,Full Time,Flex and Fixed,Active,Low,Female,47,"6 Years, 11 Months",6,29997.82,2,0.2,0.56,0.54,2,1,0,1,0,35291.55,0
4735,15591740,Fletcher,Sales Account Manager,19/11/1974,19/12/2011,20/08/2019,White Collar,Permanent,Full Time,Fixed,Voluntarily Terminated,High,Female,48,"10  Years, 11 Months",10,35162.38,4,0.21,0.97,0.61,5,1,1,1,1,37890.5,1
4736,15650086,Uchenna,Trucking Team Leader- Air Logistics,09/07/1983,02/05/2012,,White Collar,Permanent,Full Time,Fixed,Active,Low,Male,39,"10  Years, 7 Months",10,32778.92,3,0.29,0.24,0.65,3,0,0,1,0,40973.65,0
4737,15718773,Pisano,Account Manager ,20/11/1997,20/06/2018,,White Collar,Permanent,Full Time,Fixed,Active,Low,Female,25,"4 Years, 5 Months",4,34108.27,4,0.12,0.83,0.91,1,1,0,1,0,35529.45,0
4738,15615140,Corson,Operations Specialist,22/04/1986,03/07/2021,,Blue Collar,Permanent,Full Time,Fixed,Active,High,Male,36,"1  Years, 5 Months",1,36150.5,4,0.79,0.55,0.85,0,0,1,1,0,36150.5,0
4739,15644361,Hooper,Inside Sales Executive/ Account Manager,28/06/1981,26/12/2008,15/04/2016,White Collar,Permanent,Full Time,Flex and Fixed,Voluntarily Terminated,High,Female,41,"7 Years, 3 Months",7,33783.55,1,0.49,0.68,0.99,1,1,0,0,0,35939.95,1
4740,15774536,He,Regional Air logistics Trainer Specialist,14/03/1975,01/06/2020,,White Collar,Permanent,Full Time,Fixed,Active,Low,Female,47,"2 Years, 6 Months",2,29665.89,3,0.26,0.48,0.53,2,0,0,0,0,32962.1,0
4741,15618661,Chidubem,Internal Trainer,17/02/1956,20/03/2016,,White Collar,Permanent,Full Time,Fixed,Active,Low,Male,67,"6 Years, 8 Months",6,31882.36,2,0.41,0.75,0.95,2,0,1,1,1,33560.38,0
4742,15605020,Schofield,Project Manager,07/04/1990,11/11/2015,18/08/2021,White Collar,Permanent,Full Time,Flex and Fixed,Voluntarily Terminated,Medium,Male,32,"7  Years, 1 Months",7,37677.36,2,0.27,0.61,0.5,6,1,0,1,0,44326.3,1
4743,15762134,Liang,Project Coordinator,24/12/1966,22/04/1987,,White Collar,Permanent,Full Time,Fixed,Active,Low,Male,56,"35 Years, 7 Months",35,35141.29,4,0.8,0.5,0.74,1,0,1,1,1,37705.25,0
4744,15685279,Somadina,Sea Logistics Pricing Coordinator,28/03/1985,27/07/1997,,White Collar,Permanent,Full Time,Fixed,Active,Medium,Female,37,"25 Years, 4 Months",25,26868.21,1,0.7,0.78,0.54,4,0,1,1,1,31242.1,0
4745,15582849,McIntosh,Warehouse Quality Control Specialist - Air Logistics,09/06/1957,18/08/1984,22/05/2020,Blue Collar,Permanent,Full Time,Fixed,Voluntarily Terminated,Medium,Female,65,"35 Years, 9 Months",35,16275.58,3,0.25,0.61,0.68,6,0,1,1,1,28553.65,1
4746,15655410,Hinton,Regional Air logistics Trainer Specialist,05/11/1955,29/10/2010,07/06/2022,White Collar,Permanent,Full Time,Fixed,Voluntarily Terminated,Low,Male,67,"11 Years, 7 Months",11,27529.77,2,0.53,0.48,0.5,4,0,0,1,0,33168.4,1
4747,15649129,Sal,Warehouse Quality Control Specialist - Air Logistics,27/11/1990,12/01/2016,,Blue Collar,Permanent,Full Time,Fixed,Active,Low,Male,32,"6 Years, 11 Months",6,25205.12,3,0.15,0.93,0.92,1,0,0,1,0,28320.36,0
4748,15702380,De Luca,Account Manager ,14/07/1958,18/08/1983,,White Collar,Permanent,Full Time,Fixed,Active,Medium,Male,64,"39 Years, 4 Months",39,19843.97,1,0.88,0.78,0.58,8,1,1,0,1,36079.95,0
4749,15759067,Bromby,Regional Air logistics Trainer Specialist,15/06/1980,18/09/2012,01/07/2020,White Collar,Permanent,Full Time,Fixed,Voluntarily Terminated,Medium,Female,42,"10  Years, 3 Months",10,30559.16,2,0.49,0.25,0.99,4,0,1,1,1,36379.95,1
4750,15683027,Chang,Operations Specialist,13/03/1985,06/04/1994,,Blue Collar,Permanent,Full Time,Fixed,Active,Low,Male,37,"28 Years, 8 Months",28,31707.37,4,0.55,0.71,0.98,4,0,1,1,1,36445.25,0
4751,15597487,Hunter,Business Development Executive,12/02/1976,12/07/2014,,White Collar,Permanent,Full Time,Flex and Fixed,Active,High,Female,47,"8 Years, 5 Months",8,37919.46,1,0.21,0.15,0.42,1,0,1,1,0,41216.8,0
4752,15763256,Sheppard,Customer Servce Administrative Officer,09/06/1998,19/10/2015,05/09/2021,Blue Collar,Permanent,Full Time,Fixed,Voluntarily Terminated,Low,Female,24,"5 Years, 10 Months",5,30548.1,3,0.47,0.14,0.83,6,0,0,1,0,35521.05,1
4753,15620111,Fan,Regional Air logistics Trainer Specialist,14/11/1985,06/07/1984,,White Collar,Permanent,Full Time,Fixed,Active,High,Male,37,"38 Years, 5 Months",38,31245.54,3,0.22,0.56,0.72,3,0,0,1,0,35506.3,0
4754,15623053,Muir,Trucking Specialist - Air Logistics,20/12/1979,31/05/2014,,Blue Collar,Permanent,Full Time,Fixed,Active,Medium,Male,43,"8 Years, 6 Months",8,31366.68,1,0.39,1,0.84,2,0,0,1,0,36053.65,0
4755,15595592,Lai,Data Engineer,30/04/1987,15/03/2011,07/07/2013,White Collar,Permanent,Full Time,Flex and Fixed,Voluntarily Terminated,Low,Female,35,"2 Years, 3 Months",2,60016.09,2,0.15,0.77,0.82,1,1,0,1,0,68200.1,1
4756,15740072,Padovesi,Gateway & Procurement Specialist - Air Logistics,10/06/1974,06/01/2016,,Blue Collar,Permanent,Full Time,Fixed,Active,Low,Female,48,"6 Years, 11 Months",6,31818.43,2,0.28,0.86,0.66,1,0,1,1,0,34585.25,0
4757,15778005,Kemp,Account Manager ,06/04/1991,07/01/2017,17/10/2021,White Collar,Permanent,Full Time,Fixed,Voluntarily Terminated,High,Female,31,"4 Years, 9 Months",4,34263.47,1,0.28,0.88,0.95,6,1,0,1,0,36450.5,1
4758,15583278,Greece,Gateway & Procurement Team Leader- Air Logistics,23/09/1998,04/10/2014,,White Collar,Permanent,Full Time,Fixed,Active,Medium,Female,24,"8 Years, 2 Months",8,38070.05,3,0.17,0.85,0.84,1,0,1,1,1,41380.49,0
4759,15601263,Young,Analyst Programmer ,04/03/1983,03/05/2019,,White Collar,Permanent,Full Time,Flex and Fixed,Active,High,Female,40,"3 Years, 7 Months",3,56888.95,3,0.54,0.95,0.56,2,1,0,1,0,58648.4,0
4760,15709222,Chukwueloka,Internal Trainer,02/01/1979,31/01/2012,,White Collar,Permanent,Full Time,Fixed,Active,High,Male,44,"10  Years, 10 Months",10,29608.66,1,0.57,0.65,0.65,4,0,1,0,1,35248.4,0
4761,15713949,Woods,Accounts Payable,08/02/1985,19/11/1985,,White Collar,Permanent,Full Time,Fixed,Active,Low,Male,38,"37 Years, 0 Months",37,32114.36,3,0.4,0.7,0.55,1,1,0,1,0,35290.5,0
4762,15717706,Forbes,Sea Logistics Pricing Coordinator,25/03/2001,23/06/2011,,White Collar,Permanent,Full Time,Fixed,Active,Medium,Female,21,"11 Years, 5 Months",11,30472.78,4,0.36,0.6,0.55,2,0,1,1,1,32417.85,0
4763,15756071,Kang,Project Manager,31/03/1979,24/12/2014,,White Collar,Permanent,Full Time,Flex and Fixed,Active,Medium,Male,43,"7 Years, 11 Months",7,40697.96,2,0.3,0.84,0.83,1,1,1,1,1,45219.95,0
4764,15696564,Nweke,Finance Analyst,09/11/1991,17/09/2022,,White Collar,Permanent,Full Time,Flex and Fixed,Active,Medium,Male,31,"0 Years, 3 Months",0,49533.65,1,0.75,0.23,0.59,0,1,1,1,1,49533.65,0
4765,15657637,Ts'ui,Warehouse Specialist - Air Logistics,07/06/1972,05/10/2012,,Blue Collar,Temporary,Full Time,Fixed,Active,High,Female,50,"10  Years, 2 Months",10,23688.76,4,0.16,0.89,0.75,2,0,0,1,0,28540.67,0
4766,15755863,Milano,Transport Controller,27/08/1968,03/02/2012,,Blue Collar,Temporary,Full Time,Fixed,Active,High,Female,54,"10  Years, 10 Months",10,24677.44,2,0.6,0.98,0.91,1,0,1,0,1,26252.6,0
4767,15719858,Chao,Customer Care Specialist-Key Accounts,07/07/1998,11/06/2020,,White Collar,Permanent,Full Time,Fixed,Active,High,Female,24,"2  Years, 6 Months",2,36752.6,4,0.97,0.88,0.83,0,0,1,1,1,36752.6,0
4768,15688876,Wan,Account Manager ,17/03/1999,24/08/2021,,White Collar,Permanent,Full Time,Fixed,Active,High,Male,23,"1  Years, 3 Months",1,31039.47,4,0.29,0.87,0.52,1,1,1,1,1,33020.71,0
4769,15698528,Napolitani,Operations Specialist,31/10/1994,24/08/2017,05/04/2020,Blue Collar,Permanent,Full Time,Fixed,Voluntarily Terminated,Low,Female,28,"2 Years, 7 Months",2,30750.98,1,0.22,0.93,0.96,1,0,1,1,1,32369.45,1
4770,15770345,Kovaleva,National Air Logistics Gateway Trade Lane Specialist,08/07/1985,13/11/2017,,White Collar,Permanent,Full Time,Fixed,Active,High,Female,37,"5 Years, 1 Months",5,30706.41,3,0.7,0.13,0.95,2,0,1,0,1,34893.65,0
4771,15761506,Russell,BI Developer,16/10/1985,31/10/2003,,White Collar,Permanent,Full Time,Flex and Fixed,Active,Medium,Male,37,"19 Years, 1 Months",19,59745.31,3,0.28,0.99,0.56,3,1,0,1,0,62234.7,0
4772,15716619,Chiebuka,Transport Controller,13/04/1973,24/12/2018,,Blue Collar,Temporary,Full Time,Fixed,Active,Medium,Female,49,"3 Years, 11 Months",3,24272.5,3,0.27,0.52,0.51,2,0,1,1,1,26383.15,0
4773,15788367,Ellis,Operations Specialist,15/07/1996,19/12/2019,,Blue Collar,Permanent,Full Time,Fixed,Active,High,Male,26,"2 Years, 11 Months",2,30853.86,3,0.23,0.58,0.98,2,0,1,1,1,33536.8,0
4774,15709451,Gordon,Sea Logiscitcs Customer Care Specialist ,18/07/1986,29/06/2018,,Blue Collar,Permanent,Full Time,Fixed,Active,High,Female,36,"4 Years, 5 Months",4,31214.11,3,0.87,0.85,0.57,1,0,1,1,1,32514.7,0
4775,15640421,Conway,Perishable Operational Care Specialist - Air Logistics,28/05/1958,24/11/2014,,Blue Collar,Permanent,Full Time,Fixed,Active,High,Female,64,"8 Years, 0 Months",8,31982.19,1,0.96,0.41,0.59,2,0,1,1,1,34389.45,0
4776,15580068,Buccho,Sea Logistics Pricing Coordinator,05/01/1961,28/01/1990,,White Collar,Permanent,Full Time,Fixed,Active,Medium,Male,62,"32  Years, 10 Months",32,30397.58,3,0.11,1,0.8,1,0,1,1,1,32337.85,0
4777,15677123,Aksyonova,National Air Logistics Pharma Compliance Specialist,17/10/1970,09/05/2017,,Blue Collar,Permanent,Full Time,Fixed,Active,Medium,Male,52,"5 Years, 7 Months",5,32579.91,4,0.91,0.63,0.64,1,0,1,1,1,35802.1,0
4778,15619801,Batty,Perishable Warehouse Specialist - Air Logistics,01/07/1965,21/09/1999,,Blue Collar,Permanent,Full Time,Fixed,Active,Low,Female,57,"23  Years, 2 Months",23,31628.048,4,0.19,0.63,0.58,3,0,1,0,1,36776.8,0
4779,15582246,Rowe,National Air Logistics Pharma Compliance Specialist,16/11/1989,06/10/2018,,Blue Collar,Permanent,Full Time,Fixed,Active,Low,Female,33,"4 Years, 2 Months",4,30995.45,2,0.29,0.63,0.9,1,0,1,0,1,35222.1,0
4780,15711843,Pisani,National Air Logistics Pharma Compliance Specialist,11/02/1981,27/01/2016,10/03/2018,Blue Collar,Permanent,Full Time,Fixed,Voluntarily Terminated,High,Male,42,"2 Years, 1 Months",2,31204.99,3,0.17,0.59,0.62,6,0,0,0,1,33196.8,1
4781,15680046,Onochie,Perishable Customer Care Team Leader - Air Logistics,05/04/1977,19/12/2021,,White Collar,Permanent,Full Time,Fixed,Active,Low,Male,45,"0 Years, 11 Months",0,38801.05,1,0.19,0.88,0.77,0,0,0,1,0,38801.05,0
4782,15804131,Farmer,Project Coordinator,04/08/1973,28/11/2013,30/06/2021,White Collar,Permanent,Full Time,Fixed,Voluntarily Terminated,Low,Female,49,"7 Years, 7 Months",7,27414.03,3,0.19,0.28,0.7,1,0,0,0,0,32635.75,1
4783,15722611,Cameron,Customer Care Specialist-Key Accounts,06/04/1994,07/06/2016,,White Collar,Permanent,Full Time,Fixed,Active,Low,Female,28,"6 Years, 6 Months",6,32877.86,3,0.3,0.67,0.81,2,0,1,1,1,35736.8,0
4784,15729224,Jennings,Apprentice,05/08/2004,29/07/2022,,Blue Collar,Apprentice,Full Time,Fixed,Active,Medium,Female,18,"0 Years, 4 Months",0,23533.65,4,0.89,0.41,0.54,0,0,0,1,0,23533.65,0
4785,15811588,Eluemuno,Perishable Warehouse Specialist - Air Logistics,14/01/1958,08/01/2021,27/06/2021,Blue Collar,Permanent,Full Time,Fixed,Terminated for Cause,Low,Female,65,"0 Years, 5 Months",0,35229.45,1,0.14,0.3,0.68,0,0,0,1,0,35229.45,1
4786,15702138,Swift,Customer Brokerage Specialist,19/08/1985,17/02/2009,,Blue Collar,Permanent,Full Time,Fixed,Active,High,Female,37,"13 Years, 10 Months",13,31433.25,3,0.91,0.83,0.84,1,1,0,0,0,36980.29,0
4787,15749799,Pisani,Pricing Analyst,13/03/1981,16/08/2018,,White Collar,Permanent,Full Time,Flex and Fixed,Active,Low,Female,41,"4 Years, 4 Months",4,47985.84,2,0.26,0.73,0.93,3,1,1,1,1,49985.25,0
4788,15752885,Nnonso,Material Handler ,30/03/2004,28/03/2021,,Blue Collar,Temporary,Full Time,Fixed,Active,High,Male,18,"1  Years, 8 Months",1,24904.42,1,0.12,0.87,0.9,1,0,1,1,1,25942.1,0
4789,15674932,Cameron,Sea Logiscitcs Customer Care Specialist ,21/11/1994,06/04/2022,,Blue Collar,Permanent,Full Time,Fixed,Active,High,Female,28,"0 Years, 8 Months",0,34631.55,3,0.15,0.93,0.74,0,0,0,1,0,34631.55,0
4790,15743828,Stevens,Warehouse Apprentice- Air Logistics,22/01/2004,17/02/2009,04/11/2018,Blue Collar,Apprentice,Full Time,Fixed,Voluntarily Terminated,High,Male,19,"9 Years, 8 Months",9,21477.19,3,0.3,0.97,0.91,6,0,1,1,1,23044.2,1
4791,15642022,Zito,Business Analyst,07/05/1974,03/06/2020,,White Collar,Permanent,Full Time,Flex and Fixed,Active,Low,Male,48,"2 Years, 6 Months",2,45721.73,2,0.4,0.7,0.54,1,1,0,0,0,49163.15,0
4792,15746461,Taylor,National Air Logistics Pharma Compliance Specialist,17/08/1992,11/02/2022,,Blue Collar,Permanent,Full Time,Fixed,Active,High,Male,30,"0 Years, 10 Months",0,32654.7,1,0.13,0.66,0.95,0,0,0,1,0,32654.7,0
4793,15809991,Ferrari,Accounts Payable,03/05/1995,25/10/2019,,White Collar,Permanent,Full Time,Fixed,Active,Low,Male,27,"3 Years, 1 Months",3,31328.91,4,0.28,0.62,0.66,2,1,1,1,1,32297.85,0
4794,15787322,Yeh,Customer Brokerage Specialist,05/12/1977,08/05/2017,,Blue Collar,Permanent,Full Time,Fixed,Active,Medium,Female,45,"5 Years, 7 Months",5,29910.75,4,0.36,0.56,0.52,1,1,1,1,1,32162.1,0
4795,15575498,Gould,Operations Specialist,01/11/1965,16/08/1990,,Blue Collar,Permanent,Full Time,Fixed,Active,Medium,Female,57,"32 Years, 4 Months",32,32711.2,4,0.29,0.32,0.72,1,0,0,1,0,35097.85,0
4796,15691387,Agafonova,Accounting Coordinator,21/12/2000,18/06/2017,,White Collar,Permanent,Full Time,Fixed,Active,High,Male,22,"5 Years, 6 Months",5,33842.99,3,0.47,0.55,0.81,2,1,1,1,0,35624.2,0
4797,15765457,Fowler,Sales Specialist-Air Logitics ,14/11/2002,29/09/2020,,Blue Collar,Permanent,Full Time,Fixed,Active,Low,Male,20,"2 Years, 2 Months",2,32032.57,2,0.39,0.69,0.91,3,0,1,1,1,32686.3,0
4798,15666173,Chidumaga,Transport Controller,22/05/2003,02/12/2020,,Blue Collar,Temporary,Full Time,Fixed,Active,Medium,Female,19,"2 Years, 0 Months",2,26670.29,3,0.27,0.91,0.63,2,0,1,1,1,28989.45,0
4799,15627377,Sabbatini,Recruiter,08/11/1982,08/10/2015,,White Collar,Permanent,Full Time,Fixed,Active,High,Male,40,"7 Years, 2 Months",7,31937.68,3,0.16,0.33,0.82,1,0,1,1,1,38021.05,0
4800,15656683,Johnson,Warehouse Shift Team Leader- Air Logistics,18/02/1984,14/05/2022,,White Collar,Permanent,Full Time,Fixed,Active,High,Male,39,"0 Years, 7 Months",0,38921.05,4,0.3,0.37,0.74,0,0,0,0,0,38921.05,0
4801,15679810,Chapman,Network Engineer,21/05/1974,12/05/2015,,White Collar,Permanent,Full Time,Flex and Fixed,Active,High,Male,48,"7 Years, 7 Months",7,58723.94,3,0.3,0.95,0.57,1,1,0,1,0,69909.45,0
4802,15606310,Birk,Sea Logistics Pricing Coordinator,18/01/2001,08/07/2017,,White Collar,Permanent,Full Time,Fixed,Active,Medium,Male,22,"5 Years, 5 Months",5,29507.76,2,0.18,0.17,0.91,1,0,1,0,1,33531.55,0
4803,15756871,Capon,Transport Controller,13/12/1996,03/03/2019,,Blue Collar,Temporary,Full Time,Fixed,Active,Medium,Male,26,"3 Years, 9 Months",3,25391.5,1,0.3,0.95,0.53,1,0,0,1,0,26176.8,0
4804,15610002,Chidubem,Perishable Operational Care Specialist - Air Logistics,16/10/1984,01/07/2019,,Blue Collar,Permanent,Full Time,Fixed,Active,Medium,Male,38,"3 Years, 5 Months",3,31412.66,2,0.28,0.27,0.69,1,0,1,1,1,34144.2,0
4805,15567802,Childs,Human Resoruces Coordinator,15/09/1977,25/11/2021,,White Collar,Permanent,Full Time,Fixed,Active,High,Female,45,"1  Years, 0 Months",1,36055.75,4,0.25,0.91,0.95,0,0,0,1,0,36055.75,0
4806,15745452,Sun,Perishable Customer Care Team Leader - Air Logistics,08/07/1986,16/02/2014,,White Collar,Permanent,Full Time,Fixed,Active,High,Male,36,"8 Years, 10 Months",8,36761.74,2,0.2,0.49,0.61,1,0,0,1,0,41774.7,0
4807,15617252,Lung,BI Developer,24/09/1956,20/02/1993,,White Collar,Permanent,Full Time,Flex and Fixed,Active,Low,Female,66,"29  Years, 9 Months",29,42324.56,4,0.48,0.6,0.56,4,1,0,1,0,65114.7,0
4808,15753248,Tao,Operations Specialist,12/04/1965,25/05/2000,,Blue Collar,Permanent,Full Time,Fixed,Active,Low,Male,57,"22 Years, 6 Months",22,32350,4,0.26,0.52,0.57,2,0,0,0,0,35549.45,0
4809,15610755,Napolitano,Recruiter,29/03/1989,30/08/2020,,White Collar,Permanent,Full Time,Fixed,Active,Low,Female,33,"2 Years, 3 Months",2,35966.96,4,0.5,0.54,0.65,2,0,1,1,1,40871.55,0
4810,15662238,Davis,Forklift Operator,05/03/2004,10/04/2022,,Blue Collar,Temporary,Full Time,Fixed,Active,Medium,Male,18,"0 Years, 8 Months",0,24636.8,3,0.25,0.86,0.53,0,0,0,1,0,24636.8,0
4811,15799186,Sagese,National Perishable Air Logistics Development Manager Retail,12/09/1982,19/02/2016,,White Collar,Permanent,Full Time,Flex and Fixed,Active,Low,Male,40,"6 Years, 9 Months",6,27336.58,4,1,0.78,0.87,2,1,0,0,0,32160.68,0
4812,15686941,Hutchinson,Road Logistics Sales Representative,01/04/2004,07/07/2020,,White Collar,Permanent,Full Time,Fixed,Active,High,Female,18,"2 Years, 5 Months",2,34895.2,2,0.25,0.6,0.81,1,0,0,1,0,35607.35,0
4813,15601172,Nelson,National Perishable Air Logistics Development Manager Seafood,02/05/1983,31/08/2016,,White Collar,Permanent,Full Time,Flex and Fixed,Active,Medium,Male,39,"6 Years, 3 Months",6,33483.79,3,0.65,0.15,0.91,3,1,0,1,0,35621.05,0
4814,15723858,Schiavone,Finance Analyst,17/05/1979,05/03/2012,,White Collar,Permanent,Full Time,Flex and Fixed,Active,Medium,Male,43,"10  Years, 9 Months",10,41361.31,2,0.3,0.72,0.92,1,1,1,0,1,50440.62,0
4815,15615896,Chienezie,National Perishable Air Logistics Development Manager Retail,15/12/1984,14/09/2015,,White Collar,Permanent,Full Time,Flex and Fixed,Active,Low,Male,38,"7 Years, 3 Months",7,30568.21,3,0.29,0.94,0.85,2,1,0,1,0,34346.3,0
4816,15737647,Obioma,Customer Care Specialist-Key Accounts,23/10/1987,07/01/2017,,White Collar,Permanent,Full Time,Fixed,Active,Medium,Female,35,"5 Years, 11 Months",5,32586.62,1,0.93,0.92,0.56,2,0,0,1,0,36207.35,0
4817,15582841,Butusov,Business Analyst,18/02/1979,17/06/2012,,White Collar,Permanent,Full Time,Flex and Fixed,Active,Medium,Male,44,"10  Years, 6 Months",10,35504.84,4,0.3,0.6,0.88,2,1,1,0,0,44381.05,0
4818,15760090,Pisano,Regional Air logistics Trainer Specialist,20/03/1956,17/05/2016,,White Collar,Permanent,Full Time,Fixed,Active,Medium,Male,66,"6 Years, 7 Months",6,31338.28,4,0.28,0.41,0.68,2,0,1,1,1,35211.55,0
4819,15588587,Stetson,Human Resoruces Coordinator,11/03/1999,19/11/2012,,White Collar,Permanent,Full Time,Fixed,Active,Low,Female,23,"10  Years, 0 Months",10,28556.71,4,0.65,0.5,0.43,1,0,1,1,1,34825.25,0
4820,15683157,Waring,Account Manager ,01/04/1969,26/03/2007,,White Collar,Permanent,Full Time,Fixed,Active,High,Male,53,"15 Years, 8 Months",15,31659.15,1,0.49,0.8,0.91,2,1,1,0,1,34042.1,0
4821,15694209,Fanucci,Customer Servce Administrative Officer,14/06/1991,21/11/2019,,Blue Collar,Permanent,Full Time,Fixed,Active,Medium,Female,31,"3 Years, 0 Months",3,33906.32,3,0.24,0.67,0.83,1,0,1,1,1,36854.7,0
4822,15655875,Thao,Accountant,29/11/1980,10/01/2016,,White Collar,Permanent,Full Time,Fixed,Active,Medium,Female,42,"6 Years, 11 Months",6,31312.86,2,0.9,0.71,0.88,2,1,0,1,0,33311.55,0
4823,15805704,Murphy,National Air Logistics Pharma Compliance Specialist,12/03/1979,25/02/2019,,Blue Collar,Permanent,Full Time,Fixed,Active,High,Female,43,"3 Years, 9 Months",3,28272.99,3,0.49,0.66,0.85,1,0,1,0,1,32128.4,0
4824,15744789,McConnell,IT System Engineer,06/07/1989,28/12/2019,,White Collar,Permanent,Full Time,Flex and Fixed,Active,Low,Female,33,"2 Years, 11 Months",2,61846.55,3,0.72,0.77,0.74,1,1,0,1,0,69490.5,0
4825,15799357,Armfield,Customer Care Specialist-Key Accounts,18/01/2000,23/02/2021,,White Collar,Permanent,Full Time,Fixed,Active,High,Male,23,"1  Years, 9 Months",1,35093.65,1,0.26,0.62,0.54,0,0,0,0,0,35093.65,0
4826,15726153,Fanucci,Gateway & Procurement Specialist - Air Logistics,07/05/1955,14/11/1999,,Blue Collar,Permanent,Full Time,Fixed,Active,High,Male,67,"23 Years, 1 Months",23,23812.5,4,0.27,0.95,0.53,2,0,1,1,1,34017.85,0
4827,15713346,Panina,Pricing Analyst,22/03/1980,27/07/2020,,White Collar,Permanent,Full Time,Flex and Fixed,Active,Medium,Male,42,"2 Years, 4 Months",2,44604.87,3,0.48,0.89,0.75,2,1,1,1,1,50687.35,0
4828,15665053,Nixon,National Perishable Air Logistics Development Manager Retail,05/07/1999,20/04/2017,12/05/2021,White Collar,Permanent,Full Time,Flex and Fixed,Terminated for Cause,Low,Male,23,"4 Years, 0 Months",4,34427.67,3,0.27,0.74,0.83,7,1,1,0,1,37832.6,1
4829,15592379,Walker,Revenue Care Specialist- Air Logistics,28/12/1972,14/09/2012,,White Collar,Permanent,Full Time,Fixed,Active,Medium,Female,50,"10 Years, 3 Months",10,36309.78,1,0.97,0.19,0.8,2,1,0,1,0,40344.2,0
4830,15692599,Chiemela,IT-Support,18/04/1979,10/10/2018,,White Collar,Permanent,Full Time,Fixed,Active,Medium,Male,43,"4 Years, 2 Months",4,31125.12,3,0.11,0.83,0.77,3,0,0,1,0,35369.45,0
4831,15620758,Martel,Customer Care Specialist-Key Accounts,28/02/1981,21/06/2019,,White Collar,Permanent,Full Time,Fixed,Active,Medium,Male,42,"3 Years, 5 Months",3,32145.02,3,0.44,0.53,0.64,2,0,0,1,0,35324.2,0
4832,15637428,Briggs,National Service Excellence Specialist- Air Logistics,06/09/1977,27/03/2012,,White Collar,Permanent,Full Time,Flex and Fixed,Active,Low,Male,45,"10  Years, 8 Months",10,30045.78,2,0.56,0.98,0.75,3,0,0,1,0,33384.2,0
4833,15808389,Iheatu,Area Sales Manager,05/01/1991,05/07/2014,,White Collar,Permanent,Full Time,Flex and Fixed,Active,Medium,Female,32,"8 Years, 5 Months",8,53624.36,1,0.12,0.74,0.99,1,1,1,1,0,58287.35,0
4834,15807003,Jennings,Warehouse Shift Manager - Air Logistics,01/02/1981,06/09/2014,,White Collar,Permanent,Full Time,Fixed,Active,Medium,Male,42,"8 Years, 3 Months",8,60928.96,3,0.84,0.22,0.88,1,1,0,1,0,64135.75,0
4835,15702912,Ch'en,Gateway & Procurement Specialist - Air Logistics,21/03/1989,16/02/2009,24/06/2018,Blue Collar,Permanent,Full Time,Fixed,Voluntarily Terminated,High,Female,33,"9 Years, 4 Months",9,31211.19,2,0.29,0.76,0.68,10,0,0,1,1,33488.4,1
4836,15590623,Kovalyov,Perishable Apprentice- Air Logistics,17/09/2001,16/01/2022,,Blue Collar,Apprentice,Full Time,Fixed,Active,High,Male,21,"0 Years, 11 Months",0,21371.55,3,0.48,0.89,0.91,0,0,1,1,1,21371.55,0
4837,15728078,Yeh,Gateway & Procurement Team Leader- Air Logistics,23/08/1994,02/12/2017,,White Collar,Permanent,Full Time,Fixed,Active,Low,Male,28,"5 Years, 0 Months",5,41177.99,4,0.27,0.5,0.84,2,0,1,0,1,43345.25,0
4838,15708256,Chien,Project Manager,24/02/1980,07/01/2022,,White Collar,Permanent,Full Time,Flex and Fixed,Active,High,Male,43,"0 Years, 11 Months",0,45959.95,1,0.3,0.17,0.82,0,1,0,1,0,45959.95,0
4839,15582335,Brown,Gateway & Procurement Team Leader- Air Logistics,05/06/1985,08/12/2014,,White Collar,Permanent,Full Time,Fixed,Active,Medium,Female,37,"8 Years, 0 Months",8,34309.1,4,0.18,0.46,0.38,1,0,0,0,0,39435.75,0
4840,15649150,Buddicom,Pricing Analyst,17/04/1992,16/07/2007,11/08/2018,White Collar,Permanent,Full Time,Flex and Fixed,Voluntarily Terminated,Low,Female,30,"11 Years, 0 Months",11,48112.16,2,0.37,0.68,0.78,1,1,0,1,1,51183.15,1
4841,15691647,McGregor,Accounts Payable,14/06/1971,04/11/2021,,White Collar,Permanent,Full Time,Fixed,Active,High,Female,51,"1  Years, 1 Months",1,32660.93,3,0.3,0.77,0.86,0,1,1,1,1,32660.93,0
4842,15668270,Thompson,Cloud Service Analyst,23/06/1974,09/01/2009,06/12/2014,White Collar,Permanent,Full Time,Flex and Fixed,Voluntarily Terminated,Low,Female,48,"5 Years, 10 Months",5,55833.98,2,0.09,0.68,0.83,6,1,1,1,1,59397.85,1
4843,15624820,Ross,Operations Specialist,13/12/1985,08/12/2015,14/07/2019,Blue Collar,Permanent,Full Time,Fixed,Voluntarily Terminated,Low,Male,37,"3 Years, 7 Months",3,32788.82,3,0.16,0.15,0.7,1,0,0,0,1,35256.8,1
4844,15736254,Ch'ang,Technical Support Engineer,08/05/1962,08/05/1984,,White Collar,Permanent,Full Time,Flex and Fixed,Active,Medium,Male,60,"38 Years, 7 Months",38,52799.16,3,0.72,0.7,0.98,2,1,0,1,0,58021.05,0
4845,15720814,Warren,Data Engineer,17/02/1979,11/04/2016,,White Collar,Permanent,Full Time,Flex and Fixed,Active,Low,Female,44,"6 Years, 8 Months",6,64110.43,4,0.7,0.66,0.96,2,1,0,0,0,69685.25,0
4846,15642997,Uspenskaya,Trucking Specialist - Air Logistics,26/05/2001,26/09/2012,,Blue Collar,Permanent,Full Time,Fixed,Active,Medium,Female,21,"10  Years, 2 Months",10,30123.96,1,0.42,0.54,0.52,1,0,1,1,1,35439.95,0
4847,15693200,King,Gateway & Procurement Team Leader- Air Logistics,14/02/1970,29/09/1990,,White Collar,Permanent,Full Time,Fixed,Active,Medium,Female,53,"32 Years, 2 Months",32,33247.16,3,0.9,0.57,0.57,2,0,0,1,0,39579.95,0
4848,15624596,Trentini,Operations Specialist,12/03/1980,25/01/2019,,Blue Collar,Permanent,Full Time,Fixed,Active,Low,Female,42,"3 Years, 10 Months",3,30329.34,4,0.3,0.78,0.58,2,0,1,0,1,32265.25,0
4849,15807167,Konovalova,Accountant,14/09/1985,16/12/1985,,White Collar,Permanent,Full Time,Fixed,Active,Low,Male,37,"37 Years, 0 Months",37,35339.02,2,0.5,0.14,0.83,3,1,1,0,1,37594.7,0
4850,15660301,Dellucci,Business Development Executive,14/12/1963,13/06/1996,,White Collar,Permanent,Full Time,Flex and Fixed,Active,Low,Male,59,"26 Years, 6 Months",26,37261.97,3,0.92,0.73,0.86,2,0,1,1,1,42343.15,0
4851,15593094,Goddard,National Perishable Air Logistics Development Manager Seafood,19/03/1990,17/04/2002,07/02/2018,White Collar,Permanent,Full Time,Flex and Fixed,Voluntarily Terminated,Low,Male,32,"15 Years, 9 Months",15,29885.36,3,0.11,0.65,0.97,1,1,0,1,0,32841.05,1
4852,15618239,Neumann,Accounting Coordinator,19/07/1959,01/12/2015,,White Collar,Permanent,Full Time,Fixed,Active,Medium,Female,63,"7 Years, 0 Months",7,33269.42,3,0.28,0.31,0.59,2,1,0,1,0,35696.8,0
4853,15574137,Ch'in,National Perishable Air Logistics Development Manager Retail,09/06/1955,21/07/2007,,White Collar,Permanent,Full Time,Flex and Fixed,Active,Low,Male,67,"15  Years, 4 Months",15,28014.23,3,0.27,0.77,0.55,1,1,1,1,1,35461.05,0
4854,15614740,Walters,Cloud Service Analyst,19/11/1989,03/07/2020,,White Collar,Permanent,Full Time,Flex and Fixed,Active,High,Female,33,"2 Years, 5 Months",2,60036.98,3,0.12,0.68,0.85,2,1,1,1,1,65974.7,0
4855,15574071,Muravyova,Transport Controller,27/09/1963,05/08/2007,,Blue Collar,Temporary,Full Time,Fixed,Active,High,Male,59,"15  Years, 4 Months",15,26098.35,3,0.26,0.79,0.69,1,0,1,0,1,27764.2,0
4856,15671148,Barry,National Service Excellence Specialist- Air Logistics,27/10/1980,29/01/2013,,White Collar,Permanent,Full Time,Flex and Fixed,Active,Low,Male,42,"9 Years, 10 Months",9,28847.33,3,0.49,0.92,0.62,3,0,0,0,0,33157.85,0
4857,15721921,Woolnough,National Service Excellence Specialist- Air Logistics,07/11/1989,20/05/2013,,White Collar,Permanent,Full Time,Flex and Fixed,Active,Medium,Male,33,"9 Years, 6 Months",9,28378.44,3,0.75,0.77,0.96,2,0,1,1,1,32618.9,0
4858,15717995,Keen,Internal Trainer,06/11/1966,06/01/2000,,White Collar,Permanent,Full Time,Fixed,Active,Medium,Male,56,"22 Years, 11 Months",22,28624.27,4,0.28,0.48,0.89,1,0,1,0,1,32162.1,0
4859,15632050,Liebe,Account Manager ,27/03/1986,27/02/2020,,White Collar,Permanent,Full Time,Fixed,Active,Medium,Female,36,"2 Years, 9 Months",2,29992.97,3,0.11,0.63,0.66,1,1,0,1,0,32250.5,0
4860,15647111,White,Aerospace International Logistics Specialist,04/12/1963,17/08/2005,,Blue Collar,Permanent,Full Time,Fixed,Active,Low,Female,59,"17 Years, 4 Months",17,29883.83,4,0.86,0.92,0.49,3,0,1,1,0,32064.2,0
4861,15759991,Hunter,Sales Account Manager,20/06/1978,16/11/2016,,White Collar,Permanent,Full Time,Fixed,Active,Low,Male,44,"6 Years, 1 Months",6,30828.99,1,0.12,0.5,0.85,2,1,0,1,0,32796.8,0
4862,15790204,Myers,National Air Logistics Pharma Compliance Specialist,15/09/1975,20/11/2013,13/11/2017,Blue Collar,Permanent,Full Time,Fixed,Voluntarily Terminated,High,Female,47,"3 Years, 11 Months",3,28650.64,3,0.09,0.52,0.91,5,0,0,1,1,33314.7,1
4863,15686780,Rogova,Finance Analyst,13/08/1988,25/08/2022,,White Collar,Permanent,Part Time,Flex and Fixed,Active,High,Female,34,"0 Years, 3 Months",0,50783.15,3,0.43,0.73,0.79,0,1,1,0,1,50783.15,0
4864,15640491,Raff,Regional Air logistics Trainer Specialist,01/12/1979,06/02/2016,,White Collar,Permanent,Full Time,Fixed,Active,Medium,Female,43,"6 Years, 10 Months",6,32144.01,3,0.55,0.99,0.87,3,0,0,1,0,34195.75,0
4865,15783225,Cocci,Warehouse Specialist - Air Logistics,27/05/1995,17/01/2012,13/04/2022,Blue Collar,Temporary,Full Time,Fixed,Voluntarily Terminated,Medium,Male,27,"10  Years, 11 Months",10,24061.13,3,0.56,0.29,0.99,6,0,0,1,1,28644.2,1
4866,15734438,Kanayochukwu,Accounts Payable,26/05/1959,04/11/2016,,White Collar,Permanent,Full Time,Fixed,Active,Low,Female,63,"6 Years, 1 Months",6,31437.45,4,0.65,0.85,0.79,2,1,0,1,0,34930.5,0
4867,15688760,Obialo,Inside Sales Executive/ Account Manager,29/11/1960,29/01/2006,,White Collar,Permanent,Full Time,Flex and Fixed,Active,High,Female,62,"16 Years, 10 Months",16,30553.56,3,0.28,0.95,0.69,2,1,1,1,0,34719.95,0
4868,15768124,Liu,Customer Servce Administrative Officer,16/06/1965,30/07/1991,,Blue Collar,Permanent,Full Time,Fixed,Active,Medium,Female,57,"31 Years, 4 Months",31,29475.14,3,0.26,0.67,0.85,1,0,0,1,0,35089.45,0
4869,15661330,Gilbert,Perishable Warehouse Specialist - Air Logistics,29/12/1974,07/04/2016,,Blue Collar,Permanent,Full Time,Fixed,Active,High,Male,48,"6 Years, 8 Months",6,32486.35,2,0.57,0.86,0.55,2,0,1,1,1,34559.95,0
4870,15781272,Coles,BI Developer,01/03/1982,21/12/2016,18/08/2017,White Collar,Permanent,Full Time,Flex and Fixed,Voluntarily Terminated,High,Male,41,"0 Years, 7 Months",0,65197.85,2,0.27,0.71,0.54,0,1,1,1,1,65197.85,1
4871,15573888,Ponomaryov,Perishable Operational Care Specialist - Air Logistics,04/09/2000,15/03/2019,16/01/2020,Blue Collar,Permanent,Full Time,Fixed,Voluntarily Terminated,Low,Female,22,"0 Years, 10 Months",0,36223.15,3,0.56,0.99,0.95,0,0,0,0,0,36223.15,1
4872,15575858,Bergamaschi,Analyst Programmer ,22/08/1991,26/01/2019,,White Collar,Permanent,Full Time,Flex and Fixed,Active,High,Male,31,"3 Years, 10 Months",3,60142.04,4,0.6,0.57,0.61,3,1,0,1,0,62002.1,0
4873,15645937,Guerin,Perishable Customer Care Team Leader - Air Logistics,04/12/1988,05/06/2021,,White Collar,Permanent,Full Time,Fixed,Active,Medium,Male,34,"1  Years, 6 Months",1,42408.4,4,0.99,0.98,0.72,0,0,0,1,0,42408.4,0
4874,15702337,Sinclair,Warehouse Apprentice- Air Logistics,04/08/2004,08/08/2022,,Blue Collar,Apprentice,Full Time,Fixed,Active,High,Male,18,"0 Years, 4 Months",0,22657.85,1,0.89,0.62,0.58,0,0,1,1,0,22657.85,0
4875,15764537,Dominguez,Regional Air logistics Trainer Specialist,24/02/1980,13/07/2019,,White Collar,Permanent,Full Time,Fixed,Active,Medium,Male,43,"3 Years, 5 Months",3,33417.3,2,0.21,0.74,0.79,1,0,0,1,0,36323.15,0
4876,15619616,Costa,Gateway & Procurement Team Leader- Air Logistics,08/05/1965,08/01/1999,,White Collar,Permanent,Full Time,Fixed,Active,Low,Female,57,"23 Years, 11 Months",23,35875.07,4,0.72,0.7,0.6,2,0,0,0,0,39423.15,0
4877,15585133,Wei,National Air Logistics Pharma Compliance Specialist,09/12/1998,11/09/2017,,Blue Collar,Permanent,Full Time,Fixed,Active,High,Female,24,"5 Years, 3 Months",5,30503.98,1,0.42,0.8,0.93,1,0,0,0,0,32109.45,0
4878,15573971,Mills,National Air Logistics Pharma Compliance Specialist,04/07/1999,17/10/2012,,Blue Collar,Permanent,Full Time,Fixed,Active,High,Male,23,"10  Years, 2 Months",10,30737.34,1,0.43,0.65,0.69,3,0,0,0,0,34152.6,0
4879,15579433,Pugh,BI Developer,03/07/1984,28/09/2018,,White Collar,Permanent,Full Time,Flex and Fixed,Active,Low,Male,38,"4 Years, 2 Months",4,55456.37,2,0.09,0.53,0.52,1,1,0,0,0,59630.5,0
4880,15777045,Price,Business Development Executive,26/05/1980,27/03/2006,26/02/2017,White Collar,Permanent,Full Time,Flex and Fixed,Voluntarily Terminated,High,Female,42,"10 Years, 10 Months",10,36182.68,3,0.28,0.43,0.62,1,0,0,1,0,40654.7,1
4881,15611580,Wood,Accounting Coordinator,26/04/1987,18/07/2015,,White Collar,Permanent,Full Time,Fixed,Active,High,Male,35,"7 Years, 5 Months",7,34512.77,2,0.51,0.59,0.65,3,1,0,1,0,37110.5,0
4882,15614778,Robertson,Perishable Customer Care Team Leader - Air Logistics,19/03/1996,06/01/2022,,White Collar,Permanent,Full Time,Fixed,Active,Low,Male,26,"0 Years, 11 Months",0,43960.58,1,0.92,0.16,0.96,0,0,0,1,0,43960.58,0
4883,15771750,Sawtell,IT-Support,27/11/1972,26/07/2016,,White Collar,Permanent,Full Time,Fixed,Active,Medium,Female,50,"6 Years, 4 Months",6,37319.44,3,0.26,0.84,0.8,2,0,0,1,0,43394.7,0
4884,15593280,Yuryeva,Analyst Programmer ,04/02/1991,07/02/2021,,White Collar,Permanent,Full Time,Flex and Fixed,Active,High,Male,32,"1  Years, 10 Months",1,60673.98,4,0.98,0.78,0.95,1,1,1,1,1,63867.35,0
4885,15569274,Pisano,Customer Care Specialist-Key Accounts,25/02/1970,11/07/1995,04/06/2014,White Collar,Permanent,Full Time,Fixed,Voluntarily Terminated,High,Male,53,"27  Years, 5 Months",27,28826.6,3,0.38,0.66,0.91,5,0,0,1,0,33913.65,1
4886,15654408,Kharitonova,IT System Engineer,02/08/1977,05/08/2013,,White Collar,Permanent,Full Time,Flex and Fixed,Active,Low,Male,45,"9 Years, 4 Months",9,55340.08,1,0.92,0.7,0.74,3,1,0,1,0,65881.05,0
4887,15657468,Simmons,National Service Excellence Specialist- Air Logistics,14/11/1960,27/06/2018,,White Collar,Permanent,Full Time,Flex and Fixed,Active,Medium,Female,62,"4 Years, 5 Months",4,28846.4,4,0.29,0.73,0.63,1,0,0,1,0,32051.55,0
4888,15614213,Muramats,Senior DevOps Engineer,06/04/1980,28/09/2019,,White Collar,Permanent,Full Time,Flex and Fixed,Active,High,Male,42,"3 Years, 2 Months",3,66649.95,4,0.59,0.65,0.88,2,1,0,1,0,70904.2,0
4889,15589869,Tang,Inside Sales Executive/ Account Manager,28/05/1998,28/02/2015,,White Collar,Permanent,Full Time,Flex and Fixed,Active,High,Male,24,"7 Years, 9 Months",7,31688.49,3,0.28,0.79,0.59,1,1,1,0,1,34073.65,0
4890,15693205,Peng,Customer Care Specialist-Key Accounts,01/09/1999,04/10/2009,25/05/2019,White Collar,Permanent,Full Time,Fixed,Voluntarily Terminated,High,Female,23,"9 Years, 7 Months",9,33690.31,3,0.56,0.57,0.68,1,0,1,1,1,36148.4,1
4891,15797113,Bevan,Regional Air logistics Trainer Specialist,01/01/1974,19/09/2017,,White Collar,Permanent,Full Time,Fixed,Active,High,Female,49,"5 Years, 2 Months",5,31880.96,2,0.1,0.24,0.58,3,0,0,1,0,33558.9,0
4892,15676958,Zito,Trucking Specialist - Air Logistics,09/03/1956,04/11/1990,,Blue Collar,Permanent,Full Time,Fixed,Active,High,Male,67,"32 Years, 1 Months",32,20314,1,0.88,0.95,0.78,2,0,1,1,1,34430.5,0
4893,15739592,Sokolov,Trucking Specialist - Air Logistics,24/01/1957,03/03/1995,01/02/2021,Blue Collar,Permanent,Full Time,Fixed,Voluntarily Terminated,High,Female,66,"25 Years, 10 Months",25,23385.81,3,0.19,0.38,0.54,5,0,0,0,1,34904.2,1
4894,15656263,Teng,Java Software Engineer ,01/05/1983,07/10/2013,,White Collar,Permanent,Full Time,Flex and Fixed,Active,Low,Male,39,"9 Years, 2 Months",9,54605.07,4,0.6,0.9,0.78,2,1,0,1,0,66591.55,0
4895,15636872,Amadi,National Service Excellence Specialist- Air Logistics,25/12/1978,25/04/2013,,White Collar,Permanent,Full Time,Flex and Fixed,Active,High,Female,44,"9 Years, 7 Months",9,29023.46,4,0.11,0.5,0.4,3,0,0,0,0,34145.25,0
4896,15589435,Davide,Perishable Operational Care Specialist - Air Logistics,30/07/1985,12/01/2009,,Blue Collar,Permanent,Full Time,Fixed,Active,High,Male,37,"13  Years, 11 Months",13,30589.8,3,0.28,0.68,0.61,2,0,1,1,1,32963.15,0
4897,15640464,Parkes,IT System Engineer,12/11/1990,21/05/2012,,White Collar,Permanent,Full Time,Flex and Fixed,Active,Medium,Male,32,"10 Years, 6 Months",10,62827.41,4,0.15,0.5,0.78,2,1,1,1,1,70592.6,0
4898,15723851,Mazzanti,Accountant,21/03/1971,01/07/2008,,White Collar,Permanent,Full Time,Fixed,Active,Medium,Male,51,"14 Years, 5 Months",14,34988.39,1,0.82,0.85,0.81,2,1,0,1,0,36070.5,0
4899,15722122,Findlay,Accountant,29/04/2000,20/05/2017,,White Collar,Permanent,Full Time,Fixed,Active,Low,Female,22,"5 Years, 6 Months",5,31073.98,4,0.09,0.95,0.52,3,1,1,0,1,32709.45,0
4900,15696852,Hsu,Recruiter,14/12/1982,13/05/2006,20/07/2018,White Collar,Permanent,Full Time,Fixed,Voluntarily Terminated,Medium,Female,40,"12 Years, 2 Months",12,36572.39,2,0.26,0.92,0.92,1,0,1,1,1,39752.6,1
4901,15634936,Chukwukadibia,Stock Investigator & Analyst,27/09/1988,14/04/2016,,White Collar,Permanent,Full Time,Flex and Fixed,Active,Low,Male,34,"6 Years, 8 Months",6,44806.32,1,0.49,0.83,0.87,3,1,1,1,1,47666.3,0
4902,15575935,Baxter,National Air Logistics Pharma Compliance Specialist,10/04/1980,04/10/2014,30/05/2016,Blue Collar,Permanent,Full Time,Fixed,Voluntarily Terminated,High,Male,42,"1 Years, 7 Months",1,29583.96,3,0.44,0.9,0.78,1,0,1,0,1,34399.95,1
4903,15634491,Kung,Warehouse Quality Control Specialist - Air Logistics,05/02/1966,22/05/2001,,Blue Collar,Permanent,Full Time,Fixed,Active,High,Male,57,"21 Years, 6 Months",21,25576.65,2,0.96,0.21,0.77,2,0,1,1,1,27561.05,0
4904,15628530,Booth,Accounts Payable,06/10/1998,09/02/2018,,White Collar,Permanent,Full Time,Fixed,Active,Medium,Male,24,"4 Years, 10 Months",4,32573.48,2,0.13,0.94,0.86,2,1,0,0,0,35025.25,0
4905,15678720,Evans,Inside Sales Executive/ Account Manager,03/02/1980,03/05/2019,,White Collar,Permanent,Full Time,Flex and Fixed,Active,High,Female,43,"3 Years, 7 Months",3,31154.56,3,0.13,0.7,0.85,1,1,1,1,1,33143.15,0
4906,15627999,Kung,Pricing Analyst,16/07/1985,26/02/2015,,White Collar,Permanent,Full Time,Flex and Fixed,Active,Low,Male,37,"7 Years, 9 Months",7,46652.71,1,0.23,0.54,0.76,3,1,0,1,0,50164.2,0
4907,15571244,Tung,Material Handler ,30/03/2004,05/03/2021,,Blue Collar,Temporary,Full Time,Fixed,Active,Medium,Female,18,"1  Years, 9 Months",1,25639.95,3,0.4,0.77,0.65,0,0,1,0,1,25639.95,0
4908,15739931,Yuan,National Perishable Air Logistics Development Manager Seafood,06/02/1989,20/03/2017,,White Collar,Permanent,Full Time,Flex and Fixed,Active,Low,Male,34,"5 Years, 8 Months",5,35763.99,4,0.49,0.62,0.49,1,1,1,1,1,37646.3,0
4909,15806256,Jackson,Warehouse Shift Manager - Air Logistics,12/07/1982,04/11/2012,06/07/2017,White Collar,Permanent,Full Time,Fixed,Voluntarily Terminated,High,Male,40,"10  Years, 1 Months",10,57093.96,1,0.48,0.3,0.55,1,1,0,1,0,60098.9,1
4910,15787258,Ross,Aerospace International Logistics Specialist,22/04/1966,30/09/2004,,Blue Collar,Permanent,Full Time,Fixed,Active,Low,Female,56,"18  Years, 2 Months",18,34423.28,3,0.26,0.81,0.86,1,0,0,1,0,36620.51,0
4911,15706463,Yang,Warehouse Quality Control Specialist - Air Logistics,19/07/1965,09/06/2018,,Blue Collar,Permanent,Full Time,Fixed,Active,Medium,Female,57,"4  Years, 6 Months",4,26022.05,3,0.53,0.99,0.79,1,0,1,1,1,27106.3,0
4912,15691004,Yu,National Perishable Air Logistics Development Manager Seafood,22/04/2000,05/06/2015,07/04/2020,White Collar,Permanent,Full Time,Flex and Fixed,Voluntarily Terminated,Medium,Male,22,"4 Years, 10 Months",4,32846.61,2,0.23,0.78,0.49,5,1,1,1,1,36906.3,1
4913,15792228,Onwumelu,Project Coordinator,02/05/1989,14/11/2013,07/09/2020,White Collar,Permanent,Full Time,Fixed,Voluntarily Terminated,Medium,Male,33,"6 Years, 9 Months",6,30750.31,1,0.23,0.66,0.63,1,0,0,1,0,33791.55,1
4914,15733447,Gay,Sea Logistics Pricing Coordinator,10/11/1969,30/06/1993,12/04/2013,White Collar,Permanent,Full Time,Fixed,Terminated for Cause,Medium,Female,53,"19 Years, 9 Months",19,21760.41,2,0.3,0.9,0.72,4,0,1,1,1,31086.3,1
4915,15679062,Morrison,Stock Investigator & Analyst,18/10/1981,06/12/2018,,White Collar,Permanent,Full Time,Flex and Fixed,Active,High,Female,41,"4 Years, 0 Months",4,49607.71,4,0.49,0.74,0.53,1,1,1,1,1,51674.7,0
4916,15594409,Belov,Perishable Customer Care Team Leader - Air Logistics,22/08/1965,21/06/2000,,White Collar,Permanent,Full Time,Fixed,Active,High,Male,57,"22 Years, 5 Months",22,34169.41,3,0.97,0.65,0.78,1,0,1,1,1,38392.6,0
4917,15613816,Mao,Accountant,08/12/1988,25/07/2016,,White Collar,Permanent,Full Time,Fixed,Active,High,Female,34,"6 Years, 4 Months",6,30539.1,4,0.28,0.99,0.52,3,1,1,0,1,32488.4,0
4918,15681991,Walsh,Account Manager ,27/03/1986,18/05/2017,,White Collar,Permanent,Full Time,Fixed,Active,Low,Male,36,"5 Years, 7 Months",5,29682.1,3,0.46,0.83,0.72,1,1,0,1,0,32263.15,0
4919,15796074,Bruno,Sales Account Manager,20/12/1985,17/12/2014,21/07/2020,White Collar,Permanent,Full Time,Fixed,Voluntarily Terminated,Low,Female,37,"5 Years, 7 Months",5,32086.14,2,0.29,0.6,0.82,5,1,0,1,1,37748.4,1
4920,15625941,Gray,Internal Trainer,24/12/1970,20/06/2015,,White Collar,Permanent,Full Time,Fixed,Active,High,Female,52,"7 Years, 5 Months",7,30494.39,1,0.3,0.55,0.93,1,0,1,1,1,35875.75,0
4921,15615016,Maurer,Analyst Programmer ,30/10/1974,01/01/2020,,White Collar,Permanent,Full Time,Flex and Fixed,Active,Medium,Male,48,"2 Years, 11 Months",2,53500.31,2,0.2,0.96,0.71,2,1,1,1,1,58791.55,0
4922,15748414,Chiang,IT System Engineer,21/05/1980,14/01/2019,21/11/2021,White Collar,Permanent,Full Time,Flex and Fixed,Voluntarily Terminated,Medium,Female,42,"2 Years, 10 Months",2,68298.19,2,0.27,0.83,0.94,1,1,0,1,0,70410.5,1
4923,15751203,Cattaneo,Java Software Engineer ,25/04/1972,01/10/2021,10/05/2022,White Collar,Permanent,Full Time,Flex and Fixed,Voluntarily Terminated,Medium,Male,50,"1  Years, 2 Months",1,62914.67,3,0.3,0.95,0.7,1,1,1,1,1,66930.5,1
4924,15662658,Grieve,Project Coordinator,09/11/1956,02/04/2005,,White Collar,Permanent,Full Time,Fixed,Active,Medium,Male,66,"17 Years, 8 Months",17,25928.63,4,0.26,0.77,0.88,2,0,0,0,0,32821.05,0
4925,15574868,Lowell,Perishable Operational Care Specialist - Air Logistics,01/02/1989,27/05/2015,,Blue Collar,Permanent,Full Time,Fixed,Active,Medium,Male,34,"7 Years, 6 Months",7,30901.5,4,0.46,0.83,0.95,2,0,0,0,0,36354.7,0
4926,15790282,Trentino,Forklift Operator,03/11/2001,22/09/2020,,Blue Collar,Temporary,Full Time,Fixed,Active,Low,Male,21,"2 Years, 2 Months",2,23873.98,2,0.39,0.87,0.54,3,0,1,1,1,25397.85,0
4927,15762927,Sung,Apprentice,28/03/2002,04/07/2022,,Blue Collar,Apprentice,Full Time,Fixed,Active,High,Female,20,"0 Years, 5 Months",0,23665.25,1,0.17,0.69,0.49,0,0,0,1,0,23665.25,0
4928,15803456,Yen,Project Coordinator,01/06/1960,09/08/2009,18/11/2017,White Collar,Permanent,Full Time,Fixed,Voluntarily Terminated,Medium,Female,62,"8 Years, 3 Months",8,34900.44,3,0.26,0.67,0.58,1,0,0,0,0,37527.35,1
4929,15771857,Philipp,Perishable Warehouse Specialist - Air Logistics,16/05/1979,29/07/2022,,Blue Collar,Permanent,Full Time,Fixed,Active,Low,Male,43,"0 Years, 4 Months",0,32872.6,4,0.14,0.55,0.49,0,0,1,1,1,32872.6,0
4930,15700601,Dynon,National Service Excellence Specialist- Air Logistics,23/11/1958,13/07/1986,,White Collar,Permanent,Full Time,Flex and Fixed,Active,High,Male,64,"36 Years, 5 Months",36,18631.19,4,0.39,0.55,0.82,4,0,1,1,1,32686.3,0
4931,15569670,Alexeyeva,Perishable Manager - Air Logistics,17/11/1989,05/06/2022,,White Collar,Permanent,Full Time,Flex and Fixed,Active,Low,Male,33,"0 Years, 6 Months",0,69530.5,3,0.14,0.39,0.48,0,1,1,1,1,69530.5,0
4932,15772341,Hs?eh,National Air Logistics Pharma Compliance Specialist,12/02/1960,14/09/1993,,Blue Collar,Permanent,Full Time,Fixed,Active,Low,Male,63,"29 Years, 3 Months",29,29230.14,1,0.53,0.51,0.93,1,0,1,1,0,34388.4,0
4933,15661548,Ferri,Customer Brokerage Specialist,09/09/1973,08/02/2012,,Blue Collar,Permanent,Full Time,Fixed,Active,Medium,Female,49,"10  Years, 10 Months",10,28602.03,3,0.3,0.39,0.38,3,1,0,0,0,33649.45,0
4934,15787597,Hsu,Sales Account Manager,18/03/1994,05/02/2022,,White Collar,Permanent,Full Time,Fixed,Active,Low,Female,28,"0 Years, 10 Months",0,35125.25,1,0.82,0.96,0.93,0,1,1,1,1,35125.25,0
4935,15806913,Bishop,National Air Logistics Gateway Trade Lane Specialist,28/01/1980,28/01/2019,,White Collar,Permanent,Full Time,Fixed,Active,High,Female,43,"3 Years, 10 Months",3,30658.36,4,0.53,0.68,0.81,2,0,1,1,1,33690.5,0
4936,15804862,Toscani,National Air Logistics Gateway Trade Lane Specialist,30/09/1975,27/01/2013,,White Collar,Permanent,Full Time,Fixed,Active,Medium,Male,47,"9 Years, 10 Months",9,28745.06,2,0.27,0.67,0.71,1,0,0,0,0,34220.31,0
4937,15792986,T'ao,Sales Account Manager,18/07/1982,04/12/2007,01/03/2017,White Collar,Permanent,Full Time,Fixed,Voluntarily Terminated,Low,Male,40,"15  Years, 0 Months",15,33400.64,3,0.19,0.68,0.44,1,1,0,1,0,35532.6,1
4938,15625632,Philip,Stock Investigator & Analyst,20/05/1978,10/04/2012,,White Collar,Permanent,Full Time,Flex and Fixed,Active,Medium,Male,44,"10  Years, 8 Months",10,43126.48,3,0.27,0.56,0.58,5,1,1,0,1,51341.05,0
4939,15727703,Li Fonti,National Air Logistics Pharma Compliance Specialist,13/05/1975,31/08/2020,,Blue Collar,Permanent,Full Time,Fixed,Active,Medium,Male,47,"2 Years, 3 Months",2,34834.35,3,0.65,0.9,0.7,1,0,0,0,0,35545.25,0
4940,15606273,Rene,Sea Logistics Pricing Coordinator,05/06/1968,27/01/2002,11/12/2021,White Collar,Permanent,Full Time,Fixed,Voluntarily Terminated,High,Male,54,"19 Years, 10 Months",19,30179.86,3,0.29,0.69,0.59,6,0,0,0,0,35928.4,1
4941,15799652,Daigle,Account Manager ,21/06/1972,16/01/2013,,White Collar,Permanent,Full Time,Fixed,Active,High,Female,50,"9 Years, 11 Months",9,32069.14,1,0.27,0.99,0.71,1,1,0,0,0,37728.4,0
4942,15715047,Joshua,Software Engineer,12/05/1989,06/04/2017,05/02/2021,White Collar,Permanent,Full Time,Flex and Fixed,Voluntarily Terminated,Medium,Male,33,"3 Years, 9 Months",3,65600.2,3,0.29,0.42,0.59,6,1,0,1,0,70537.85,1
4943,15784687,Simmons,Customer Servce Administrative Officer,13/09/1957,04/09/2013,,Blue Collar,Permanent,Full Time,Fixed,Active,High,Male,65,"9 Years, 3 Months",9,29002.26,4,0.76,0.28,0.51,1,0,0,0,0,31524.2,0
4944,15615322,Jamieson,National Air Logistics Pharma Compliance Specialist,27/10/1985,25/06/1988,,Blue Collar,Permanent,Full Time,Fixed,Active,High,Male,37,"34 Years, 5 Months",34,33382.62,4,0.23,0.55,0.65,2,0,1,1,1,36684.2,0
4945,15722072,Hou,Material Handler ,08/05/2002,13/08/2015,,Blue Collar,Temporary,Full Time,Fixed,Active,Low,Male,20,"7 Years, 4 Months",7,23182.07,4,0.12,0.91,0.53,3,0,1,0,1,25757.85,0
4946,15646784,Cochran,Perishable Operational Care Specialist - Air Logistics,20/11/1984,06/05/2016,,Blue Collar,Permanent,Full Time,Fixed,Active,Low,Female,38,"6 Years, 7 Months",6,31616.42,4,0.52,0.53,0.98,2,0,1,1,1,33280.44,0
4947,15644692,Bibb,Gateway & Procurement Specialist - Air Logistics,28/04/1985,28/09/2012,18/02/2019,Blue Collar,Permanent,Full Time,Fixed,Voluntarily Terminated,Low,Female,37,"10  Years, 2 Months",10,30869.01,3,0.2,0.87,0.74,6,0,1,1,1,34298.9,1
4948,15670354,Jen,National Air Logistics Gateway Trade Lane Specialist,02/11/1965,05/11/1995,,White Collar,Permanent,Full Time,Fixed,Active,Low,Female,57,"27 Years, 1 Months",27,28312.1,1,0.13,0.57,0.6,1,0,1,1,1,32921.05,0
4949,15716357,Corran,Revenue Care Specialist- Air Logistics,11/11/1970,08/01/2020,,White Collar,Permanent,Full Time,Fixed,Active,High,Female,52,"2 Years, 11 Months",2,40852.57,4,0.13,0.59,0.77,1,1,1,1,1,41686.3,0
4950,15786717,He,Operations Specialist,11/02/1985,31/10/1997,,Blue Collar,Permanent,Full Time,Fixed,Active,Medium,Male,38,"25 Years, 1 Months",25,33137.01,2,0.15,0.76,0.89,3,0,0,0,0,36818.9,0
4951,15771383,Loggia,Apprentice,29/11/2003,09/04/2022,,Blue Collar,Apprentice,Full Time,Fixed,Active,High,Female,19,"0 Years, 8 Months",0,22475.75,4,0.35,0.59,0.42,0,0,0,1,0,22475.75,0
4952,15649793,Lovely,Sales Account Manager,04/04/1985,25/04/1988,,White Collar,Permanent,Full Time,Fixed,Active,Medium,Male,37,"34 Years, 7 Months",34,28786.91,1,0.29,0.5,0.54,3,1,0,0,0,33088.4,0
4953,15731543,Becker,Sales Specialist-Air Logitics ,12/05/2003,20/02/2020,,Blue Collar,Permanent,Full Time,Fixed,Active,Medium,Male,19,"2 Years, 9 Months",2,34416.52,3,0.27,0.55,0.55,2,0,1,1,0,35118.9,0
4954,15684516,Plascencia,Data Analyst,01/07/1971,12/06/2022,,White Collar,Permanent,Full Time,Flex and Fixed,Active,Low,Male,51,"0 Years, 6 Months",0,45443.15,2,0.09,0.92,0.53,0,1,0,0,0,45443.15,0
4955,15677249,Somadina,Recruiter,30/08/1969,29/06/2009,,White Collar,Permanent,Full Time,Fixed,Active,Medium,Male,53,"13 Years, 5 Months",13,37134.95,1,0.28,0.8,0.51,1,0,1,1,1,41261.05,0
4956,15581525,Walker,Recruiter,20/06/1979,25/11/2001,,White Collar,Permanent,Full Time,Fixed,Active,High,Male,43,"21  Years, 0 Months",21,29648.66,3,0.89,0.93,0.66,4,0,0,1,0,39531.55,0
4957,15628420,Alekseeva,Aerospace International Logistics Specialist,01/02/1996,30/01/2014,,Blue Collar,Permanent,Full Time,Fixed,Active,High,Male,27,"8 Years, 10 Months",8,29925.54,4,0.8,0.67,0.57,2,0,0,0,0,34006.3,0
4958,15600478,Watson,Perishable Customer Care Team Leader - Air Logistics,30/11/1973,29/08/2015,,White Collar,Permanent,Full Time,Fixed,Active,Medium,Male,49,"7 Years, 3 Months",7,39553.37,4,0.58,0.78,0.55,2,0,0,1,0,42530.5,0
4959,15594502,Zotov,Gateway & Procurement Specialist - Air Logistics,01/01/1996,31/08/2001,,Blue Collar,Permanent,Full Time,Fixed,Active,Low,Male,27,"21  Years, 3 Months",21,27170.98,1,0.21,0.61,0.7,4,0,0,1,0,34393.65,0
4960,15784361,Williamson,Human Resoruces Coordinator,15/03/1959,26/10/2004,,White Collar,Permanent,Full Time,Fixed,Active,Medium,Female,64,"18 Years, 1 Months",18,26237.59,4,0.86,0.74,0.84,3,0,1,1,1,34523.15,0
4961,15767626,Carpenter,Transport Controller,29/05/2000,02/07/2015,,Blue Collar,Temporary,Full Time,Fixed,Active,Low,Male,22,"7 Years, 5 Months",7,24747.95,3,0.55,0.5,0.49,2,0,1,1,1,26899.95,0
4962,15632521,Cattaneo,Customer Care Specialist-Key Accounts,18/12/1990,31/05/2021,,White Collar,Permanent,Full Time,Fixed,Active,High,Male,32,"1  Years, 6 Months",1,36650.5,3,0.28,0.84,0.96,0,0,0,1,0,36650.5,0
4963,15665088,Gordon,Revenue Care Specialist- Air Logistics,29/01/1985,09/07/2018,,White Collar,Permanent,Full Time,Fixed,Active,High,Female,38,"4 Years, 5 Months",4,40511.95,2,0.81,0.89,0.55,3,1,1,0,1,42199.95,0
4964,15652084,Boni,Road Logistics Sales Representative,22/12/2004,03/01/2022,,White Collar,Permanent,Full Time,Fixed,Active,Low,Male,18,"0 Years, 11 Months",0,34063.15,4,0.11,0.77,0.89,0,0,1,1,1,34063.15,0
4965,15574761,Lynch,Accounts Payable,19/07/1986,04/09/2018,16/12/2020,White Collar,Permanent,Full Time,Fixed,Voluntarily Terminated,High,Female,36,"2 Years, 3 Months",2,30656.71,3,0.08,0.64,0.71,5,1,0,1,0,32964.2,1
4966,15729515,McCarthy,Inventory Clerk,22/06/2003,27/03/2021,,Blue Collar,Temporary,Full Time,Fixed,Active,High,Male,19,"1  Years, 8 Months",1,23157.96,4,0.18,0.77,0.89,1,0,1,1,0,24376.8,0
4967,15682070,Davies,Warehouse Quality Control Specialist - Air Logistics,01/05/1978,12/08/2019,,Blue Collar,Permanent,Full Time,Fixed,Active,Medium,Male,44,"3 Years, 4 Months",3,24514.42,4,0.15,0.74,0.58,1,0,1,1,1,25272.6,0
4968,15743817,Hargreaves,Operations Specialist,15/03/1959,03/09/2010,25/09/2020,Blue Collar,Permanent,Full Time,Fixed,Terminated for Cause,Low,Male,64,"10 Years, 0 Months",10,30309.78,3,0.2,0.31,0.96,4,0,0,1,0,36963.15,1
4969,15572158,Blackburn,National Perishable Air Logistics Development Manager Seafood,14/06/1985,21/03/2013,,White Collar,Permanent,Full Time,Flex and Fixed,Active,Low,Male,37,"9 Years, 8 Months",9,33697.12,1,0.47,0.88,0.96,1,1,0,0,0,36311.55,0
4970,15584477,K?,National Service Excellence Specialist- Air Logistics,03/06/1962,30/01/2017,,White Collar,Permanent,Full Time,Flex and Fixed,Active,Medium,Female,60,"5 Years, 10 Months",5,36191.55,3,0.44,0.89,0.88,0,0,1,1,1,36191.55,0
4971,15614893,Meng,Gateway & Procurement Specialist - Air Logistics,29/08/1995,15/02/2016,,Blue Collar,Permanent,Full Time,Fixed,Active,Medium,Male,27,"6 Years, 10 Months",6,28177.21,1,0.21,0.74,0.59,2,0,1,1,1,32764.2,0
4972,15665963,Cattaneo,Gateway & Procurement Team Leader- Air Logistics,08/01/1981,27/05/2013,,White Collar,Permanent,Full Time,Fixed,Active,Medium,Male,42,"9 Years, 6 Months",9,32140.21,3,0.46,0.63,0.74,3,0,1,1,1,38723.15,0
4973,15612524,Hunt,Inside Sales Executive/ Account Manager,22/10/1992,25/12/2016,,White Collar,Permanent,Full Time,Flex and Fixed,Active,Medium,Male,30,"5 Years, 11 Months",5,33764.18,2,0.72,0.63,0.8,2,1,0,1,0,37515.75,0
4974,15596962,Owens,Perishable Warehouse Specialist - Air Logistics,12/10/1997,14/06/2013,,Blue Collar,Permanent,Full Time,Fixed,Active,Medium,Female,25,"9 Years, 6 Months",9,29596.73,1,0.97,0.68,0.92,1,0,1,1,1,32885.25,0
4975,15744942,Steele,Gateway & Procurement Specialist - Air Logistics,20/04/1961,08/09/1997,27/02/2016,Blue Collar,Permanent,Full Time,Fixed,Voluntarily Terminated,High,Female,61,"18 Years, 5 Months",18,33689.48,2,0.14,0.14,0.81,5,0,1,0,1,36225.25,1
4976,15573278,Kennedy,Java Software Engineer ,17/10/1978,09/08/2017,,White Collar,Permanent,Full Time,Flex and Fixed,Active,Low,Male,44,"5 Years, 4 Months",5,63731.99,3,0.44,0.86,0.94,2,1,0,1,0,67086.3,0
4977,15717056,Pan,Perishable Warehouse Specialist - Air Logistics,24/10/1969,04/03/2019,,Blue Collar,Permanent,Full Time,Fixed,Active,High,Female,53,"3 Years, 9 Months",3,31363.73,1,0.12,0.73,0.53,2,0,0,1,0,36469.45,0
4978,15795881,Alexander,Business Analyst,31/05/1955,08/10/1986,,White Collar,Permanent,Full Time,Flex and Fixed,Active,Low,Male,67,"36 Years, 2 Months",36,27338.13,3,0.19,0.57,0.56,3,1,1,1,1,47134.7,0
4979,15758939,Bray,Perishable Apprentice- Air Logistics,30/10/2002,25/09/2022,,Blue Collar,Apprentice,Part Time,Fixed,Active,Medium,Male,20,"0 Years, 2 Months",0,21851.55,3,0.58,0.97,0.75,0,0,1,1,1,21851.55,0
4980,15792250,Nnabuife,Perishable Warehouse Specialist - Air Logistics,06/08/1986,17/05/2017,,Blue Collar,Permanent,Part Time,Fixed,Active,Medium,Female,36,"5 Years, 7 Months",5,31067,4,0.12,0.67,0.36,3,0,1,1,1,32702.1,0
4981,15740406,Padovesi,Aerospace International Logistics Specialist,22/06/1978,17/09/2014,15/07/2022,Blue Collar,Permanent,Part Time,Fixed,Voluntarily Terminated,High,Male,44,"7 Years, 9 Months",7,27534.6,3,0.16,0.89,0.74,1,0,0,1,0,32393.65,1
4982,15768137,Bray,Gateway & Procurement Specialist - Air Logistics,11/01/1985,28/08/2020,20/11/2021,Blue Collar,Permanent,Part Time,Fixed,Voluntarily Terminated,Low,Female,38,"1 Years, 2 Months",1,34845.25,2,0.47,0.8,0.96,0,0,0,0,0,34845.25,1
4983,15569120,Lucas,Gateway & Procurement Specialist - Air Logistics,25/12/1995,08/12/2017,,Blue Collar,Permanent,Part Time,Fixed,Active,High,Male,27,"5 Years, 0 Months",5,31996.76,2,0.24,0.3,0.51,1,0,1,1,1,36359.95,0
4984,15723721,Tinline,Network Engineer,06/10/1956,05/09/2006,,White Collar,Permanent,Part Time,Flex and Fixed,Active,Low,Male,66,"16 Years, 3 Months",16,57956.7,2,0.26,0.14,0.73,4,1,0,1,0,70678.9,0
4985,15777122,Esomchi,Data Engineer,10/12/1956,29/11/2016,,White Collar,Permanent,Part Time,Flex and Fixed,Active,Medium,Female,66,"6 Years, 0 Months",6,65523.85,4,0.73,0.91,0.8,1,1,1,1,1,70455.75,0
4986,15742681,Liao,BI Developer,05/08/1961,02/11/1998,,White Collar,Permanent,Full Time,Flex and Fixed,Active,Low,Male,61,"24 Years, 1 Months",24,60688.82,3,0.47,0.49,0.81,2,1,1,1,1,65256.8,0
4987,15582090,Iroawuchi,Perishable Operational Care Specialist - Air Logistics,10/02/1962,17/09/1994,,Blue Collar,Permanent,Full Time,Fixed,Active,Low,Female,61,"28 Years, 3 Months",28,29098.75,1,0.78,0.57,0.68,2,0,0,1,0,33835.75,0
4988,15711254,Retana,Gateway & Procurement Specialist - Air Logistics,08/08/1958,20/11/2018,,Blue Collar,Permanent,Full Time,Fixed,Active,Medium,Female,64,"4 Years, 0 Months",4,31232.72,1,0.65,0.59,0.62,1,0,0,1,0,33226.3,0
4989,15775067,Fang,Material Handler ,21/08/2001,16/09/2012,18/12/2020,Blue Collar,Temporary,Full Time,Fixed,Voluntarily Terminated,High,Male,21,"10  Years, 3 Months",10,23542.28,2,0.3,0.5,0.7,1,0,1,0,1,27696.8,1
4990,15602851,Ozioma,Business Analyst,11/03/1968,30/06/2004,,White Collar,Permanent,Full Time,Flex and Fixed,Active,High,Male,55,"18 Years, 5 Months",18,37183.69,1,0.3,0.69,0.97,4,1,0,1,0,44266.3,0
4991,15802857,Robson,Customer Care Specialist-Key Accounts,30/08/1971,22/06/2014,,White Collar,Permanent,Full Time,Fixed,Active,High,Female,51,"8 Years, 5 Months",8,32989.22,3,0.9,0.81,0.68,1,0,1,0,1,35857.85,0
4992,15701175,Bruno,Stock Investigator & Analyst,19/04/1965,06/04/1992,,White Collar,Permanent,Full Time,Flex and Fixed,Active,High,Female,57,"30 Years, 8 Months",30,42578.46,1,0.67,0.79,0.82,2,1,1,1,0,46280.94,0
4993,15783019,Price,Revenue Care Specialist- Air Logistics,02/07/1987,06/09/2006,05/05/2015,White Collar,Permanent,Full Time,Fixed,Voluntarily Terminated,Low,Female,35,"8 Years, 7 Months",8,37496.84,2,0.22,0.55,0.91,6,1,0,1,0,41663.15,1
4994,15728912,Swanson,Gateway & Procurement Team Leader- Air Logistics,22/11/1966,06/02/1999,,White Collar,Permanent,Full Time,Fixed,Active,High,Female,56,"23 Years, 10 Months",23,36781.727,3,0.26,0.92,0.62,3,0,0,1,0,42769.45,0
4995,15585580,Chang,Sales Account Manager,05/11/1988,30/01/1985,07/07/2014,White Collar,Permanent,Full Time,Fixed,Voluntarily Terminated,Low,Female,34,"29 Years, 5 Months",29,31076.51,2,0.39,0.94,0.59,1,1,1,1,1,34529.45,1
4996,15583480,Morgan,Perishable Warehouse Specialist - Air Logistics,26/08/1994,06/02/2015,,Blue Collar,Permanent,Full Time,Fixed,Active,Medium,Female,28,"7 Years, 10 Months",7,31914.16,4,0.25,0.67,0.55,2,0,1,0,1,35070.5,0
4997,15620341,Nwebube,Material Handler ,08/05/2002,27/05/2018,,Blue Collar,Temporary,Full Time,Fixed,Active,High,Male,20,"4 Years, 6 Months",4,23052.29,2,0.82,0.53,0.92,1,0,0,1,0,25613.65,0
4998,15613886,Trevisan,Gateway & Procurement Team Leader- Air Logistics,26/06/1985,03/05/2009,21/03/2015,White Collar,Permanent,Full Time,Fixed,Voluntarily Terminated,High,Male,37,"5 Years, 10 Months",5,41693.66,2,0.19,0.77,0.59,5,0,0,1,0,42983.15,1
4999,15792916,Ositadimma,Java Software Engineer ,09/12/1987,04/05/2016,,White Collar,Permanent,Full Time,Flex and Fixed,Active,High,Female,35,"6 Years, 7 Months",6,59181.46,3,0.6,0.57,0.82,1,1,1,1,1,69625.25,0
5000,15710408,Cunningham,Customer Care Specialist-Key Accounts,07/09/1956,23/09/2012,,White Collar,Permanent,Full Time,Fixed,Active,Low,Female,66,"10 Years, 2 Months",10,31844.81,4,0.48,0.64,0.97,3,0,1,1,1,35780.69,0
5001,15598695,Fields,Technical Support Engineer,14/12/1991,09/02/2013,,White Collar,Permanent,Part Time,Flex and Fixed,Active,Medium,Female,31,"9 Years, 10 Months",9,51723.63,3,0.11,0.35,1,1,1,1,0,1,61575.75,0
5002,15649354,Johnston,Gateway & Procurement Specialist - Air Logistics,17/01/1959,09/01/1989,,Blue Collar,Permanent,Full Time,Fixed,Active,Medium,Male,64,"33 Years, 11 Months",33,18379.24,1,0.28,0.66,0.71,3,0,1,1,1,33416.8,0
5003,15737556,Vasilyev,Software Engineer,15/01/1979,28/07/2004,15/04/2016,White Collar,Permanent,Full Time,Flex and Fixed,Voluntarily Terminated,Low,Male,44,"11 Years, 8 Months",11,61513.56,3,0.29,0.59,0.84,1,1,1,1,1,68348.4,1
5004,15671610,Hooper,Software Engineer,26/07/1979,26/02/2017,,White Collar,Permanent,Full Time,Flex and Fixed,Active,High,Male,43,"5 Years, 9 Months",5,58459.76,4,0.71,0.49,0.93,1,1,1,1,1,66431.55,0
5005,15625092,Colombo,Aerospace International Logistics Specialist,14/05/1978,03/01/2016,30/05/2017,Blue Collar,Permanent,Full Time,Fixed,Voluntarily Terminated,Low,Female,44,"1 Years, 4 Months",1,31506.93,1,0.1,0.91,0.99,1,0,0,1,1,35401.05,1
5006,15741032,Tsao,Internal Trainer,20/12/1991,01/10/2012,,White Collar,Permanent,Full Time,Fixed,Active,Medium,Male,31,"10  Years, 2 Months",10,26660.06,2,0.93,0.12,0.6,2,0,1,0,0,32913.65,0
5007,15750014,Chikere,Business Development Manager,28/10/1957,07/05/1998,,White Collar,Permanent,Full Time,Flex and Fixed,Active,High,Female,65,"24  Years, 7 Months",24,35431.85,4,0.2,0.74,0.68,1,1,1,1,1,51350.5,0
5008,15784761,Ballard,Perishable Warehouse Specialist - Air Logistics,22/07/2000,27/07/2019,18/07/2020,Blue Collar,Permanent,Full Time,Fixed,Voluntarily Terminated,Medium,Female,22,"0 Years, 11 Months",0,35216.8,1,0.28,0.32,0.94,0,0,1,0,1,35216.8,1
5009,15768359,Akhtar,Senior DevOps Engineer,04/03/1988,05/07/2014,,White Collar,Permanent,Full Time,Flex and Fixed,Active,Medium,Male,35,"8 Years, 5 Months",8,61904.74,2,0.8,0.51,0.99,1,1,0,1,0,70346.3,0
5010,15805769,O'Loughlin,Recruiter,23/01/1991,21/01/2016,,White Collar,Permanent,Full Time,Fixed,Active,Medium,Male,32,"6 Years, 10 Months",6,37610.86,4,0.94,0.94,0.71,2,0,0,1,0,40011.55,0
5011,15719508,Davis,Account Manager ,24/06/2000,28/05/2019,17/08/2020,White Collar,Permanent,Full Time,Fixed,Voluntarily Terminated,High,Male,22,"1 Years, 2 Months",1,33164.2,2,0.27,0.74,0.66,0,1,1,1,1,33164.2,1
5012,15609011,Barry,Data Analyst,11/03/1979,04/06/2010,19/06/2018,White Collar,Permanent,Full Time,Flex and Fixed,Voluntarily Terminated,Medium,Male,44,"8 Years, 0 Months",8,41742.87,2,0.3,0.52,0.54,6,1,0,1,0,46902.1,1
5013,15703106,K'ung,Business Development Manager,14/09/1985,19/02/2020,,White Collar,Permanent,Full Time,Flex and Fixed,Active,Medium,Male,37,"2 Years, 9 Months",2,42608.01,2,0.22,0.31,0.92,2,1,1,1,0,49544.2,0
5014,15626795,Gorman,National Perishable Air Logistics Development Manager Seafood,19/03/1981,22/11/2012,22/08/2021,White Collar,Permanent,Full Time,Flex and Fixed,Voluntarily Terminated,High,Female,41,"10  Years, 0 Months",10,30761.96,3,0.58,0.72,0.59,6,1,0,1,0,34179.95,1
5015,15773731,John,Business Development Manager,25/12/1962,10/11/2017,,White Collar,Permanent,Full Time,Flex and Fixed,Active,High,Female,60,"5 Years, 1 Months",5,39384.15,2,0.22,0.92,1,1,1,0,0,0,48029.45,0
5016,15756196,Tsou,Transport Controller,15/03/2003,05/04/2022,,Blue Collar,Temporary,Full Time,Fixed,Active,Low,Male,19,"0 Years, 8 Months",0,24349.45,3,0.09,0.56,0.64,0,0,1,0,1,24349.45,0
5017,15687903,Okonkwo,Project Manager,13/11/1960,12/01/2015,,White Collar,Permanent,Full Time,Flex and Fixed,Active,Low,Female,62,"7 Years, 11 Months",7,42680.66,2,0.35,0.76,0.45,1,1,0,1,0,45794.7,0
5018,15777599,Esposito,Data Engineer,12/09/1987,11/05/2020,,White Collar,Permanent,Full Time,Flex and Fixed,Active,Low,Male,35,"2 Years, 7 Months",2,64438.07,3,0.11,0.59,0.9,2,1,1,1,1,71597.85,0
5019,15754577,Boni,Java Software Engineer ,12/12/1984,02/08/2016,23/10/2019,White Collar,Permanent,Full Time,Flex and Fixed,Voluntarily Terminated,Low,Female,38,"3 Years, 2 Months",3,66134.41,4,0.26,0.5,0.74,5,1,0,1,0,70355.75,1
5020,15584113,Pratt,IT System Engineer,19/01/1989,28/04/2016,21/12/2017,White Collar,Permanent,Full Time,Flex and Fixed,Voluntarily Terminated,Medium,Female,34,"1 Years, 7 Months",1,67780.69,3,0.47,0.88,0.72,0,1,1,0,1,67780.69,1
5021,15669589,Page,Account Manager ,18/12/1965,15/08/2003,05/11/2015,White Collar,Permanent,Full Time,Fixed,Voluntarily Terminated,Low,Female,57,"19  Years, 4 Months",19,30235.06,3,0.54,0.86,0.49,3,1,1,0,1,32441.05,1
5022,15632793,Wilkinson,Finance Analyst,04/11/1983,06/03/2022,,White Collar,Permanent,Full Time,Flex and Fixed,Active,Low,Female,39,"0 Years, 9 Months",0,48840.82,2,0.47,0.66,0.99,0,1,1,1,1,48840.82,0
5023,15711130,Tseng,National Service Excellence Specialist- Air Logistics,01/12/1968,05/09/2017,,White Collar,Permanent,Full Time,Flex and Fixed,Active,High,Male,54,"5  Years, 3 Months",5,29481.41,3,0.3,0.7,0.69,2,0,0,1,0,36396.8,0
5024,15615254,Clark,Transport Controller,12/06/1988,28/09/2019,,Blue Collar,Temporary,Full Time,Fixed,Active,High,Male,34,"3 Years, 2 Months",3,23764.87,4,0.81,0.98,0.93,2,0,0,1,0,26702.1,0
5025,15720583,Finch,Internal Trainer,02/07/1980,19/07/2011,24/06/2017,White Collar,Permanent,Full Time,Fixed,Voluntarily Terminated,Medium,Female,42,"11  Years, 4 Months",11,29772.97,3,0.09,0.61,0.73,6,0,1,1,1,31945.25,1
5026,15780432,Shen,Perishable Operational Care Specialist - Air Logistics,17/06/1988,18/02/2015,07/01/2020,Blue Collar,Permanent,Full Time,Fixed,Voluntarily Terminated,Medium,Male,34,"4 Years, 10 Months",4,31575.48,2,0.5,0.57,0.66,1,0,0,0,0,36293.65,1
5027,15673223,Hou,Stock Investigator & Analyst,29/03/1959,25/08/2012,,White Collar,Permanent,Full Time,Flex and Fixed,Active,Low,Male,63,"10 Years, 3 Months",10,42116.06,2,0.28,0.84,0.91,1,1,0,0,0,51361.05,0
5028,15807989,Wall,Warehouse Specialist - Air Logistics,21/02/1984,25/10/2014,,Blue Collar,Temporary,Full Time,Fixed,Active,Low,Male,39,"8 Years, 1 Months",8,25097.27,2,0.3,0.76,0.4,1,0,1,1,1,26928.4,0
5029,15761168,Manna,Accountant,19/03/1961,23/01/2015,,White Collar,Permanent,Full Time,Fixed,Active,Medium,Female,61,"7 Years, 10 Months",7,32180.18,4,0.52,0.64,0.99,2,1,0,1,0,35755.75,0
5030,15651272,Reyes,Operations Specialist,24/01/1974,07/02/2012,,Blue Collar,Permanent,Full Time,Fixed,Active,Low,Male,49,"10  Years, 10 Months",10,28701.44,1,0.11,0.87,0.7,1,0,1,1,1,35876.8,0
5031,15812832,Jideofor,Perishable Warehouse Specialist - Air Logistics,13/06/1986,26/09/2015,,Blue Collar,Permanent,Full Time,Fixed,Active,Low,Male,36,"7 Years, 2 Months",7,31646.99,3,0.26,0.62,0.69,2,0,0,1,0,34398.9,0
5032,15680517,Sal,Operations Specialist,26/01/1980,26/07/2017,15/06/2022,Blue Collar,Permanent,Full Time,Fixed,Voluntarily Terminated,Low,Female,43,"4 Years, 10 Months",4,32712.99,3,0.27,0.16,0.99,5,0,1,1,1,34801.05,1
5033,15750569,Iweobiegbunam,Accounting Coordinator,10/08/1973,29/06/2019,,White Collar,Permanent,Full Time,Fixed,Active,Medium,Female,49,"3 Years, 5 Months",3,33145.07,1,0.98,0.83,0.87,1,1,0,1,0,36423.15,0
5034,15690743,Shao,National Service Excellence Specialist- Air Logistics,08/07/1971,13/04/2016,24/02/2019,White Collar,Permanent,Full Time,Flex and Fixed,Voluntarily Terminated,High,Female,51,"2 Years, 10 Months",2,28578.79,3,0.46,0.36,0.59,5,0,1,1,1,33622.1,1
5035,15627741,Heath,Sea Logistics Pricing Coordinator,04/10/1992,19/10/2016,,White Collar,Permanent,Full Time,Fixed,Active,Medium,Female,30,"6 Years, 1 Months",6,29953.34,1,0.27,0.47,0.51,3,0,1,1,1,31865.25,0
5036,15712121,Chidimma,Revenue Care Specialist- Air Logistics,13/08/1981,21/12/2013,,White Collar,Permanent,Full Time,Fixed,Active,Low,Male,41,"8 Years, 11 Months",8,34060.66,3,0.28,0.54,0.51,1,1,0,1,0,40548.4,0
5037,15805429,Murray,Inside Sales Executive/ Account Manager,18/06/1999,14/04/2017,,White Collar,Permanent,Full Time,Flex and Fixed,Active,Low,Male,23,"5 Years, 8 Months",5,35925.96,2,0.3,0.83,0.83,3,1,1,0,1,37816.8,0
5038,15814923,Sullivan,Human Resoruces Coordinator,20/10/1981,27/03/2021,,White Collar,Permanent,Full Time,Fixed,Active,Low,Male,41,"1  Years, 8 Months",1,34824.2,3,0.71,0.96,0.68,0,0,1,1,1,34824.2,0
5039,15589230,Wu,Data Analyst,24/09/1972,04/06/2020,,White Collar,Permanent,Full Time,Flex and Fixed,Active,Low,Female,50,"2 Years, 6 Months",2,39851.01,3,0.69,0.91,0.74,5,1,1,0,1,44278.9,0
5040,15775490,Downie,Accountant,25/08/1956,17/01/2014,,White Collar,Permanent,Full Time,Fixed,Active,Medium,Female,66,"8 Years, 11 Months",8,30736.89,1,0.28,0.56,0.59,1,1,0,1,0,33776.8,0
5041,15749727,Chukwufumnanya,National Air Logistics Gateway Trade Lane Specialist,25/08/1982,29/01/2016,,White Collar,Permanent,Full Time,Fixed,Active,Medium,Male,40,"6 Years, 10 Months",6,31803.88,2,0.98,0.73,0.66,1,0,1,0,1,35734.7,0
5042,15619238,Allan,Analyst Programmer ,27/06/1987,04/03/2018,,White Collar,Permanent,Full Time,Flex and Fixed,Active,Low,Male,35,"4 Years, 9 Months",4,51716.19,3,0.57,0.97,0.63,2,1,0,1,0,58768.4,0
5043,15593468,Findlay,National Service Excellence Specialist- Air Logistics,27/09/1966,19/06/1985,,White Collar,Permanent,Full Time,Flex and Fixed,Active,Medium,Female,56,"37 Years, 5 Months",37,31170.57,3,0.3,0.75,0.74,2,0,1,1,1,33881.05,0
5044,15718454,Ch'eng,National Air Logistics Pharma Compliance Specialist,15/09/1988,10/06/2016,,Blue Collar,Permanent,Full Time,Fixed,Active,Low,Female,34,"6 Years, 6 Months",6,32614.99,2,0.57,0.49,0.76,3,0,0,0,0,34696.8,0
5045,15789498,Miller,National Perishable Air Logistics Development Manager Retail,12/08/1989,18/06/2021,,White Collar,Permanent,Full Time,Flex and Fixed,Active,Medium,Male,33,"1  Years, 6 Months",1,34826.74,3,0.28,0.57,0.94,1,1,0,0,0,36277.85,0
5046,15744691,Tsai,National Perishable Air Logistics Development Manager Seafood,03/09/1985,23/08/2013,,White Collar,Permanent,Full Time,Flex and Fixed,Active,Low,Female,37,"9 Years, 3 Months",9,35253.84,3,0.78,0.41,0.58,1,1,0,1,0,37907.35,0
5047,15708289,Graham,Finance Analyst,11/11/1971,29/08/2020,,White Collar,Permanent,Full Time,Flex and Fixed,Active,Medium,Male,51,"2 Years, 3 Months",2,47469.09,3,0.27,0.53,0.7,1,1,0,0,0,48437.85,0
5048,15790412,Norton,Accounts Payable,25/09/2000,19/12/2020,,White Collar,Permanent,Full Time,Fixed,Active,Medium,Male,22,"1  Years, 11 Months",1,34672.6,4,0.52,0.93,0.6,0,1,1,1,1,34672.6,0
5049,15741416,Yegorov,Perishable Apprentice- Air Logistics,23/06/2003,01/10/2022,,Blue Collar,Apprentice,Full Time,Fixed,Active,Medium,Male,19,"0 Years, 2 Months",0,22520.46,3,0.29,0.58,0.9,0,0,1,1,1,22520.46,0
5050,15598894,Holt,Technical Support Engineer,25/10/1957,30/01/1986,,White Collar,Permanent,Full Time,Flex and Fixed,Active,Medium,Male,65,"36 Years, 10 Months",36,36235.91,4,0.43,0.6,0.54,2,1,0,0,0,61416.8,0
5051,15663294,Kao,Business Development Executive,25/02/1992,05/10/2022,,White Collar,Permanent,Full Time,Flex and Fixed,Active,High,Male,31,"0 Years, 2 Months",0,42501.05,4,0.29,0.74,0.8,0,0,1,1,1,42501.05,0
5052,15572728,Ross,Cloud Service Analyst,16/11/1958,19/05/2015,,White Collar,Permanent,Full Time,Flex and Fixed,Active,Medium,Male,64,"7 Years, 6 Months",7,61226.27,1,0.7,0.62,0.52,2,1,0,1,0,65834.7,0
5053,15706729,Hsiao,Aerospace International Logistics Specialist,15/12/1996,21/10/2018,,Blue Collar,Permanent,Full Time,Fixed,Active,Medium,Male,26,"4 Years, 1 Months",4,30579.12,2,0.81,0.7,0.76,2,0,1,0,1,33976.8,0
5054,15674433,Allan,Human Resoruces Coordinator,26/11/1985,19/03/1990,,White Collar,Permanent,Full Time,Fixed,Active,High,Female,37,"32 Years, 8 Months",32,30149.69,3,0.22,0.93,0.75,3,0,0,0,0,32349.45,0
5055,15641170,Liang,Gateway & Procurement Specialist - Air Logistics,28/06/1997,16/01/2013,,Blue Collar,Permanent,Full Time,Fixed,Active,Medium,Male,25,"9 Years, 11 Months",9,28847.33,1,0.12,0.75,0.9,1,0,0,0,0,33157.85,0
5056,15806284,Briggs,Account Manager ,22/11/1973,19/02/2015,,White Collar,Permanent,Full Time,Fixed,Active,High,Male,49,"7 Years, 9 Months",7,32178.98,3,0.26,0.95,0.48,1,1,1,1,1,34601.05,0
5057,15690958,Cantrell,Business Development Executive,27/08/1958,24/02/2011,,White Collar,Permanent,Full Time,Flex and Fixed,Active,Low,Male,64,"11 Years, 9 Months",11,39900.13,4,0.75,0.43,0.98,3,0,1,0,1,43846.3,0
5058,15606386,Wang,National Perishable Air Logistics Development Manager Retail,20/09/1979,11/01/2014,24/05/2018,White Collar,Permanent,Full Time,Flex and Fixed,Voluntarily Terminated,Medium,Female,43,"4 Years, 4 Months",4,31850.99,4,0.41,0.77,0.58,5,1,0,1,1,37917.85,1
5059,15682322,Aksenov,Material Handler ,14/04/2004,24/03/2021,,Blue Collar,Temporary,Full Time,Fixed,Active,Low,Male,18,"1  Years, 8 Months",1,26191.36,4,0.29,0.67,1,1,0,1,0,1,27863.15,0
5060,15579915,Glennon,National Perishable Air Logistics Development Manager Retail,04/11/1969,05/12/1992,,White Collar,Permanent,Full Time,Flex and Fixed,Active,High,Male,53,"30 Years, 0 Months",30,32342.32,2,0.19,0.51,0.72,2,1,0,1,0,35154.7,0
5061,15681928,Yancy,Accounting Coordinator,13/12/1996,11/05/2012,,White Collar,Permanent,Full Time,Fixed,Active,High,Female,26,"10  Years, 7 Months",10,28797.47,4,0.19,0.94,0.53,4,1,0,1,0,34695.75,0
5062,15734005,Mazzi,Business Analyst,24/04/1973,02/07/2021,,White Collar,Permanent,Full Time,Flex and Fixed,Active,Low,Female,49,"1  Years, 5 Months",1,46519.98,3,0.3,0.9,0.85,1,1,0,1,0,48968.4,0
5063,15650432,Liu,Customer Brokerage Specialist,30/09/1985,23/06/2001,,Blue Collar,Permanent,Full Time,Fixed,Active,High,Male,37,"21 Years, 5 Months",21,34778.26,1,0.25,0.8,0.78,3,1,1,1,0,36227.35,0
5064,15592578,Nucci,Perishable Operational Care Specialist - Air Logistics,27/11/1987,06/01/2015,,Blue Collar,Permanent,Full Time,Fixed,Active,High,Female,35,"7 Years, 11 Months",7,28489.35,4,0.66,0.34,0.89,2,0,0,0,0,32010.5,0
5065,15671243,Y?,Road Logistics Sales Representative,03/07/2002,07/03/2022,,White Collar,Permanent,Full Time,Fixed,Active,Low,Female,20,"0 Years, 9 Months",0,35304.2,3,0.28,0.45,0.53,0,0,0,1,0,35304.2,0
5066,15775709,Nucci,Perishable Customer Care Team Leader - Air Logistics,09/09/1985,02/11/2015,,White Collar,Permanent,Full Time,Fixed,Active,High,Female,37,"7 Years, 1 Months",7,34985.06,4,0.71,0.97,0.66,1,0,0,1,0,39755.75,0
5067,15702631,Tang,Warehouse Specialist - Air Logistics,06/04/1978,16/03/2015,,Blue Collar,Temporary,Full Time,Fixed,Active,Medium,Female,44,"7 Years, 9 Months",7,21539.06,1,0.1,0.5,0.48,1,0,1,1,1,25340.07,0
5068,15602282,Kao,Operations Specialist,30/05/1990,06/11/2015,,Blue Collar,Permanent,Full Time,Fixed,Active,Low,Female,32,"7 Years, 1 Months",7,33774.62,4,0.29,0.89,0.62,2,0,1,1,1,36316.8,0
5069,15717879,Chen,BI Developer,04/10/1985,28/11/1993,,White Collar,Permanent,Full Time,Flex and Fixed,Active,High,Female,37,"29 Years, 0 Months",29,57386.48,3,0.52,0.76,0.5,3,1,1,1,1,61049.45,0
5070,15740878,Yao,Cloud Service Analyst,23/05/1982,28/04/2012,,White Collar,Permanent,Full Time,Flex and Fixed,Active,High,Female,40,"10  Years, 7 Months",10,48229.1,2,0.68,0.66,0.84,1,1,1,0,1,59542.1,0
5071,15794468,Tsou,Software Engineer,10/01/1970,15/05/2019,,White Collar,Permanent,Full Time,Flex and Fixed,Active,High,Female,53,"3 Years, 7 Months",3,60238.66,4,0.27,0.74,0.63,2,1,0,0,0,65476.8,0
5072,15773277,Barnes,Sales Specialist-Air Logitics ,01/12/2003,13/10/2022,,Blue Collar,Permanent,Full Time,Fixed,Active,Low,Male,19,"0 Years, 2 Months",0,32760.98,4,0.09,0.69,0.74,0,0,0,1,0,32760.98,0
5073,15572657,H?,Gateway & Procurement Specialist - Air Logistics,19/03/1966,04/10/1989,,Blue Collar,Permanent,Full Time,Fixed,Active,Medium,Male,56,"33  Years, 2 Months",33,31130.78,2,0.83,0.59,0.57,1,0,1,0,1,33117.85,0
5074,15800295,Cruz,Accounts Payable,10/02/1955,05/04/1983,,White Collar,Permanent,Full Time,Fixed,Active,Low,Male,68,"39 Years, 8 Months",39,20526.93,4,0.36,1,0.85,1,1,0,0,0,34211.55,0
5075,15672397,Smith,Regional Air logistics Trainer Specialist,23/06/1982,03/01/2019,,White Collar,Permanent,Full Time,Fixed,Active,Medium,Male,40,"3 Years, 11 Months",3,29936.19,3,0.29,0.61,0.75,1,0,0,0,0,32189.45,0
5076,15684921,Onuchukwu,Gateway & Procurement Team Leader- Air Logistics,01/04/1985,10/09/2012,,White Collar,Permanent,Full Time,Fixed,Active,Medium,Male,37,"10 Years, 3 Months",10,39047.7,4,0.95,0.98,0.42,2,0,1,1,1,42443.15,0
5077,15720676,Bukowski,Senior DevOps Engineer,14/04/1985,31/01/2021,,White Collar,Permanent,Full Time,Flex and Fixed,Active,Medium,Female,37,"1  Years, 10 Months",1,66623.98,4,0.22,0.59,0.71,1,1,0,1,0,70130.5,0
5078,15731829,Simmons,Perishable Operational Care Specialist - Air Logistics,19/03/1995,17/05/2018,,Blue Collar,Permanent,Full Time,Fixed,Active,Low,Male,27,"4 Years, 7 Months",4,31156.62,3,0.3,0.22,0.69,1,0,0,1,0,35405.25,0
5079,15732672,Stewart,Finance Analyst,21/10/1985,09/07/2019,,White Collar,Permanent,Full Time,Flex and Fixed,Active,Low,Male,37,"3 Years, 5 Months",3,47636.17,3,0.81,0.71,0.95,1,1,1,1,0,49109.45,0
5080,15692406,Gow,Sea Logiscitcs Customer Care Specialist ,20/03/1973,11/07/1998,,Blue Collar,Permanent,Full Time,Fixed,Active,Medium,Male,49,"24  Years, 5 Months",24,28348.94,4,0.26,0.86,0.53,2,0,1,1,1,32214.7,0
5081,15764405,Williams,Warehouse Specialist - Air Logistics,02/09/1982,03/02/2012,,Blue Collar,Temporary,Full Time,Fixed,Active,Medium,Male,40,"10  Years, 10 Months",10,20168.11,3,0.21,0.65,0.59,2,0,1,1,1,24898.9,0
5082,15757537,Francis,Accountant,28/04/1990,15/09/2015,,White Collar,Permanent,Full Time,Fixed,Active,Low,Female,32,"7 Years, 3 Months",7,29448.68,1,0.5,0.93,0.67,2,1,1,1,1,33088.4,0
5083,15793307,Calabresi,Warehouse Specialist - Air Logistics,25/08/1955,16/04/2002,29/08/2022,Blue Collar,Temporary,Full Time,Fixed,Voluntarily Terminated,Low,Female,67,"20  Years, 8 Months",20,20941.58,3,0.25,0.49,0.69,4,0,0,0,1,27922.1,1
5084,15660679,Chimaobim,Sales Account Manager,02/04/1980,25/01/2012,,White Collar,Permanent,Full Time,Fixed,Active,High,Female,42,"10  Years, 10 Months",10,32890.73,4,0.29,0.78,0.77,2,1,0,1,0,36545.25,0
5085,15666856,Chikwendu,National Service Excellence Specialist- Air Logistics,15/10/1981,22/02/2016,,White Collar,Permanent,Full Time,Flex and Fixed,Active,High,Male,41,"6 Years, 9 Months",6,30164.08,2,0.29,0.62,0.7,1,0,1,1,1,32089.45,0
5086,15687372,Padovesi,Customer Care Specialist-Key Accounts,20/04/1986,28/04/2012,,White Collar,Permanent,Full Time,Fixed,Active,Medium,Male,36,"10  Years, 7 Months",10,29645.99,3,0.17,0.72,0.63,1,0,0,1,0,36153.65,0
5087,15667289,Henderson,Data Analyst,19/09/1959,13/07/2015,,White Collar,Permanent,Full Time,Flex and Fixed,Active,Low,Male,63,"7 Years, 5 Months",7,42274.82,2,0.6,0.7,0.56,2,1,0,0,0,45456.8,0
5088,15624641,Kharlamova,Business Development Executive,23/11/1961,28/02/1996,06/03/2022,White Collar,Permanent,Full Time,Flex and Fixed,Voluntarily Terminated,Low,Male,61,"26 Years, 0 Months",26,34995.28,1,0.23,0.54,0.93,7,0,0,1,0,41661.05,1
5089,15734610,Onio,IT-Support,17/11/1959,15/11/1991,18/11/2018,White Collar,Permanent,Full Time,Fixed,Voluntarily Terminated,High,Male,63,"31  Years, 1 Months",31,31773.32,1,0.13,0.61,0.95,6,0,0,1,0,34091.55,1
5090,15631882,Yeh,Inventory Clerk,24/04/2004,12/02/2021,,Blue Collar,Temporary,Full Time,Fixed,Active,High,Male,18,"1  Years, 10 Months",1,28668.4,1,0.92,0.84,0.95,0,0,0,0,0,28668.4,0
5091,15642709,Feng,Inventory Clerk,09/07/2002,14/09/2021,,Blue Collar,Temporary,Full Time,Fixed,Active,High,Female,20,"1  Years, 3 Months",1,22868.7,4,0.18,0.8,0.58,1,0,0,0,0,24328.4,0
5092,15811026,Norman,Apprentice,09/12/2004,21/03/2022,,Blue Collar,Apprentice,Full Time,Fixed,Active,Medium,Male,18,"0 Years, 8 Months",0,21763.15,1,0.13,0.58,0.5,0,0,0,1,0,21763.15,0
5093,15596303,White,National Perishable Air Logistics Development Manager Seafood,11/03/2001,17/08/2017,21/05/2018,White Collar,Permanent,Full Time,Flex and Fixed,Voluntarily Terminated,High,Female,21,"0 Years, 9 Months",0,34558.9,1,0.16,0.97,0.87,0,1,0,1,0,34558.9,1
5094,15787255,Manfrin,Warehouse Quality Control Specialist - Air Logistics,13/09/1957,30/10/1992,05/07/2022,Blue Collar,Permanent,Full Time,Fixed,Terminated for Cause,Low,Female,65,"29 Years, 8 Months",29,16170.95,3,0.51,0.92,0.55,5,0,1,1,1,24135.75,1
5095,15617166,Ritchie,Accounting Coordinator,15/03/1955,02/03/1989,,White Collar,Permanent,Full Time,Fixed,Active,Medium,Male,68,"33 Years, 9 Months",33,18607.79,3,0.12,0.96,0.51,3,1,0,1,0,32645.25,0
5096,15742442,Udegbulam,Apprentice,11/02/2003,09/05/2022,,Blue Collar,Apprentice,Full Time,Fixed,Active,Medium,Female,20,"0 Years, 7 Months",0,21639.95,4,0.75,0.73,0.87,0,0,1,1,0,21639.95,0
5097,15758692,Kao,Account Manager ,03/01/1955,26/08/1996,,White Collar,Permanent,Full Time,Fixed,Active,High,Female,68,"26 Years, 3 Months",26,21467.5,4,0.42,0.73,0.71,1,1,0,0,0,32041.05,0
5098,15568238,Diaz,Accounts Payable,14/12/1959,28/10/1991,,White Collar,Permanent,Full Time,Fixed,Active,Low,Male,63,"31  Years, 1 Months",31,28772.93,4,0.18,0.53,0.83,5,1,1,1,1,33850.5,0
5099,15730353,Olisaemeka,National Perishable Air Logistics Development Manager Seafood,17/01/1980,28/02/2014,,White Collar,Permanent,Full Time,Flex and Fixed,Active,Medium,Male,43,"8 Years, 9 Months",8,32141.86,3,0.48,0.17,0.82,1,1,0,1,0,34936.8,0
5100,15731555,Ross-Watt,Perishable Warehouse Specialist - Air Logistics,13/09/1957,28/09/2012,29/03/2022,Blue Collar,Permanent,Full Time,Fixed,Terminated for Cause,Medium,Female,65,"9 Years, 6 Months",9,29581.23,1,0.1,0.33,0.76,5,0,0,0,0,35215.75,1
5101,15582404,Miller,Sea Logiscitcs Customer Care Specialist ,19/12/1983,22/08/2013,,Blue Collar,Permanent,Full Time,Fixed,Active,High,Female,39,"9 Years, 3 Months",9,29278.68,4,0.52,0.76,0.44,3,0,0,1,0,33653.65,0
5102,15721462,Shubin,Project Manager,28/05/1984,15/10/2017,,White Collar,Permanent,Full Time,Flex and Fixed,Active,High,Female,38,"5 Years, 2 Months",5,40070.95,3,0.29,0.76,0.77,3,1,1,1,1,42179.95,0
5103,15632899,Nwankwo,Internal Trainer,08/12/1958,07/06/1989,,White Collar,Permanent,Full Time,Fixed,Active,High,Male,64,"33 Years, 6 Months",33,17795.86,1,0.29,0.92,0.55,3,0,0,0,0,31220.81,0
5104,15808526,Cartwright,Aerospace International Logistics Specialist,02/12/1999,01/07/2019,02/05/2020,Blue Collar,Permanent,Full Time,Fixed,Voluntarily Terminated,High,Female,23,"0 Years, 10 Months",0,33887.35,4,0.36,0.82,0.88,0,0,1,1,1,33887.35,1
5105,15694349,Ngozichukwuka,Regional Air logistics Trainer Specialist,13/02/1996,20/03/2013,,White Collar,Permanent,Full Time,Fixed,Active,Low,Male,27,"9 Years, 8 Months",9,28168.42,1,0.57,0.38,0.5,3,0,1,0,1,33937.85,0
5106,15718465,Sadler,Business Development Manager,03/08/1989,17/05/2020,,White Collar,Permanent,Full Time,Flex and Fixed,Active,High,Male,33,"2 Years, 7 Months",2,49955.21,3,0.7,0.49,0.72,8,1,0,1,0,50974.7,0
5107,15682995,Azuka,Inside Sales Executive/ Account Manager,17/07/1971,18/12/2019,,White Collar,Permanent,Full Time,Flex and Fixed,Active,High,Female,51,"3 Years, 0 Months",3,34579.35,3,0.26,0.53,0.8,1,1,0,1,0,37182.1,0
5108,15584776,Shen,Perishable Operational Care Specialist - Air Logistics,02/04/1956,21/02/2002,,Blue Collar,Permanent,Full Time,Fixed,Active,High,Female,66,"20  Years, 9 Months",20,24566.21,2,0.14,0.56,0.59,1,0,0,1,0,34600.3,0
5109,15777772,Whittaker,Account Manager ,25/06/1996,01/01/2017,,White Collar,Permanent,Full Time,Fixed,Active,Medium,Male,26,"5 Years, 11 Months",5,31292.36,2,0.3,0.69,0.98,1,1,1,1,1,35159.95,0
5110,15576156,Abazu,Transport Controller,06/02/1976,13/08/2017,,Blue Collar,Temporary,Full Time,Fixed,Active,Medium,Female,47,"5 Years, 4 Months",5,26233.9,4,0.86,0.62,0.99,1,0,0,1,0,27908.4,0
5111,15646756,Murphy,Senior DevOps Engineer,03/08/1985,01/03/2018,,White Collar,Permanent,Full Time,Flex and Fixed,Active,Medium,Female,37,"4 Years, 9 Months",4,65016.32,2,0.92,0.71,0.76,3,1,1,1,1,69166.3,0
5112,15742886,Ford,Regional Air logistics Trainer Specialist,14/04/2001,12/01/2017,,White Collar,Permanent,Full Time,Fixed,Active,High,Male,21,"5 Years, 11 Months",5,30375.75,3,0.27,0.52,1,2,0,1,0,1,33379.95,0
5113,15586135,Gratwick,Data Engineer,14/04/1956,19/07/2021,,White Collar,Permanent,Full Time,Flex and Fixed,Active,Low,Female,66,"1  Years, 4 Months",1,64960.95,4,0.11,0.2,0.53,1,1,1,1,1,68379.95,0
5114,15616152,Pai,Cloud Service Analyst,08/10/1987,08/04/2020,,White Collar,Permanent,Full Time,Flex and Fixed,Active,Low,Female,35,"2 Years, 8 Months",2,60106.98,3,0.26,0.93,0.61,2,1,0,1,0,61333.65,0
5115,15721460,Lorenzo,Gateway & Procurement Team Leader- Air Logistics,20/08/1962,16/04/1984,01/05/2021,White Collar,Permanent,Full Time,Fixed,Voluntarily Terminated,High,Male,60,"37 Years, 0 Months",37,41578.08,1,0.3,0.74,0.81,8,0,0,0,0,43310.5,1
5116,15727317,Brady,Data Engineer,02/05/1983,09/01/2020,13/02/2022,White Collar,Permanent,Full Time,Flex and Fixed,Terminated for Cause,High,Female,39,"2 Years, 1 Months",2,64136.75,1,0.54,0.78,0.45,5,1,0,1,0,70479.95,1
5117,15649536,Wong,Inside Sales Executive/ Account Manager,05/12/1984,09/06/2016,,White Collar,Permanent,Full Time,Flex and Fixed,Active,Low,Male,38,"6 Years, 6 Months",6,30869.28,4,0.73,0.85,0.79,1,1,0,1,0,36316.8,0
5118,15754929,Douglas,Regional Air logistics Trainer Specialist,08/01/1986,05/11/2017,,White Collar,Permanent,Full Time,Fixed,Active,High,Male,37,"5 Years, 1 Months",5,32049.02,3,0.29,0.79,0.56,2,0,0,0,0,34094.7,0
5119,15572051,Kennedy,Business Analyst,11/10/1965,10/07/1984,,White Collar,Permanent,Full Time,Flex and Fixed,Active,High,Male,57,"38 Years, 5 Months",38,46957.14,1,0.57,0.92,0.91,3,1,1,1,1,50491.55,0
5120,15668142,Chang,National Air Logistics Gateway Trade Lane Specialist,19/10/1991,08/04/2015,,White Collar,Permanent,Full Time,Fixed,Active,Medium,Male,31,"7 Years, 8 Months",7,32927.86,3,0.28,0.58,0.97,2,0,1,1,1,35406.3,0
5121,15701176,Brown,Finance Analyst,26/04/1972,23/05/2012,,White Collar,Permanent,Full Time,Flex and Fixed,Active,Medium,Male,50,"10  Years, 6 Months",10,43001.03,3,0.73,0.68,0.72,3,1,0,1,0,50589.45,0
5122,15708422,Hsiung,National Perishable Air Logistics Development Manager Seafood,14/05/1999,12/03/2021,,White Collar,Permanent,Full Time,Flex and Fixed,Active,High,Female,23,"1  Years, 9 Months",1,32146.97,3,0.29,0.9,0.67,1,1,0,0,0,34198.9,0
5123,15655632,MacDonald,Aerospace International Logistics Specialist,27/10/1980,21/05/2019,,Blue Collar,Permanent,Full Time,Fixed,Active,Low,Male,42,"3 Years, 6 Months",3,34656.3,2,0.93,0.67,0.71,1,0,0,1,0,36868.4,0
5124,15744606,Davidson,Business Development Executive,13/12/1985,24/03/2016,,White Collar,Permanent,Full Time,Flex and Fixed,Active,High,Male,37,"6 Years, 8 Months",6,38350.92,2,0.41,0.79,0.73,2,0,1,0,1,43580.59,0
5125,15612140,Milano,Accounts Payable,09/05/1985,15/02/2014,,White Collar,Permanent,Full Time,Fixed,Active,Medium,Female,37,"8 Years, 10 Months",8,30430.41,4,0.49,0.23,0.48,1,1,1,1,1,35384.2,0
5126,15656086,Bovee,Customer Brokerage Specialist,11/12/1988,19/05/2015,27/03/2016,Blue Collar,Permanent,Full Time,Fixed,Voluntarily Terminated,Low,Male,34,"7  Years, 6 Months",7,34391.35,1,0.3,0.34,0.99,5,1,1,0,1,36979.95,1
5127,15655298,Lewis,Inside Sales Executive/ Account Manager,17/03/1989,20/07/2022,,White Collar,Permanent,Full Time,Flex and Fixed,Active,Medium,Female,33,"0 Years, 4 Months",0,32629.45,2,0.08,0.8,0.75,0,1,1,0,1,32629.45,0
5128,15644796,Dyer,Business Development Executive,07/10/1985,05/03/1994,20/10/2022,White Collar,Permanent,Full Time,Flex and Fixed,Voluntarily Terminated,Medium,Female,37,"28 Years, 7 Months",28,35365.79,3,0.25,0.77,0.84,4,0,1,0,1,40188.4,1
5129,15726250,Hsia,Internal Trainer,26/04/1973,12/06/2012,,White Collar,Permanent,Full Time,Fixed,Active,Low,Female,49,"10  Years, 6 Months",10,28700.86,4,0.59,1,0.91,2,0,1,0,0,35001.05,0
5130,15764432,Hicks,IT System Engineer,27/11/1989,21/08/2022,,White Collar,Permanent,Full Time,Flex and Fixed,Active,Low,Female,33,"0 Years, 3 Months",0,66533.65,3,0.29,0.6,0.92,0,1,0,1,0,66533.65,0
5131,15631721,Millar,Perishable Customer Care Team Leader - Air Logistics,27/11/1971,21/03/2017,,White Collar,Permanent,Full Time,Fixed,Active,Low,Male,51,"5 Years, 8 Months",5,36472.46,3,0.45,0.49,0.54,2,0,1,0,1,40980.29,0
5132,15707479,Fan,Customer Care Specialist-Key Accounts,05/08/1970,11/05/2022,,White Collar,Permanent,Full Time,Fixed,Active,Low,Male,52,"0 Years, 7 Months",0,35617.85,2,0.87,0.91,0.99,0,0,0,1,0,35617.85,0
5133,15579826,Young,Stock Investigator & Analyst,28/08/1981,20/12/2016,,White Collar,Permanent,Full Time,Flex and Fixed,Active,Low,Female,41,"5 Years, 11 Months",5,46418.18,4,0.35,0.97,0.52,2,1,0,1,0,51575.75,0
5134,15668104,Kerr,National Air Logistics Pharma Compliance Specialist,10/05/1991,25/01/2020,,Blue Collar,Permanent,Full Time,Fixed,Active,Low,Male,31,"2 Years, 10 Months",2,29949.61,2,0.37,0.71,0.76,2,0,1,0,1,34033.65,0
5135,15641604,Frolova,Software Engineer,16/07/1991,17/06/2016,12/11/2018,White Collar,Permanent,Full Time,Flex and Fixed,Voluntarily Terminated,Medium,Female,31,"2 Years, 4 Months",2,61847.01,2,0.56,0.62,0.91,5,1,0,1,0,68718.9,1
5136,15587240,Vasilyev,Accounts Payable,26/05/2001,04/08/2022,,White Collar,Permanent,Full Time,Fixed,Active,Low,Male,21,"0 Years, 4 Months",0,33276.8,3,0.29,0.61,0.92,0,1,1,0,1,33276.8,0
5137,15680767,Sabbatini,Accounts Payable,09/01/1968,17/10/1985,,White Collar,Permanent,Full Time,Fixed,Active,Medium,Female,55,"37 Years, 2 Months",37,35306.76,2,0.21,0.21,0.6,2,1,1,1,1,37560.38,0
5138,15601594,Ifeanacho,Revenue Care Specialist- Air Logistics,17/01/1991,27/02/2018,13/10/2019,White Collar,Permanent,Full Time,Fixed,Voluntarily Terminated,Low,Female,32,"1 Years, 7 Months",1,43905.25,2,0.27,0.64,0.97,0,1,0,1,0,43905.25,1
5139,15589969,Capon,Revenue Care Specialist- Air Logistics,20/11/1971,20/01/2018,,White Collar,Permanent,Full Time,Fixed,Active,Low,Male,51,"4 Years, 10 Months",4,37097.06,4,0.24,0.61,0.65,1,1,1,0,1,42155.75,0
5140,15703728,Chieloka,Business Development Executive,06/02/1992,29/03/2013,24/05/2015,White Collar,Permanent,Full Time,Flex and Fixed,Voluntarily Terminated,High,Male,31,"2 Years, 1 Months",2,37934.47,2,0.29,0.58,0.75,8,0,0,1,0,43107.35,1
5141,15617790,Hanson,Business Development Executive,22/11/1978,04/03/2022,,White Collar,Permanent,Full Time,Flex and Fixed,Active,Medium,Female,44,"0 Years, 9 Months",0,42787.35,1,0.17,0.41,0.9,0,0,0,0,0,42787.35,0
5142,15662500,Ts'ao,Finance Analyst,14/01/1981,17/11/2016,,White Collar,Permanent,Full Time,Flex and Fixed,Active,Low,Male,42,"6 Years, 1 Months",6,45863.43,3,0.97,0.98,0.73,1,1,0,1,0,49851.55,0
5143,15778526,Bradshaw,Cloud Service Analyst,20/04/1983,11/04/2015,,White Collar,Permanent,Full Time,Flex and Fixed,Active,Medium,Female,39,"7 Years, 8 Months",7,55183.23,3,0.71,0.5,0.88,1,1,0,0,0,61314.7,0
5144,15670584,Nkemakolam,Technical Support Engineer,12/02/1985,07/11/1984,03/10/2022,White Collar,Permanent,Full Time,Flex and Fixed,Voluntarily Terminated,High,Male,38,"37 Years, 10 Months",37,55050.82,3,0.3,0.98,0.61,7,1,1,1,1,59837.85,1
5145,15748069,Clunie,Perishable Apprentice- Air Logistics,27/07/2001,27/01/2022,,Blue Collar,Apprentice,Full Time,Fixed,Active,Medium,Female,21,"0 Years, 10 Months",0,23087.35,1,0.45,0.4,0.85,0,0,1,1,1,23087.35,0
5146,15680597,Cover,IT System Engineer,30/08/1961,13/10/2004,,White Collar,Permanent,Full Time,Flex and Fixed,Active,High,Male,61,"18 Years, 2 Months",18,64194.66,1,0.27,0.63,0.92,1,1,1,1,1,69776.8,0
5147,15628992,Esposito,BI Developer,23/05/1973,23/12/2018,,White Collar,Permanent,Full Time,Flex and Fixed,Active,Medium,Male,49,"3 Years, 11 Months",3,56120.46,4,0.29,0.75,0.53,1,1,0,0,0,61000.5,0
5148,15719624,Hodgson,Accountant,18/05/1978,19/05/2018,,White Collar,Permanent,Full Time,Fixed,Active,Low,Female,44,"4 Years, 6 Months",4,34692.34,4,0.27,0.82,0.84,2,1,0,1,0,36137.85,0
5149,15812767,Harvey,Inside Sales Executive/ Account Manager,08/12/1978,11/03/2019,,White Collar,Permanent,Full Time,Flex and Fixed,Active,Medium,Male,44,"3 Years, 9 Months",3,33639.74,2,0.28,0.55,0.62,3,1,1,1,1,34680.14,0
5150,15689201,Dobie,Inside Sales Executive/ Account Manager,15/01/1957,25/01/2018,,White Collar,Permanent,Full Time,Flex and Fixed,Active,Low,Female,66,"4 Years, 10 Months",4,32865.12,3,0.98,0.44,0.36,1,1,1,0,1,36516.8,0
5151,15614716,Okwudilichukwu,Transport Controller,09/07/2002,09/04/2022,,Blue Collar,Temporary,Full Time,Fixed,Active,High,Female,20,"0 Years, 8 Months",0,24473.65,4,0.29,0.92,0.88,0,0,1,1,1,24473.65,0
5152,15683618,Dyer,Inventory Clerk,30/10/2001,29/05/2015,,Blue Collar,Temporary,Full Time,Fixed,Active,Medium,Female,21,"7 Years, 6 Months",7,26113.38,3,0.49,0.57,0.56,3,0,1,1,1,28078.9,0
5153,15799631,Chase,National Service Excellence Specialist- Air Logistics,20/09/1961,24/07/2007,,White Collar,Permanent,Full Time,Flex and Fixed,Active,Low,Male,61,"15 Years, 4 Months",15,32348.97,1,0.5,0.73,0.86,3,0,1,1,0,33349.45,0
5154,15692259,Baresi,Account Manager ,25/08/1992,26/01/2015,,White Collar,Permanent,Full Time,Fixed,Active,Low,Female,30,"7 Years, 10 Months",7,31038.64,3,0.25,0.82,0.92,2,1,0,1,0,34108.4,0
5155,15590966,Lo,National Perishable Air Logistics Development Manager Seafood,13/03/1995,19/04/2015,,White Collar,Permanent,Full Time,Flex and Fixed,Active,High,Female,27,"7 Years, 7 Months",7,31716.5,1,0.5,0.54,0.75,2,1,0,0,0,36455.75,0
5156,15656426,Tyler,Cloud Service Analyst,16/01/1968,21/04/2003,,White Collar,Permanent,Full Time,Flex and Fixed,Active,Medium,Female,55,"19 Years, 7 Months",19,58973.91,1,0.09,0.64,0.95,3,1,0,0,0,60797.85,0
5157,15675256,Ts'ui,Project Coordinator,20/06/1977,05/01/2022,,White Collar,Permanent,Full Time,Fixed,Active,Medium,Male,45,"0 Years, 11 Months",0,37738.9,1,0.29,0.99,0.76,0,0,1,0,0,37738.9,0
5158,15751185,Aparicio,Pricing Manager,01/12/1985,30/04/2013,,White Collar,Permanent,Full Time,Flex and Fixed,Active,Medium,Female,37,"9  Years, 7 Months",9,54698.31,3,0.94,0.19,0.92,2,1,0,1,0,66705.25,0
5159,15789582,Macleod,Stock Investigator & Analyst,30/01/1990,25/11/2014,,White Collar,Permanent,Full Time,Flex and Fixed,Active,High,Male,33,"8 Years, 0 Months",8,41493.36,3,0.21,0.86,0.96,3,1,0,1,0,47151.55,0
5160,15651103,Sal,Transport Controller,28/06/2004,16/07/2021,,Blue Collar,Temporary,Full Time,Fixed,Active,Low,Female,18,"1  Years, 5 Months",1,25092.6,3,0.67,0.65,0.66,0,0,1,1,1,25092.6,0
5161,15672299,Yeh,Customer Servce Administrative Officer,14/12/1978,30/07/2018,,Blue Collar,Permanent,Full Time,Fixed,Active,Medium,Male,44,"4 Years, 4 Months",4,30440.16,4,0.98,0.52,0.81,2,0,1,1,1,32383.15,0
5162,15772250,Udegbunam,Data Analyst,28/04/1974,19/11/2014,,White Collar,Permanent,Full Time,Flex and Fixed,Active,Low,Male,48,"8 Years, 0 Months",8,42974.63,3,0.23,0.85,0.49,1,1,0,0,0,49970.5,0
5163,15763922,Alexandrov,Technical Support Engineer,03/09/1979,20/05/2012,,White Collar,Permanent,Full Time,Flex and Fixed,Active,Medium,Male,43,"10  Years, 6 Months",10,47833.46,3,0.21,0.61,0.64,4,1,0,1,0,59053.65,0
5164,15633870,Ozioma,Sea Logiscitcs Customer Care Specialist ,20/05/1979,27/06/2015,,Blue Collar,Permanent,Full Time,Fixed,Active,High,Female,43,"7 Years, 5 Months",7,30561.92,3,0.97,0.77,0.57,2,0,1,1,1,34729.45,0
5165,15624323,Atkins,Road Logistics Sales Representative,10/03/2004,01/11/2022,,White Collar,Permanent,Full Time,Fixed,Active,High,Male,18,"0 Years, 1 Months",0,31581.05,3,0.15,0.54,0.94,0,0,1,1,1,31581.05,0
5166,15688612,Campos,Recruiter,13/01/1989,02/02/2013,,White Collar,Permanent,Full Time,Fixed,Active,Low,Male,34,"9 Years, 10 Months",9,36317.6,2,0.36,0.76,0.74,3,0,0,0,0,39909.45,0
5167,15694644,Wood,National Service Excellence Specialist- Air Logistics,10/06/1974,08/02/2016,,White Collar,Permanent,Full Time,Flex and Fixed,Active,High,Female,48,"6 Years, 10 Months",6,33280.94,2,0.15,0.79,0.9,5,0,1,1,1,35405.25,0
5168,15587174,Kerr,Pricing Analyst,19/09/1984,01/01/2013,01/01/2015,White Collar,Permanent,Full Time,Flex and Fixed,Voluntarily Terminated,Medium,Male,38,"2 Years, 0 Months",2,48652.35,3,0.16,0.89,0.93,5,1,1,1,1,49645.25,1
5169,15579559,Chienezie,Warehouse Specialist - Air Logistics,10/02/1986,23/09/2014,,Blue Collar,Temporary,Full Time,Fixed,Active,High,Male,37,"8 Years, 2 Months",8,24151.62,4,0.57,0.6,0.8,1,0,1,1,1,27760.48,0
5170,15775430,Tsou,Customer Servce Administrative Officer,14/07/1966,20/09/2007,,Blue Collar,Permanent,Full Time,Fixed,Active,High,Male,56,"15 Years, 2 Months",15,28064.04,2,0.16,0.51,0.58,3,0,0,1,0,32632.6,0
5171,15623695,McKinnon,Customer Care Specialist-Key Accounts,17/10/1960,23/11/2009,,White Collar,Permanent,Full Time,Fixed,Active,Medium,Female,62,"13 Years, 0 Months",13,31146.78,2,0.25,0.2,0.72,1,0,1,1,1,35800.9,0
5172,15760849,Nwachukwu,Finance Analyst,13/11/1958,30/12/1997,,White Collar,Permanent,Full Time,Flex and Fixed,Active,High,Male,64,"24 Years, 11 Months",24,39890.02,3,0.75,0.93,0.6,1,1,1,1,1,51141.05,0
5173,15813095,Nwebube,Accounting Coordinator,15/10/1970,24/05/2013,,White Collar,Permanent,Full Time,Fixed,Active,Medium,Male,52,"9 Years, 6 Months",9,28887.65,3,0.08,0.77,0.54,3,1,0,1,0,33204.2,0
5174,15705281,Burt,Material Handler ,16/09/2004,19/12/2020,,Blue Collar,Temporary,Full Time,Fixed,Active,High,Male,18,"1  Years, 11 Months",1,27141.05,1,0.27,0.8,0.87,0,0,0,1,0,27141.05,0
5175,15812594,Ross,Pricing Analyst,25/05/1969,16/12/2006,,White Collar,Permanent,Full Time,Flex and Fixed,Active,Medium,Male,53,"16  Years, 0 Months",16,42030.58,1,0.59,0.8,0.97,4,1,0,1,0,51256.8,0
5176,15626322,Lees,Analyst Programmer ,15/02/1991,19/03/2022,,White Collar,Permanent,Full Time,Flex and Fixed,Active,Medium,Female,32,"0 Years, 8 Months",0,60554.7,1,0.88,0.62,0.92,0,1,0,1,0,60554.7,0
5177,15723105,Feetham,Gateway & Procurement Team Leader- Air Logistics,06/07/1980,25/10/2020,,White Collar,Permanent,Full Time,Fixed,Active,High,Female,42,"2 Years, 1 Months",2,40695.04,4,0.27,0.79,0.72,2,0,1,1,1,43292.6,0
5178,15588449,Chuang,Business Development Executive,18/05/1969,29/06/1986,17/01/2019,White Collar,Permanent,Full Time,Flex and Fixed,Voluntarily Terminated,Medium,Female,53,"32 Years, 6 Months",32,36459.53,3,0.4,0.88,0.73,6,0,1,0,1,43404.2,1
5179,15794849,Aitken,Road Logistics Sales Representative,14/05/2002,16/05/2019,,White Collar,Permanent,Full Time,Fixed,Active,Low,Male,20,"3 Years, 7 Months",3,32630.26,3,0.26,0.96,0.73,1,0,0,0,0,35086.3,0
5180,15620000,Chambers,Warehouse Apprentice- Air Logistics,16/02/2003,13/08/2022,,Blue Collar,Apprentice,Full Time,Fixed,Active,Low,Male,20,"0 Years, 4 Months",0,23371.55,4,0.29,0.34,0.69,0,0,1,1,1,23371.55,0
5181,15799720,Coburn,Customer Servce Administrative Officer,07/10/1982,02/07/2012,,Blue Collar,Permanent,Full Time,Fixed,Active,Medium,Male,40,"10  Years, 5 Months",10,27806.85,4,0.53,0.34,0.65,4,0,1,0,1,34329.45,0
5182,15711287,Ahmed,Accounts Payable,19/10/1980,28/02/2013,,White Collar,Permanent,Full Time,Fixed,Active,Medium,Female,42,"9 Years, 9 Months",9,28994.82,4,0.57,0.88,0.85,1,1,0,1,0,34111.55,0
5183,15613102,Ogochukwu,Transport Controller,21/05/1959,09/07/2019,27/01/2022,Blue Collar,Temporary,Full Time,Fixed,Terminated for Cause,Low,Female,63,"2 Years, 6 Months",2,27840.23,4,0.38,0.66,0.61,5,0,1,1,1,28408.4,1
5184,15621440,Soto,National Perishable Air Logistics Development Manager Retail,07/03/1961,28/02/2000,,White Collar,Permanent,Full Time,Flex and Fixed,Active,High,Male,62,"22  Years, 9 Months",22,31326.72,1,0.59,0.55,0.71,1,1,1,0,1,33326.3,0
5185,15677146,Obiajulu,National Service Excellence Specialist- Air Logistics,25/07/1991,03/11/2020,,White Collar,Permanent,Full Time,Flex and Fixed,Active,Low,Female,31,"2 Years, 1 Months",2,32687.34,4,0.2,0.59,0.51,2,0,0,1,0,36727.35,0
5186,15801169,Yegorova,Trucking Specialist - Air Logistics,13/03/2001,26/12/2012,01/04/2017,Blue Collar,Permanent,Full Time,Fixed,Voluntarily Terminated,Low,Female,21,"4 Years, 3 Months",4,30590.99,3,0.3,0.62,0.73,6,0,0,1,1,36417.85,1
5187,15722425,Lucchese,Sea Logistics Pricing Coordinator,23/12/1969,23/11/2010,,White Collar,Permanent,Full Time,Fixed,Active,Medium,Male,53,"12 Years, 0 Months",12,29149,2,0.26,0.78,0.93,3,0,0,1,0,31275.75,0
5188,15682421,Talbot,National Perishable Air Logistics Development Manager Retail,16/07/1980,25/04/2016,01/08/2016,White Collar,Permanent,Full Time,Flex and Fixed,Voluntarily Terminated,High,Female,42,"0 Years, 3 Months",0,32160.68,1,0.27,0.73,0.75,0,1,1,0,1,32160.68,1
5189,15691910,Lu,Data Analyst,04/01/1975,19/05/2013,,White Collar,Permanent,Full Time,Flex and Fixed,Active,High,Male,48,"9 Years, 6 Months",9,39683.11,4,0.2,0.71,0.94,2,1,0,1,0,46143.15,0
5190,15721779,Arnold,National Perishable Air Logistics Development Manager Retail,27/10/1962,31/07/2015,,White Collar,Permanent,Full Time,Flex and Fixed,Active,High,Male,60,"7 Years, 4 Months",7,33304.67,3,0.26,0.97,0.86,1,1,0,0,0,35430.5,0
5191,15579548,Nicholson,Cloud Service Analyst,27/05/1969,05/01/2004,,White Collar,Permanent,Full Time,Flex and Fixed,Active,Low,Male,53,"18 Years, 11 Months",18,57735.68,4,0.2,0.21,0.74,1,1,0,1,0,64871.55,0
5192,15681075,Chukwualuka,Perishable Apprentice- Air Logistics,31/12/2001,22/03/2022,,Blue Collar,Apprentice,Full Time,Fixed,Active,Low,Female,21,"0 Years, 8 Months",0,23207.35,4,0.98,0.52,0.96,0,0,1,1,1,23207.35,0
5193,15607884,Wallace,Software Engineer,22/05/1980,02/06/2020,,White Collar,Permanent,Full Time,Flex and Fixed,Active,Medium,Female,42,"2 Years, 6 Months",2,69579.95,3,0.3,0.73,0.88,1,1,1,1,0,70999.95,0
5194,15767757,Pisano,Technical Support Engineer,02/04/1958,13/01/1996,,White Collar,Permanent,Full Time,Flex and Fixed,Active,High,Female,64,"26 Years, 11 Months",26,39357.83,1,0.29,0.74,0.83,5,1,1,1,1,60550.5,0
5195,15791550,Kelly,Warehouse Quality Control Specialist - Air Logistics,02/09/1960,25/05/1984,,Blue Collar,Permanent,Full Time,Fixed,Active,High,Male,62,"38  Years, 6 Months",38,25224.62,2,0.38,0.26,0.71,1,0,0,0,0,26834.7,0
5196,15658589,Brady,National Air Logistics Pharma Compliance Specialist,21/10/1994,22/01/2020,,Blue Collar,Permanent,Full Time,Fixed,Active,Low,Male,28,"2 Years, 10 Months",2,33786.39,4,0.41,0.52,0.78,1,0,1,1,1,36329.45,0
5197,15670822,Palmer,Perishable Operational Care Specialist - Air Logistics,21/01/1983,26/10/2012,,Blue Collar,Permanent,Full Time,Fixed,Active,High,Female,40,"10  Years, 1 Months",10,29905.16,1,0.46,0.69,0.54,4,0,1,1,1,36919.95,0
5198,15629744,Tan,National Perishable Air Logistics Development Manager Retail,09/11/1994,23/03/2014,,White Collar,Permanent,Full Time,Flex and Fixed,Active,Medium,Female,28,"8 Years, 8 Months",8,32390.47,1,0.46,0.79,0.59,1,1,1,0,1,36807.35,0
5199,15660768,L?,Pricing Analyst,23/11/1958,25/02/2011,,White Collar,Permanent,Full Time,Flex and Fixed,Active,Low,Male,64,"11 Years, 9 Months",11,38989.44,3,0.22,0.93,0.62,1,1,0,0,0,48736.8,0
5200,15726310,Mordvinova,Pricing Analyst,04/03/1990,27/12/2012,,White Collar,Permanent,Full Time,Flex and Fixed,Active,High,Female,33,"9 Years, 11 Months",9,44769.09,1,0.29,0.34,0.87,2,1,0,1,0,49196.8,0
5201,15641298,Corones,Perishable Warehouse Specialist - Air Logistics,20/04/1985,06/11/2011,,Blue Collar,Permanent,Full Time,Fixed,Active,High,Male,37,"11  Years, 1 Months",11,30102.57,4,0.46,0.77,0.52,2,0,0,1,0,32298.9,0
5202,15625675,Clements,Technical Support Engineer,18/12/1970,10/04/2019,,White Collar,Permanent,Full Time,Flex and Fixed,Active,Low,Male,52,"3 Years, 8 Months",3,59554.9,2,0.41,0.36,0.73,1,1,0,1,0,61396.8,0
5203,15713354,Morrice,National Air Logistics Gateway Trade Lane Specialist,18/08/1992,25/03/2015,03/12/2015,White Collar,Permanent,Full Time,Fixed,Voluntarily Terminated,Medium,Female,30,"0 Years, 8 Months",0,35791.55,2,0.12,0.35,0.58,0,0,0,1,1,35791.55,1
5204,15633866,Hsiung,Network Engineer,08/01/1982,01/06/2012,,White Collar,Permanent,Full Time,Flex and Fixed,Active,Low,Male,41,"10  Years, 6 Months",10,55632.74,3,0.13,0.7,0.58,5,1,1,1,1,66229.45,0
5205,15704231,Barrett,Sales Account Manager,13/10/1966,15/02/2019,,White Collar,Permanent,Full Time,Fixed,Active,Medium,Female,56,"3 Years, 10 Months",3,29950.83,4,0.49,0.51,0.49,1,1,1,1,1,35655.75,0
5206,15735400,Kanayochukwu,National Air Logistics Pharma Compliance Specialist,16/08/1998,28/03/2019,,Blue Collar,Permanent,Full Time,Fixed,Active,Low,Male,24,"3 Years, 8 Months",3,31662.49,4,0.43,0.83,0.78,2,0,0,1,0,34415.75,0
5207,15632826,Tardent,Aerospace International Logistics Specialist,23/02/1960,27/03/2001,,Blue Collar,Permanent,Full Time,Fixed,Active,Low,Male,63,"21 Years, 8 Months",21,26872.76,2,0.75,0.89,0.89,1,0,0,1,0,35358.9,0
5208,15751022,Bowhay,Business Analyst,12/09/1974,01/11/2017,,White Collar,Permanent,Full Time,Flex and Fixed,Active,Medium,Female,48,"5 Years, 1 Months",5,41491.52,1,0.28,0.94,0.59,1,1,1,1,1,47149.45,0
5209,15664737,Lei,Business Analyst,30/04/1958,19/03/1986,,White Collar,Permanent,Full Time,Flex and Fixed,Active,Medium,Female,64,"36 Years, 8 Months",36,28498.71,4,0.29,0.8,0.55,3,1,1,1,1,47497.85,0
5210,15681126,Baker,Accounting Coordinator,20/07/1985,25/01/2015,,White Collar,Permanent,Full Time,Fixed,Active,Low,Female,37,"7 Years, 10 Months",7,28667.86,1,0.35,0.74,0.66,2,1,1,1,1,34128.4,0
5211,15738954,Pisano,Senior DevOps Engineer,18/11/1961,03/05/1988,,White Collar,Permanent,Full Time,Flex and Fixed,Active,Low,Male,61,"34 Years, 7 Months",34,66111.14,2,0.27,0.5,0.91,1,1,0,0,0,70934.7,0
5212,15662263,Castillo,Apprentice,28/02/2002,05/08/2022,,Blue Collar,Apprentice,Full Time,Fixed,Active,Medium,Male,21,"0 Years, 4 Months",0,22627.35,2,0.19,0.54,0.84,0,0,1,1,1,22627.35,0
5213,15621611,Gibson,Project Manager,13/05/1975,24/05/2016,20/05/2021,White Collar,Permanent,Full Time,Flex and Fixed,Voluntarily Terminated,Low,Male,47,"4 Years, 11 Months",4,41551.95,2,0.36,0.5,0.54,5,1,1,0,1,44204.2,1
5214,15783752,Lindsay,Sales Account Manager,10/01/1978,16/03/2015,,White Collar,Permanent,Full Time,Fixed,Active,Medium,Male,45,"7 Years, 9 Months",7,27008.18,4,0.12,0.17,0.91,1,1,1,1,1,32152.6,0
5215,15709474,Macnamara,Operations Specialist,30/11/1999,06/03/2016,14/08/2018,Blue Collar,Permanent,Full Time,Fixed,Voluntarily Terminated,High,Female,23,"2 Years, 5 Months",2,34715.66,3,0.28,0.57,0.53,5,0,1,1,1,36931.55,1
5216,15701280,Romano,Customer Care Specialist-Key Accounts,28/06/1958,12/03/1995,02/03/2020,White Collar,Permanent,Full Time,Fixed,Terminated for Cause,Medium,Male,64,"24 Years, 11 Months",24,28078.39,3,0.44,0.8,0.51,5,0,1,0,1,36945.25,1
5217,15671104,Aksakova,National Perishable Air Logistics Development Manager Seafood,20/04/1974,15/02/2018,,White Collar,Permanent,Full Time,Flex and Fixed,Active,Medium,Male,48,"4 Years, 10 Months",4,31973.53,4,0.25,0.45,0.64,1,1,1,1,0,35135.75,0
5218,15796434,Farnsworth,Accounting Coordinator,22/05/1960,10/03/2019,,White Collar,Permanent,Full Time,Fixed,Active,Medium,Male,62,"3 Years, 9 Months",3,30320.85,1,0.1,0.87,0.5,1,1,1,1,1,35256.8,0
5219,15781505,Giordano,Customer Care Specialist-Key Accounts,17/01/1969,31/12/2001,,White Collar,Permanent,Full Time,Fixed,Active,Low,Male,54,"20 Years, 11 Months",20,30996.95,1,0.24,0.98,0.64,2,0,0,1,0,34441.05,0
5220,15625819,Arnold,Trucking Specialist - Air Logistics,04/02/1984,18/10/2018,,Blue Collar,Permanent,Full Time,Fixed,Active,Medium,Female,39,"4 Years, 2 Months",4,29792.48,3,0.16,0.55,0.8,3,0,0,1,0,33474.7,0
5221,15753174,Thompson,Accounting Coordinator,15/02/1978,05/08/2020,14/02/2021,White Collar,Permanent,Full Time,Fixed,Voluntarily Terminated,High,Male,45,"0 Years, 6 Months",0,36334.7,3,0.15,0.53,0.5,0,1,0,1,1,36334.7,1
5222,15654067,Koch,Sea Logistics Pricing Coordinator,05/05/1996,28/07/2019,,White Collar,Permanent,Full Time,Fixed,Active,High,Female,26,"3 Years, 4 Months",3,28057.47,4,0.29,0.75,0.48,2,0,0,1,0,31525.25,0
5223,15724719,Jones,Gateway & Procurement Specialist - Air Logistics,11/06/1998,20/01/2014,,Blue Collar,Permanent,Full Time,Fixed,Active,Low,Female,24,"8 Years, 10 Months",8,32744.23,1,0.85,0.96,0.59,3,0,0,1,0,35591.55,0
5224,15624695,Otitodilinna,National Perishable Air Logistics Development Manager Retail,09/05/1966,13/03/2018,,White Collar,Permanent,Full Time,Flex and Fixed,Active,Low,Female,56,"4 Years, 9 Months",4,37375.75,3,0.27,0.71,0.97,0,1,1,0,0,37375.75,0
5225,15718216,Fleetwood-Smith,Perishable Warehouse Specialist - Air Logistics,02/02/1979,18/01/2015,,Blue Collar,Permanent,Full Time,Fixed,Active,Low,Male,44,"7 Years, 11 Months",7,29331.45,1,0.67,0.7,0.63,2,0,0,1,0,32590.5,0
5226,15586300,Chinonyelum,Finance Analyst,23/04/1985,16/07/2018,,White Collar,Permanent,Full Time,Flex and Fixed,Active,Low,Male,37,"4 Years, 5 Months",4,46994.34,4,0.23,0.33,0.94,1,1,1,1,1,50531.55,0
5227,15783349,Montague,Business Development Executive,13/06/1973,25/01/2022,,White Collar,Permanent,Full Time,Flex and Fixed,Active,Low,Male,49,"0 Years, 10 Months",0,43710.5,3,0.3,0.93,0.94,0,0,1,1,1,43710.5,0
5228,15725767,Milani,Perishable Operational Care Specialist - Air Logistics,22/08/1982,21/10/2016,,Blue Collar,Permanent,Full Time,Fixed,Active,Medium,Male,40,"6 Years, 1 Months",6,28281.31,2,1,0.64,0.65,1,0,0,1,0,32137.85,0
5229,15791925,Palermo,National Air Logistics Pharma Compliance Specialist,22/03/1965,25/09/1997,,Blue Collar,Permanent,Full Time,Fixed,Active,High,Male,57,"25 Years, 2 Months",25,30244.72,4,0.29,0.27,0.45,2,0,1,0,1,32874.7,0
5230,15793585,Anderson,Accounts Payable,20/07/1998,02/08/2018,,White Collar,Permanent,Full Time,Fixed,Active,Medium,Male,24,"4 Years, 4 Months",4,31142.35,4,0.3,0.99,0.99,2,1,1,1,1,32439.95,0
5231,15576641,Crawford,Pricing Analyst,06/06/1992,25/06/2015,,White Collar,Permanent,Full Time,Flex and Fixed,Active,Low,Male,30,"7 Years, 5 Months",7,43442.99,3,0.26,0.81,0.62,3,1,1,1,1,51717.85,0
5232,15749519,Lin,Data Engineer,24/12/1985,13/10/2012,24/11/2022,White Collar,Permanent,Full Time,Flex and Fixed,Voluntarily Terminated,High,Male,37,"10  Years, 2 Months",10,60263.36,2,0.37,0.6,0.91,8,1,0,1,0,71742.1,1
5233,15684960,Yewen,National Air Logistics Pharma Compliance Specialist,30/03/1999,05/03/2017,22/05/2020,Blue Collar,Permanent,Full Time,Fixed,Voluntarily Terminated,Medium,Female,23,"3 Years, 2 Months",3,34379.98,3,0.08,0.32,0.4,6,0,0,1,0,36189.45,1
5234,15591286,Simmons,Sales Specialist-Air Logitics ,14/11/2001,28/03/2018,01/02/2021,Blue Collar,Permanent,Full Time,Fixed,Voluntarily Terminated,Low,Female,21,"2 Years, 10 Months",2,29864.84,1,0.25,0.48,0.68,5,0,1,1,1,33183.15,1
5235,15668323,Mbadiwe,Gateway & Procurement Specialist - Air Logistics,27/12/1995,25/07/2012,01/09/2016,Blue Collar,Permanent,Full Time,Fixed,Voluntarily Terminated,Medium,Female,27,"10  Years, 4 Months",10,27350.66,1,0.46,0.87,0.51,6,0,0,1,0,32952.6,1
5236,15608528,Munro,IT System Engineer,06/10/1990,23/05/2017,13/09/2020,White Collar,Permanent,Full Time,Flex and Fixed,Voluntarily Terminated,Medium,Female,32,"3 Years, 3 Months",3,63284.04,3,0.17,0.91,0.79,5,1,1,1,1,68047.35,1
5237,15645184,Graham,Cloud Service Analyst,13/04/1985,18/05/2022,,White Collar,Permanent,Full Time,Flex and Fixed,Active,Medium,Male,37,"0 Years, 7 Months",0,60925.25,1,0.45,0.24,0.89,0,1,0,1,0,60925.25,0
5238,15702566,Lombardo,Perishable Operational Care Specialist - Air Logistics,30/11/1971,02/10/2014,,Blue Collar,Permanent,Full Time,Fixed,Active,Low,Male,51,"8 Years, 2 Months",8,29555.92,3,0.4,0.66,0.56,1,0,1,1,1,34367.35,0
5239,15660840,Kalinin,Business Development Executive,13/10/1961,06/05/2009,,White Collar,Permanent,Full Time,Flex and Fixed,Active,Medium,Male,61,"13 Years, 7 Months",13,41223.95,4,0.15,0.94,0.59,3,0,0,1,0,42065.25,0
5240,15750811,Woodward,National Air Logistics Pharma Compliance Specialist,10/07/1999,17/03/2021,,Blue Collar,Permanent,Full Time,Fixed,Active,Medium,Male,23,"1  Years, 9 Months",1,33469.63,3,0.75,0.93,0.97,1,0,0,0,0,34864.2,0
5241,15733842,Pirozzi,Business Development Manager,13/04/1956,16/12/2004,,White Collar,Permanent,Full Time,Flex and Fixed,Active,Medium,Female,66,"18 Years, 0 Months",18,43880.77,4,0.2,0.19,0.55,3,1,0,1,0,52868.4,0
5242,15581526,Iweobiegbulam,Aerospace International Logistics Specialist,09/05/1996,29/10/2019,,Blue Collar,Permanent,Full Time,Fixed,Active,High,Male,26,"3 Years, 1 Months",3,35153.82,2,0.3,0.88,0.45,1,0,0,0,0,36241.05,0
5243,15662751,Piazza,Material Handler ,25/06/2002,30/10/2021,11/03/2022,Blue Collar,Temporary,Full Time,Fixed,Voluntarily Terminated,Medium,Female,20,"1  Years, 1 Months",1,23305.04,3,0.12,0.76,0.47,7,0,1,1,1,24792.6,1
5244,15684319,Baranova,Warehouse Specialist - Air Logistics,20/03/1984,19/08/2014,19/09/2015,Blue Collar,Temporary,Full Time,Fixed,Voluntarily Terminated,Medium,Female,38,"1 Years, 1 Months",1,27642.1,3,0.38,0.67,0.64,0,0,0,1,0,27642.1,1
5245,15702190,Fan,Java Software Engineer ,19/01/1958,05/02/1990,,White Collar,Permanent,Full Time,Flex and Fixed,Active,High,Male,65,"32 Years, 10 Months",32,67415.73,2,0.18,0.54,0.5,1,1,1,1,1,69500.75,0
5246,15588517,Sun,Project Manager,23/01/1987,23/12/2020,,White Collar,Permanent,Full Time,Flex and Fixed,Active,High,Male,36,"1  Years, 11 Months",1,41051.55,4,0.18,0.53,0.95,0,1,1,1,1,41051.55,0
5247,15801863,Marino,Perishable Warehouse Specialist - Air Logistics,04/03/1981,08/07/2015,,Blue Collar,Permanent,Full Time,Fixed,Active,High,Female,42,"7 Years, 5 Months",7,28151.84,1,0.6,0.67,0.92,1,0,1,1,1,32734.7,0
5248,15584271,Donaldson,Sea Logistics Pricing Coordinator,24/01/1998,13/09/2016,,White Collar,Permanent,Full Time,Fixed,Active,High,Male,25,"6 Years, 3 Months",6,30885.39,1,0.82,0.5,0.38,1,0,1,1,1,32856.8,0
5249,15700366,Burton,Human Resoruces Coordinator,15/06/2001,18/09/2019,,White Collar,Permanent,Full Time,Fixed,Active,High,Male,21,"3 Years, 3 Months",3,32115.15,4,0.53,0.49,0.76,2,0,1,1,1,33108.4,0
5250,15804038,Quinn,IT-Support,20/09/1962,11/11/2015,03/06/2018,White Collar,Permanent,Full Time,Fixed,Voluntarily Terminated,Low,Male,60,"2 Years, 6 Months",2,39823.15,3,0.28,0.6,0.71,0,0,1,0,1,39823.15,1
5251,15720820,Sabbatini,National Air Logistics Pharma Compliance Specialist,28/12/1991,17/06/2015,,Blue Collar,Permanent,Full Time,Fixed,Active,Medium,Female,31,"7 Years, 6 Months",7,30231.84,1,0.69,0.86,0.71,1,0,1,0,1,32507.35,0
5252,15743759,Brooks,Warehouse Specialist - Air Logistics,06/06/1985,08/06/1996,,Blue Collar,Temporary,Full Time,Fixed,Active,Medium,Male,37,"26 Years, 6 Months",26,26646.98,4,0.21,0.5,0.5,1,0,1,1,1,28049.45,0
5253,15749947,Black,Analyst Programmer ,25/02/1988,06/05/2019,,White Collar,Permanent,Full Time,Flex and Fixed,Active,Low,Female,35,"3 Years, 7 Months",3,59500.38,2,0.3,0.82,0.6,1,1,1,1,1,63978.9,0
5254,15670496,Schwartz,Gateway & Procurement Specialist - Air Logistics,10/04/1995,26/03/2015,,Blue Collar,Permanent,Full Time,Fixed,Active,Low,Female,27,"7 Years, 8 Months",7,31614.09,4,0.43,0.95,0.78,2,0,0,0,0,33993.65,0
5255,15746664,Ts'ui,National Service Excellence Specialist- Air Logistics,21/12/1979,27/07/2017,,White Collar,Permanent,Full Time,Flex and Fixed,Active,High,Male,43,"5 Years, 4 Months",5,31043.7,1,0.36,0.64,0.87,2,0,0,1,0,33743.15,0
5256,15745533,Sargent,Sales Account Manager,07/07/1966,21/10/2000,21/07/2015,White Collar,Permanent,Full Time,Fixed,Voluntarily Terminated,Medium,Female,56,"14 Years, 9 Months",14,27124.9,3,0.53,0.91,0.5,5,1,0,1,0,32291.55,1
5257,15761497,Udinesi,Trucking Specialist - Air Logistics,04/01/1976,22/05/2012,28/01/2019,Blue Collar,Permanent,Full Time,Fixed,Voluntarily Terminated,High,Female,47,"10  Years, 6 Months",10,31760.51,4,0.41,0.79,0.75,5,0,0,0,0,35289.45,1
5258,15628600,Lee,Data Engineer,13/01/1988,01/05/2018,,White Collar,Permanent,Full Time,Flex and Fixed,Active,Medium,Female,35,"4 Years, 7 Months",4,65595.95,3,0.13,0.83,0.56,1,1,1,1,0,71299.95,0
5259,15627002,Taylor,Account Manager ,04/12/1977,14/05/2012,,White Collar,Permanent,Full Time,Fixed,Active,High,Male,45,"10  Years, 7 Months",10,26406.58,4,0.12,0.66,0.6,5,1,1,1,1,32203.15,0
5260,15614635,Kepley,Customer Brokerage Specialist,07/02/1956,11/06/2000,,Blue Collar,Permanent,Full Time,Fixed,Active,Medium,Male,67,"22 Years, 6 Months",22,25703.49,4,0.39,0.92,0.8,3,1,1,0,1,36202.1,0
5261,15731281,Ozuluonye,Pricing Analyst,15/02/1963,23/04/1997,,White Collar,Permanent,Full Time,Flex and Fixed,Active,High,Female,60,"25 Years, 7 Months",25,38157.93,3,0.24,0.59,0.47,5,1,1,1,1,49555.75,0
5262,15814022,Lassetter,Network Engineer,27/04/1974,26/02/2012,,White Collar,Permanent,Full Time,Flex and Fixed,Active,High,Female,48,"10  Years, 9 Months",10,56528.74,3,0.54,0.6,0.83,4,1,0,1,0,70660.93,0
5263,15659194,Mishina,National Perishable Air Logistics Development Manager Retail,01/11/1956,22/08/1995,,White Collar,Permanent,Full Time,Flex and Fixed,Active,High,Male,66,"27 Years, 3 Months",27,31993.69,2,0.67,0.68,0.97,1,1,1,1,1,34775.75,0
5264,15745030,Trevisano,Operations Specialist,02/10/1999,18/04/2019,,Blue Collar,Permanent,Full Time,Fixed,Active,Medium,Male,23,"3 Years, 8 Months",3,28846.4,2,0.55,0.58,0.73,1,0,0,1,0,32051.55,0
5265,15691817,Iloerika,Operations Specialist,07/07/1975,19/04/2018,13/09/2019,Blue Collar,Permanent,Full Time,Fixed,Voluntarily Terminated,Low,Female,47,"1 Years, 4 Months",1,33668.93,1,0.36,0.93,0.77,6,0,0,0,0,36203.15,1
5266,15707488,Tan,Perishable Apprentice- Air Logistics,19/07/2001,01/04/2022,,Blue Collar,Apprentice,Full Time,Fixed,Active,Low,Female,21,"0 Years, 8 Months",0,22457.85,1,0.76,0.66,0.5,0,0,0,1,0,22457.85,0
5267,15784700,Chikelu,Customer Care Specialist-Key Accounts,09/08/1961,28/10/1993,,White Collar,Permanent,Full Time,Fixed,Active,Low,Male,61,"29 Years, 1 Months",29,30619.39,3,0.45,0.8,0.99,8,0,1,1,1,35194.7,0
5268,15710397,Lin,Perishable Operational Care Specialist - Air Logistics,28/10/1975,20/02/2021,,Blue Collar,Permanent,Full Time,Fixed,Active,Low,Male,47,"1  Years, 9 Months",1,32965.28,4,0.49,0.28,0.79,1,0,0,1,0,35069.45,0
5269,15687648,Nicholson,Analyst Programmer ,17/09/1985,19/04/2019,,White Collar,Permanent,Full Time,Flex and Fixed,Active,Medium,Male,37,"3 Years, 7 Months",3,54628.64,4,0.26,0.84,0.59,3,1,0,0,0,61380.49,0
5270,15732281,Ugoji,Finance Analyst,10/05/1985,06/12/2005,31/10/2015,White Collar,Permanent,Full Time,Flex and Fixed,Voluntarily Terminated,Medium,Male,37,"17  Years, 0 Months",17,41034.42,3,0.27,0.86,0.58,7,1,0,1,0,48850.5,1
5271,15607230,Michel,Recruiter,06/10/1965,06/06/2011,,White Collar,Permanent,Full Time,Fixed,Active,Medium,Male,57,"11  Years, 6 Months",11,37153.98,4,0.14,0.46,0.45,1,0,1,1,1,39109.45,0
5272,15567630,Bruce,Business Development Manager,01/03/1958,09/12/2007,18/02/2014,White Collar,Permanent,Full Time,Flex and Fixed,Voluntarily Terminated,High,Male,65,"15  Years, 0 Months",15,42020.21,3,0.1,0.32,0.92,6,1,0,1,0,51876.8,1
5273,15587507,Feng,Road Logistics Sales Representative,02/01/2003,18/05/2020,01/12/2020,White Collar,Permanent,Full Time,Fixed,Voluntarily Terminated,Low,Male,20,"0 Years, 6 Months",0,33053.65,3,0.16,0.8,0.76,0,0,0,1,0,33053.65,1
5274,15733904,McDonald,Road Logistics Sales Representative,10/10/2001,07/04/2012,,White Collar,Permanent,Full Time,Fixed,Active,Low,Male,21,"10 Years, 8 Months",10,33225.51,4,0.58,0.13,0.63,1,0,0,1,0,36511.55,0
5275,15709511,Watt,National Service Excellence Specialist- Air Logistics,04/07/1972,12/08/2018,,White Collar,Permanent,Full Time,Flex and Fixed,Active,Low,Male,50,"4 Years, 4 Months",4,34935.89,4,0.98,0.95,0.73,3,0,0,1,0,36391.55,0
5276,15579616,Goodwin,National Perishable Air Logistics Development Manager Seafood,21/01/1994,06/04/2016,,White Collar,Permanent,Full Time,Flex and Fixed,Active,High,Female,29,"6 Years, 8 Months",6,33273.42,4,0.08,0.93,0.88,1,1,1,0,1,36564.2,0
5277,15694852,Arcuri,Operations Specialist,17/12/1961,20/10/1998,,Blue Collar,Permanent,Full Time,Fixed,Active,Medium,Male,61,"24 Years, 1 Months",24,30933.5,4,0.17,0.86,0.81,1,0,1,1,1,35555.75,0
5278,15589924,Rapuluolisa,Operations Specialist,28/05/2001,04/02/2012,,Blue Collar,Permanent,Full Time,Fixed,Active,High,Female,21,"10  Years, 10 Months",10,29033.93,4,0.27,0.67,0.93,3,0,1,1,1,34564.2,0
5279,15799300,Kao,BI Developer,04/01/1969,09/05/2013,25/04/2015,White Collar,Permanent,Full Time,Flex and Fixed,Voluntarily Terminated,Medium,Male,54,"9  Years, 7 Months",9,59977.92,2,0.44,0.73,0.6,6,1,0,1,0,63806.3,1
5280,15731330,Tsui,Gateway & Procurement Specialist - Air Logistics,29/04/1985,18/04/1997,,Blue Collar,Permanent,Full Time,Fixed,Active,Low,Female,37,"25 Years, 8 Months",25,32478.46,1,0.81,0.62,0.92,1,0,1,1,1,34551.55,0
5281,15694129,Summers,Senior DevOps Engineer,28/02/1978,30/05/2011,13/10/2017,White Collar,Permanent,Full Time,Flex and Fixed,Voluntarily Terminated,Medium,Female,45,"6 Years, 4 Months",6,66030.47,2,0.14,0.53,0.81,6,1,0,1,0,71000.5,1
5282,15620372,Cross,Data Engineer,09/04/1977,08/07/2013,,White Collar,Permanent,Full Time,Flex and Fixed,Active,High,Male,45,"9 Years, 5 Months",9,61878.29,1,0.09,0.68,0.68,2,1,0,0,0,68753.65,0
5283,15744622,Osorio,Sales Account Manager,24/11/1959,06/11/1990,,White Collar,Permanent,Full Time,Fixed,Active,Medium,Male,63,"32 Years, 1 Months",32,28590.37,4,0.46,0.69,0.55,4,1,0,1,0,34866.3,0
5284,15799815,Bobrov,Customer Care Specialist-Key Accounts,26/02/1996,26/02/2012,,White Collar,Permanent,Full Time,Fixed,Active,High,Female,27,"10  Years, 9 Months",10,29191.56,3,0.91,0.66,0.92,1,0,1,0,1,36489.45,0
5285,15759250,Barnett,Operations Specialist,18/05/1992,19/12/2013,,Blue Collar,Permanent,Full Time,Fixed,Active,Low,Male,30,"8 Years, 11 Months",8,28043.61,1,0.16,0.98,0.56,2,0,1,1,0,33385.25,0
5286,15732643,Pike,Business Analyst,09/05/1975,22/05/2021,01/12/2022,White Collar,Permanent,Full Time,Flex and Fixed,Voluntarily Terminated,High,Female,47,"1  Years, 6 Months",1,46093.61,3,0.24,0.57,0.39,5,1,1,1,1,49035.75,1
5287,15690540,Gearheart,Warehouse Quality Control Specialist - Air Logistics,25/11/1982,22/07/2017,,Blue Collar,Permanent,Full Time,Fixed,Active,Low,Female,40,"5 Years, 4 Months",5,24475.67,3,0.94,0.64,0.78,1,0,0,0,0,27500.75,0
5288,15803078,Bruno,Perishable Customer Care Team Leader - Air Logistics,28/05/1963,07/12/2020,,White Collar,Permanent,Full Time,Fixed,Active,Medium,Female,59,"2  Years, 0 Months",2,35256.1,1,0.3,0.71,0.58,2,0,0,1,0,41971.55,0
5289,15652180,Egobudike,Air Export Operations Manager,12/08/1986,30/04/2014,,White Collar,Permanent,Full Time,Fixed,Active,High,Male,36,"8 Years, 7 Months",8,60134.54,2,0.59,0.94,0.7,2,1,1,1,0,68334.7,0
5290,15741195,Okechukwu,Data Analyst,19/06/1960,02/09/2004,,White Collar,Permanent,Full Time,Flex and Fixed,Active,Low,Male,62,"18  Years, 3 Months",18,38746.08,1,0.14,0.8,0.85,5,1,1,1,1,48432.6,0
5291,15743490,Zikoranachidimma,Trucking Specialist - Air Logistics,22/06/1994,16/06/2009,08/07/2017,Blue Collar,Permanent,Full Time,Fixed,Voluntarily Terminated,Medium,Female,28,"8 Years, 0 Months",8,34068.98,3,0.44,0.59,0.94,6,0,0,1,1,36554.7,1
5292,15575510,Milanesi,Operations Specialist,29/08/2000,09/07/2020,,Blue Collar,Permanent,Full Time,Fixed,Active,Medium,Female,22,"2 Years, 5 Months",2,34173.09,2,0.96,0.95,0.7,2,0,1,0,1,34870.5,0
5293,15732610,Ahern,Sales Account Manager,27/03/1984,25/02/2017,,White Collar,Permanent,Full Time,Fixed,Active,Low,Female,38,"5 Years, 9 Months",5,32753.96,4,0.44,1,0.39,3,1,0,1,0,34477.85,0
5294,15602909,Dickson,Sea Logiscitcs Customer Care Specialist ,31/07/1985,25/01/2018,,Blue Collar,Permanent,Full Time,Fixed,Active,Low,Female,37,"4 Years, 10 Months",4,33477.82,4,0.24,0.53,0.59,5,0,1,1,1,35614.7,0
5295,15734058,Anayochukwu,Account Manager ,04/02/2000,03/12/2020,,White Collar,Permanent,Full Time,Fixed,Active,Low,Male,23,"2 Years, 0 Months",2,34762.19,4,0.26,0.35,0.59,2,1,1,1,1,36981.05,0
5296,15801788,McDonald,Aerospace International Logistics Specialist,29/06/1962,14/03/2018,,Blue Collar,Permanent,Full Time,Fixed,Active,Medium,Female,60,"4 Years, 9 Months",4,30567.36,4,0.84,0.73,0.66,1,0,0,1,0,33590.5,0
5297,15702462,Fiorentini,Account Manager ,11/06/1985,14/11/2021,22/03/2022,White Collar,Permanent,Full Time,Fixed,Voluntarily Terminated,Low,Female,37,"1  Years, 1 Months",1,32452.6,2,0.29,0.33,0.63,0,1,1,1,1,32452.6,1
5298,15683416,Russo,Regional Air logistics Trainer Specialist,07/07/1962,05/11/2012,19/12/2013,White Collar,Permanent,Full Time,Fixed,Voluntarily Terminated,High,Male,60,"10  Years, 1 Months",10,30445.56,3,0.27,0.21,0.93,5,0,1,1,1,33828.4,1
5299,15794187,Young,Aerospace International Logistics Specialist,09/06/1999,13/03/2021,,Blue Collar,Permanent,Full Time,Fixed,Active,High,Male,23,"1  Years, 9 Months",1,33201.84,4,0.12,0.21,0.85,1,0,0,1,0,34585.25,0
5300,15792989,Bianchi,Road Logistics Sales Representative,04/01/2002,30/07/2020,,White Collar,Permanent,Full Time,Fixed,Active,High,Female,21,"2 Years, 4 Months",2,29448.56,4,0.29,0.6,0.83,1,0,1,1,1,32361.05,0
5301,15613734,Fallaci,Warehouse Quality Control Specialist - Air Logistics,19/12/1974,11/09/2022,,Blue Collar,Permanent,Full Time,Fixed,Active,Medium,Female,48,"0 Years, 3 Months",0,25679.95,1,0.51,0.94,0.69,0,0,1,1,1,25679.95,0
5302,15606177,Crawford,National Perishable Air Logistics Development Manager Retail,19/06/1986,06/02/2012,,White Collar,Permanent,Full Time,Flex and Fixed,Active,Medium,Male,36,"10  Years, 10 Months",10,32986.4,1,0.23,0.92,0.68,1,1,0,1,0,36651.55,0
5303,15636700,Marsh,Operations Specialist,09/11/1962,29/05/2010,,Blue Collar,Permanent,Full Time,Fixed,Active,High,Male,60,"12 Years, 6 Months",12,29918.02,2,0.85,0.92,0.78,4,0,1,0,1,34788.4,0
5304,15645766,Kosisochukwu,Operations Specialist,10/07/1979,23/04/2012,,Blue Collar,Permanent,Full Time,Fixed,Active,Medium,Male,43,"10  Years, 7 Months",10,31000.41,4,0.28,0.71,0.98,1,0,1,1,1,36905.25,0
5305,15671345,Piccio,Recruiter,22/07/1971,06/08/2014,,White Collar,Permanent,Full Time,Fixed,Active,Low,Female,51,"8 Years, 4 Months",8,32325.93,4,0.3,0.69,0.83,3,0,0,0,0,38030.5,0
5306,15652469,Nevels,Business Development Executive,30/12/1966,13/09/2005,,White Collar,Permanent,Full Time,Flex and Fixed,Active,Low,Male,56,"17 Years, 3 Months",17,38285.53,2,1,0.26,0.51,3,0,0,1,0,41078.9,0
5307,15749638,Kaodilinakachukwu,Warehouse Quality Control Specialist - Air Logistics,21/01/1979,11/08/2014,02/08/2019,Blue Collar,Permanent,Full Time,Fixed,Voluntarily Terminated,Low,Female,44,"4 Years, 11 Months",4,22656.74,1,0.5,0.21,0.78,5,0,1,1,1,25746.3,1
5308,15728706,Amaechi,Apprentice,20/02/2003,16/06/2021,17/03/2022,Blue Collar,Apprentice,Full Time,Fixed,Terminated for Cause,Low,Female,20,"0 Years, 9 Months",0,22910.5,4,0.1,0.36,0.42,0,0,0,1,0,22910.5,1
5309,15735439,P'an,Recruiter,15/12/1986,28/12/2018,,White Collar,Permanent,Full Time,Fixed,Active,High,Female,36,"3 Years, 11 Months",3,37929.47,4,0.28,0.81,0.92,2,0,0,0,0,40350.5,0
5310,15778696,Ikemefuna,National Air Logistics Security Compliance Manager,24/04/1985,06/06/2002,,White Collar,Permanent,Full Time,Flex and Fixed,Active,High,Female,37,"20 Years, 6 Months",20,61441.7,3,0.41,0.54,0.88,1,1,0,1,0,69820.11,0
5311,15624744,Tai,Trucking Team Leader- Air Logistics,11/07/1978,16/10/2007,01/10/2014,White Collar,Permanent,Full Time,Fixed,Voluntarily Terminated,Medium,Male,44,"6 Years, 11 Months",6,38500.64,1,0.22,0.63,0.87,8,0,0,0,0,42308.4,1
5312,15584338,Winn,Perishable Customer Care Team Leader - Air Logistics,14/04/1971,13/10/2015,,White Collar,Permanent,Full Time,Fixed,Active,Medium,Female,51,"7 Years, 2 Months",7,35775.31,1,0.11,0.86,0.75,2,0,0,1,0,41121.05,0
5313,15726178,Hardy,Human Resoruces Coordinator,14/04/1962,12/08/1986,,White Collar,Permanent,Full Time,Fixed,Active,Low,Female,60,"36 Years, 4 Months",36,27374.46,3,0.16,0.8,0.79,3,0,0,1,0,32205.25,0
5314,15794939,Chiu,Apprentice,28/10/2002,18/10/2022,,Blue Collar,Apprentice,Full Time,Fixed,Active,Low,Female,20,"0 Years, 2 Months",0,22597.85,2,0.3,0.55,0.58,0,0,1,1,1,22597.85,0
5315,15788068,Lopez,National Service Excellence Specialist- Air Logistics,04/05/1962,07/03/1998,16/09/2017,White Collar,Permanent,Full Time,Flex and Fixed,Voluntarily Terminated,High,Male,60,"19 Years, 6 Months",19,33597.39,1,0.4,0.18,0.6,5,0,0,1,0,36518.9,1
5316,15572956,Steen,Perishable Operational Care Specialist - Air Logistics,05/06/1959,19/01/1995,,Blue Collar,Permanent,Full Time,Fixed,Active,Medium,Male,63,"27 Years, 10 Months",27,34268.97,4,0.16,0.88,0.98,2,0,1,1,1,36072.6,0
5317,15780386,Ferri,Operations Specialist,30/06/1979,06/04/2020,,Blue Collar,Permanent,Full Time,Fixed,Active,Medium,Male,43,"2 Years, 8 Months",2,32234.82,3,0.3,0.65,0.86,2,0,0,1,0,35037.85,0
5318,15791114,Yegorova,Revenue Care Specialist- Air Logistics,14/07/1961,20/03/2021,,White Collar,Permanent,Full Time,Fixed,Active,Medium,Male,61,"1 Years, 8 Months",1,40798.96,3,0.44,0.99,1,1,1,0,1,0,43403.15,0
5319,15708046,Knowles,Forklift Operator,29/07/2004,06/07/2021,,Blue Collar,Temporary,Full Time,Fixed,Active,Low,Male,18,"1  Years, 5 Months",1,25783.68,4,0.43,0.88,0.93,1,0,0,1,0,27429.45,0
5320,15719779,May,National Perishable Air Logistics Development Manager Retail,02/08/2000,01/12/2014,,White Collar,Permanent,Full Time,Flex and Fixed,Active,Medium,Male,22,"8 Years, 0 Months",8,31146.78,4,0.71,0.67,0.59,1,1,0,1,0,35800.9,0
5321,15591550,Bianchi,National Air Logistics Pharma Compliance Specialist,11/06/1963,09/05/1997,,Blue Collar,Permanent,Full Time,Fixed,Active,Low,Male,59,"25  Years, 7 Months",25,27982.5,1,0.29,0.53,0.59,5,0,0,1,0,34546.3,0
5322,15639368,Pipes,Human Resoruces Coordinator,14/03/1995,31/03/2019,,White Collar,Permanent,Full Time,Fixed,Active,Medium,Male,27,"3 Years, 8 Months",3,34440.09,2,0.17,0.83,0.61,1,0,0,0,0,35505.25,0
5323,15699830,Doherty,Perishable Apprentice- Air Logistics,04/05/2004,04/04/2022,,Blue Collar,Apprentice,Full Time,Fixed,Active,High,Female,18,"0 Years, 8 Months",0,23598.9,3,0.17,0.36,0.71,0,0,1,1,1,23598.9,0
5324,15569264,Yobanna,Gateway & Procurement Team Leader- Air Logistics,21/09/1983,26/03/2016,,White Collar,Permanent,Full Time,Fixed,Active,High,Male,39,"6 Years, 8 Months",6,35846.51,4,0.29,0.62,0.64,2,0,1,1,1,39829.45,0
5325,15595158,Hsu,National Service Excellence Specialist- Air Logistics,08/01/1994,25/04/2015,,White Collar,Permanent,Full Time,Flex and Fixed,Active,Medium,Male,29,"7 Years, 7 Months",7,29260.44,3,0.81,0.72,0.67,2,0,1,1,0,33250.5,0
5326,15599126,Russell,Perishable Apprentice- Air Logistics,16/07/2003,13/10/2022,,Blue Collar,Apprentice,Full Time,Fixed,Active,High,Female,19,"0 Years, 2 Months",0,22986.3,3,0.46,0.79,0.54,0,0,1,1,1,22986.3,0
5327,15650575,Payne,Customer Servce Administrative Officer,21/08/1961,21/02/2002,27/04/2019,Blue Collar,Permanent,Full Time,Fixed,Voluntarily Terminated,Low,Female,61,"17 Years, 2 Months",17,30219.56,4,0.26,1,0.87,7,0,1,1,1,32847.35,1
5328,15641490,Windsor,Perishable Customer Care Team Leader - Air Logistics,31/08/1972,18/04/2017,,White Collar,Permanent,Full Time,Fixed,Active,Medium,Female,50,"5 Years, 8 Months",5,37275.96,3,0.46,0.65,0.52,3,0,0,1,0,39237.85,0
5329,15680234,Bray,Perishable Apprentice- Air Logistics,24/07/2004,12/09/2022,,Blue Collar,Apprentice,Full Time,Fixed,Active,Medium,Male,18,"0 Years, 3 Months",0,23750.5,4,0.58,0.84,0.91,0,0,0,1,0,23750.5,0
5330,15592230,Seleznyov,Java Software Engineer ,11/12/1963,17/09/2010,,White Collar,Permanent,Full Time,Flex and Fixed,Active,High,Male,59,"12 Years, 3 Months",12,66318.14,2,0.53,0.81,0.59,3,1,1,1,1,71156.8,0
5331,15626212,Wark,Account Manager ,06/04/1977,19/07/2014,,White Collar,Permanent,Full Time,Fixed,Active,High,Male,45,"8 Years, 4 Months",8,33365.86,1,0.28,0.59,0.51,1,1,1,1,1,37915.75,0
5332,15700627,Y?,Customer Brokerage Specialist,06/09/1984,08/03/2009,09/03/2018,Blue Collar,Permanent,Full Time,Fixed,Voluntarily Terminated,High,Female,38,"9 Years, 0 Months",9,31657.73,1,0.12,0.78,0.53,5,1,0,1,1,32976.8,1
5333,15782641,Brown,Accounting Coordinator,20/03/1999,10/05/2014,,White Collar,Permanent,Full Time,Fixed,Active,High,Female,23,"8 Years, 7 Months",8,32115.79,3,0.66,0.22,0.52,1,1,0,1,0,36914.7,0
5334,15784445,Huang,Aerospace International Logistics Specialist,03/05/1995,03/07/2018,,Blue Collar,Permanent,Full Time,Fixed,Active,High,Male,27,"4 Years, 5 Months",4,30767.75,3,0.1,0.96,0.98,2,0,0,0,0,34570.5,0
5335,15813681,Zito,Recruiter,15/07/1979,02/10/2017,,White Collar,Permanent,Full Time,Fixed,Active,Low,Male,43,"5 Years, 2 Months",5,36480.39,2,0.28,0.85,0.8,1,0,1,1,1,39652.6,0
5336,15596649,Bailey,Inside Sales Executive/ Account Manager,02/06/1994,31/01/2019,,White Collar,Permanent,Full Time,Flex and Fixed,Active,High,Female,28,"3 Years, 10 Months",3,35513.15,4,0.43,0.12,0.73,2,1,0,1,0,37779.95,0
5337,15700460,Allnutt,Network Engineer,08/03/1978,22/07/2012,,White Collar,Permanent,Full Time,Flex and Fixed,Active,Low,Female,45,"10  Years, 4 Months",10,59520.29,3,0.28,0.6,0.68,2,1,1,0,1,66133.65,0
5338,15724076,Christie,Air Export Operations Manager,28/09/1983,24/12/2020,11/10/2022,White Collar,Permanent,Full Time,Fixed,Voluntarily Terminated,High,Female,39,"1  Years, 11 Months",1,67756,3,0.11,0.93,0.84,8,1,0,0,1,71322.1,1
5339,15784000,Pope,Internal Trainer,18/06/1957,15/05/1999,09/01/2018,White Collar,Permanent,Full Time,Fixed,Voluntarily Terminated,High,Female,65,"18 Years, 7 Months",18,30104.58,3,0.25,0.73,0.86,6,0,0,0,0,32301.05,1
5340,15733966,Johnstone,Network Engineer,06/08/1981,16/06/2013,19/03/2015,White Collar,Permanent,Full Time,Flex and Fixed,Voluntarily Terminated,High,Female,41,"1 Years, 9 Months",1,62634.48,3,0.18,0.7,0.66,7,1,1,1,1,71993.65,1
5341,15612667,Bird,Accounting Coordinator,27/02/2000,09/12/2020,,White Collar,Permanent,Full Time,Fixed,Active,Low,Male,23,"2 Years, 0 Months",2,33177.29,2,0.2,0.18,0.59,1,1,0,1,0,37277.85,0
5342,15654025,Jones,Customer Servce Administrative Officer,12/10/1989,02/07/2021,,Blue Collar,Permanent,Full Time,Fixed,Active,Medium,Female,33,"1  Years, 5 Months",1,35296.8,1,0.24,0.81,0.6,0,0,0,0,0,35296.8,0
5343,15589431,Pedder,Business Development Executive,30/06/1960,04/09/2000,,White Collar,Permanent,Full Time,Flex and Fixed,Active,Medium,Male,62,"22 Years, 3 Months",22,38028.14,4,0.58,0.28,0.9,3,0,1,1,1,43710.5,0
5344,15578238,Calabrese,Sea Logistics Pricing Coordinator,26/07/1996,11/08/2020,,White Collar,Permanent,Full Time,Fixed,Active,High,Male,26,"2 Years, 4 Months",2,30505.42,4,0.12,0.74,0.79,1,0,0,1,0,34275.75,0
5345,15566269,Chialuka,Warehouse Apprentice- Air Logistics,22/11/2002,20/03/2022,,Blue Collar,Apprentice,Full Time,Fixed,Active,High,Male,20,"0 Years, 8 Months",0,21122.1,2,0.47,0.5,0.74,0,0,0,1,0,21122.1,0
5346,15639217,McKenzie,Customer Care Specialist-Key Accounts,29/11/1987,24/10/2015,,White Collar,Permanent,Full Time,Fixed,Active,Medium,Male,35,"7 Years, 1 Months",7,32560.74,2,0.28,0.83,0.85,3,0,0,0,0,35011.55,0
5347,15688644,Holloway,IT System Engineer,31/10/1987,19/10/2021,,White Collar,Permanent,Full Time,Flex and Fixed,Active,Low,Male,35,"1  Years, 1 Months",1,68100.05,3,0.19,0.55,0.66,0,1,0,1,0,68100.05,0
5348,15662426,Tang,Business Development Executive,18/11/1965,16/09/2010,24/04/2014,White Collar,Permanent,Full Time,Flex and Fixed,Voluntarily Terminated,Medium,Male,57,"3 Years, 7 Months",3,38322.3,2,0.3,0.34,0.94,7,0,1,0,1,40768.4,1
5349,15720511,Byrne,Aerospace International Logistics Specialist,23/11/1962,01/09/1989,27/02/2020,Blue Collar,Permanent,Full Time,Fixed,Voluntarily Terminated,High,Male,60,"30 Years, 5 Months",30,29147.45,3,0.08,0.92,0.58,5,0,0,1,0,33122.1,1
5350,15567246,Selwyn,Perishable Customer Care Team Leader - Air Logistics,09/10/1959,24/10/1984,,White Collar,Permanent,Full Time,Fixed,Active,Low,Male,63,"38 Years, 1 Months",38,40680.72,4,0.45,0.59,0.89,2,0,1,1,0,42375.75,0
5351,15647965,Genovese,IT System Engineer,31/05/1991,18/05/2016,16/07/2019,White Collar,Permanent,Full Time,Flex and Fixed,Voluntarily Terminated,Medium,Female,31,"6  Years, 7 Months",6,62333.52,1,0.27,0.45,0.72,5,1,1,1,1,65066.3,1
5352,15679048,Koger,Finance Analyst,09/11/1984,24/11/2016,,White Collar,Permanent,Full Time,Flex and Fixed,Active,Medium,Male,38,"6 Years, 0 Months",6,46874.32,1,0.27,0.76,0.97,3,1,1,1,1,49866.3,0
5353,15675749,Baranov,Regional Air logistics Trainer Specialist,05/05/1984,01/03/2022,,White Collar,Permanent,Full Time,Fixed,Active,Low,Female,38,"0 Years, 9 Months",0,35299.95,2,0.28,0.89,0.69,0,0,1,1,1,35299.95,0
5354,15782181,Greco,Gateway & Procurement Specialist - Air Logistics,08/05/1994,26/08/2014,16/04/2017,Blue Collar,Permanent,Full Time,Fixed,Voluntarily Terminated,High,Male,28,"2 Years, 7 Months",2,33042.49,1,0.3,0.73,0.5,5,0,0,1,0,35915.75,1
5355,15795738,Owens,Perishable Operational Care Specialist - Air Logistics,04/12/1995,22/12/2012,,Blue Collar,Permanent,Full Time,Fixed,Active,Medium,Male,27,"9 Years, 11 Months",9,27240.74,4,0.69,0.65,0.7,3,0,1,1,1,32429.45,0
5356,15773751,Y?,Accounts Payable,18/02/1999,08/05/2021,,White Collar,Permanent,Full Time,Fixed,Active,Medium,Female,24,"1  Years, 7 Months",1,34566.3,4,0.21,0.14,0.96,0,1,0,1,0,34566.3,0
5357,15655436,Kendall,National Perishable Air Logistics Development Manager Retail,27/10/1994,01/10/2017,15/08/2020,White Collar,Permanent,Full Time,Flex and Fixed,Voluntarily Terminated,High,Male,28,"2 Years, 10 Months",2,31651.86,2,0.25,0.3,0.47,5,1,1,1,1,34404.2,1
5358,15691396,Ko,Finance Analyst,30/06/1983,17/10/2016,,White Collar,Permanent,Full Time,Flex and Fixed,Active,Low,Male,39,"6 Years, 2 Months",6,43915.21,2,0.37,0.53,0.82,1,1,1,1,1,51064.2,0
5359,15796958,Tang,Regional Air logistics Trainer Specialist,16/04/1988,18/06/2019,,White Collar,Permanent,Full Time,Fixed,Active,Low,Male,34,"3 Years, 6 Months",3,31457.59,2,0.51,0.66,0.89,2,0,0,1,0,32430.5,0
5360,15801832,Lombardo,Perishable Warehouse Specialist - Air Logistics,13/04/1988,14/06/2016,20/09/2021,Blue Collar,Permanent,Full Time,Fixed,Voluntarily Terminated,High,Male,34,"5 Years, 3 Months",5,30557.9,3,0.3,0.84,0.59,5,0,1,1,1,32508.4,1
5361,15661349,Perkins,Analyst Programmer ,17/08/1972,04/06/2017,,White Collar,Permanent,Full Time,Flex and Fixed,Active,Medium,Male,50,"5 Years, 6 Months",5,55394.71,2,0.3,0.74,0.97,1,1,0,1,0,59564.2,0
5362,15719265,Feng,Customer Care Specialist-Key Accounts,03/11/1974,30/07/2016,,White Collar,Permanent,Full Time,Fixed,Active,Low,Male,48,"6 Years, 4 Months",6,31124.68,2,0.19,0.56,0.4,2,0,0,1,0,34971.55,0
5363,15779985,Lo,Apprentice,26/04/2004,15/10/2022,,Blue Collar,Apprentice,Full Time,Fixed,Active,High,Female,18,"0 Years, 2 Months",0,23396.8,3,0.74,0.42,0.47,0,0,1,1,0,23396.8,0
5364,15663410,Piccio,Customer Brokerage Specialist,06/02/1962,25/09/2010,14/03/2018,Blue Collar,Permanent,Full Time,Fixed,Voluntarily Terminated,Medium,Male,61,"7 Years, 5 Months",7,31266.95,3,0.15,0.29,0.8,8,1,1,1,1,34741.05,1
5365,15704144,Mazzanti,Finance Analyst,13/04/1979,25/02/2017,,White Collar,Permanent,Full Time,Flex and Fixed,Active,Medium,Male,43,"5 Years, 9 Months",5,46304.51,4,0.49,0.54,0.72,2,1,1,0,1,51449.45,0
5366,15774104,Chukwualuka,National Air Logistics Pharma Compliance Specialist,03/12/2000,17/02/2020,,Blue Collar,Permanent,Full Time,Fixed,Active,Medium,Male,22,"2 Years, 10 Months",2,28499.67,4,0.66,0.8,0.52,2,0,1,1,1,32022.1,0
5367,15812230,Elliot,Data Engineer,04/09/1991,14/05/2017,,White Collar,Permanent,Full Time,Flex and Fixed,Active,Low,Female,31,"5 Years, 7 Months",5,60120.63,3,0.75,0.89,0.93,2,1,1,1,1,68318.9,0
5368,15742848,Gratton,National Service Excellence Specialist- Air Logistics,23/12/1981,30/12/2019,,White Collar,Permanent,Full Time,Flex and Fixed,Active,High,Male,41,"2 Years, 11 Months",2,31970.84,2,0.15,0.92,0.58,2,0,1,1,1,36330.5,0
5369,15745326,Carandini,Aerospace International Logistics Specialist,27/05/1994,10/12/2018,31/03/2021,Blue Collar,Permanent,Full Time,Fixed,Voluntarily Terminated,High,Female,28,"2 Years, 3 Months",2,30573.81,4,0.38,0.87,0.68,7,0,0,0,1,34352.6,1
5370,15674541,Robinson,Trucking Specialist - Air Logistics,03/12/1956,30/04/1986,10/09/2014,Blue Collar,Permanent,Full Time,Fixed,Voluntarily Terminated,Low,Male,66,"28 Years, 4 Months",28,32608.08,3,0.29,0.35,0.82,5,0,0,0,0,34689.45,1
5371,15728564,Lo,Gateway & Procurement Specialist - Air Logistics,03/03/1991,08/10/2015,10/06/2021,Blue Collar,Permanent,Full Time,Fixed,Voluntarily Terminated,Medium,Male,32,"5 Years, 8 Months",5,32585.67,3,0.26,0.64,0.61,6,0,1,0,1,36206.3,1
5372,15580701,Ma,Project Coordinator,23/09/1974,11/05/2012,08/11/2019,White Collar,Permanent,Full Time,Fixed,Voluntarily Terminated,Medium,Male,48,"10  Years, 7 Months",10,29205.04,1,0.51,0.83,0.57,4,0,0,1,0,36506.3,1
5373,15688973,Vinogradova,Material Handler ,23/09/2003,06/10/2022,,Blue Collar,Temporary,Full Time,Fixed,Active,Low,Female,19,"0 Years, 2 Months",0,27574.7,1,0.25,0.55,0.6,0,0,1,1,1,27574.7,0
5374,15709412,H?,Accounts Payable,31/08/1960,30/01/1992,,White Collar,Permanent,Full Time,Fixed,Active,High,Male,62,"30 Years, 10 Months",30,30999.97,2,0.74,0.83,0.7,3,1,1,0,1,32631.55,0
5375,15607753,Alexandrova,National Service Excellence Specialist- Air Logistics,31/10/1988,13/06/2019,,White Collar,Permanent,Full Time,Flex and Fixed,Active,Medium,Female,34,"3 Years, 6 Months",3,31401.92,3,0.27,0.58,0.62,1,0,1,0,1,33406.3,0
5376,15705352,Yang,Accounting Coordinator,25/12/1980,28/12/2014,,White Collar,Permanent,Full Time,Fixed,Active,High,Male,42,"7 Years, 11 Months",7,29435.55,4,0.35,0.67,0.97,2,1,1,1,1,33073.65,0
5377,15602500,Maslova,Perishable Customer Care Team Leader - Air Logistics,18/05/1982,24/08/2014,,White Collar,Permanent,Full Time,Fixed,Active,High,Male,40,"8  Years, 3 Months",8,33082.73,4,0.27,0.65,0.57,3,0,1,0,1,39384.2,0
5378,15672437,Buccho,Gateway & Procurement Team Leader- Air Logistics,29/03/1963,18/08/2009,,White Collar,Permanent,Full Time,Fixed,Active,High,Male,59,"13 Years, 4 Months",13,38305.22,1,0.13,0.89,0.95,1,0,1,1,1,42093.65,0
5379,15720968,Young,Network Engineer,28/11/1962,14/02/1988,,White Collar,Permanent,Full Time,Flex and Fixed,Active,Low,Male,60,"34 Years, 10 Months",34,62921.22,4,0.76,0.84,0.5,2,1,0,1,0,69144.2,0
5380,15730796,Barker,Stock Investigator & Analyst,29/09/1970,19/02/2020,,White Collar,Permanent,Full Time,Flex and Fixed,Active,Low,Female,52,"2 Years, 9 Months",2,45956.65,4,0.65,0.5,0.7,1,1,1,1,1,49415.75,0
5381,15768219,Sung,IT System Engineer,23/04/1962,27/04/1985,,White Collar,Permanent,Full Time,Flex and Fixed,Active,High,Male,60,"37  Years, 7 Months",37,67022.99,2,0.72,0.7,0.51,1,1,0,1,0,71301.05,0
5382,15663883,Hansen,Business Analyst,03/11/1971,28/04/2017,,White Collar,Permanent,Full Time,Flex and Fixed,Active,High,Male,51,"5 Years, 7 Months",5,45108.06,4,0.58,0.79,0.83,1,1,1,1,1,49030.5,0
5383,15589296,Brown,Sales Account Manager,31/08/1988,27/11/2018,,White Collar,Permanent,Full Time,Fixed,Active,Medium,Female,34,"4 Years, 0 Months",4,33353.87,4,0.26,0.19,0.72,2,1,1,1,1,36652.6,0
5384,15586425,Lo Duca,Sales Account Manager,26/07/1956,02/06/1983,,White Collar,Permanent,Full Time,Fixed,Active,Medium,Male,66,"39 Years, 6 Months",39,30967.6,1,0.27,0.89,0.5,1,1,1,1,1,33660.43,0
5385,15679813,Ellis,Business Analyst,21/08/1969,06/07/1986,,White Collar,Permanent,Full Time,Flex and Fixed,Active,Medium,Male,53,"36 Years, 5 Months",36,43649.85,4,0.8,0.36,0.6,3,1,0,1,0,49602.1,0
5386,15681410,Korff,BI Developer,29/04/1991,08/12/2006,12/02/2014,White Collar,Permanent,Full Time,Flex and Fixed,Voluntarily Terminated,High,Female,31,"7 Years, 2 Months",7,60059.35,2,0.1,0.62,0.66,6,1,1,0,1,64579.95,1
5387,15668283,Gardiner,Trucking Team Leader- Air Logistics,22/05/1985,09/09/2008,27/08/2018,White Collar,Permanent,Full Time,Fixed,Terminated for Cause,Medium,Male,37,"9 Years, 11 Months",9,35240.95,1,0.26,0.84,0.93,6,0,0,0,1,40977.85,1
5388,15624072,Kiernan,Network Engineer,02/11/1959,21/09/2011,,White Collar,Permanent,Full Time,Flex and Fixed,Active,High,Male,63,"11 Years, 2 Months",11,59593.42,4,0.65,0.65,0.87,1,1,0,1,0,66958.9,0
5389,15669664,Thompson,Human Resoruces Coordinator,23/05/1999,17/07/2019,06/02/2020,White Collar,Permanent,Full Time,Fixed,Voluntarily Terminated,Medium,Male,23,"0 Years, 6 Months",0,31700.85,3,0.3,0.65,0.7,0,0,0,0,1,31700.85,1
5390,15682728,Mathews,National Air Logistics Pharma Compliance Specialist,26/08/1991,22/07/2022,,Blue Collar,Permanent,Full Time,Fixed,Active,High,Female,31,"0 Years, 4 Months",0,36080.84,3,0.39,0.87,0.92,0,0,0,0,0,36080.84,0
5391,15573851,Macrossan,Trucking Team Leader- Air Logistics,15/11/1985,02/09/1983,10/09/2019,White Collar,Permanent,Full Time,Fixed,Voluntarily Terminated,Low,Female,37,"36 Years, 0 Months",36,35104.26,4,0.28,0.66,0.73,6,0,0,0,1,38156.8,1
5392,15733661,Illingworth,Customer Care Specialist-Key Accounts,06/07/1955,27/11/1999,,White Collar,Permanent,Full Time,Fixed,Active,High,Female,67,"23 Years, 0 Months",23,23435.3,3,0.74,0.83,0.9,4,0,0,1,0,33964.2,0
5393,15710012,Bowen,Inside Sales Executive/ Account Manager,26/06/1994,25/04/2016,28/02/2017,White Collar,Permanent,Full Time,Flex and Fixed,Voluntarily Terminated,High,Male,28,"0 Years, 10 Months",0,34007.35,1,0.58,0.89,0.63,0,1,0,1,0,34007.35,1
5394,15763327,Craig,Perishable Warehouse Specialist - Air Logistics,13/08/1995,03/05/2022,,Blue Collar,Permanent,Full Time,Fixed,Active,Low,Male,27,"0 Years, 7 Months",0,34130.5,4,0.65,0.91,0.97,0,0,1,1,0,34130.5,0
5395,15668853,Menhennitt,National Perishable Air Logistics Development Manager Seafood,18/01/1999,25/10/2013,,White Collar,Permanent,Full Time,Flex and Fixed,Active,Low,Female,24,"9 Years, 1 Months",9,30688.07,1,0.28,0.91,0.56,3,1,1,1,1,33723.15,0
5396,15639303,Moore,Perishable Warehouse Specialist - Air Logistics,25/04/2001,06/01/2015,,Blue Collar,Permanent,Full Time,Fixed,Active,Low,Male,21,"7 Years, 11 Months",7,30316.33,3,0.46,0.83,0.5,2,0,1,0,1,35251.55,0
5397,15691011,Shoebridge,National Air Logistics Pharma Compliance Specialist,08/01/1979,26/05/2016,,Blue Collar,Permanent,Full Time,Fixed,Active,Medium,Male,44,"6 Years, 6 Months",6,32144.99,2,0.26,0.87,0.82,2,0,1,1,1,34196.8,0
5398,15638513,Palermo,Inside Sales Executive/ Account Manager,15/11/2000,02/05/2014,,White Collar,Permanent,Full Time,Flex and Fixed,Active,High,Female,22,"8 Years, 7 Months",8,34381.71,3,0.74,0.62,0.79,1,1,0,0,0,37782.1,0
5399,15648933,Reilly,Finance Analyst,28/03/1959,29/12/2003,01/01/2018,White Collar,Permanent,Full Time,Flex and Fixed,Voluntarily Terminated,Low,Male,63,"14 Years, 0 Months",14,47467.98,3,0.42,0.54,1,6,1,1,1,1,50497.85,1
5400,15628904,Bowen,Inventory Clerk,10/12/2004,05/06/2022,,Blue Collar,Temporary,Full Time,Fixed,Active,Medium,Male,18,"0 Years, 6 Months",0,27833.65,4,0.85,0.84,0.53,0,0,1,1,1,27833.65,0
5401,15644788,Fyodorov,Sales Account Manager,18/02/1972,26/05/2018,,White Collar,Permanent,Full Time,Fixed,Active,High,Female,51,"4 Years, 6 Months",4,34873.25,2,0.45,0.33,0.82,2,1,0,1,0,36326.3,0
5402,15598161,Clements,National Service Excellence Specialist- Air Logistics,13/11/1955,05/03/2007,,White Collar,Permanent,Full Time,Flex and Fixed,Active,Low,Male,67,"15 Years, 9 Months",15,25711.26,3,0.93,0.79,0.58,2,0,0,1,0,32963.15,0
5403,15745624,McKenzie,National Perishable Air Logistics Development Manager Retail,04/10/1981,08/07/2020,,White Collar,Permanent,Full Time,Flex and Fixed,Active,Low,Male,41,"2 Years, 5 Months",2,36498.29,3,0.6,0.31,0.41,1,1,0,1,0,37243.15,0
5404,15733169,Craig,Perishable Operational Care Specialist - Air Logistics,14/04/1995,26/10/2017,,Blue Collar,Permanent,Full Time,Fixed,Active,Medium,Male,27,"5 Years, 1 Months",5,32336.96,3,0.82,0.68,0.81,3,0,1,1,1,34038.9,0
5405,15801417,Iloerika,Perishable Warehouse Specialist - Air Logistics,12/08/1985,20/12/1995,,Blue Collar,Permanent,Full Time,Fixed,Active,Low,Male,37,"26 Years, 11 Months",26,28104.757,2,0.47,0.52,0.7,3,0,1,1,1,32679.95,0
5406,15592707,Dolgorukova,Sea Logistics Pricing Coordinator,03/05/1983,05/02/2018,,White Collar,Permanent,Full Time,Fixed,Active,High,Female,39,"4 Years, 10 Months",4,31197.94,2,0.74,0.54,0.64,3,0,1,1,1,32497.85,0
5407,15593954,Eva,Operations Specialist,10/06/1981,24/09/2015,,Blue Collar,Permanent,Full Time,Fixed,Active,High,Female,41,"7 Years, 2 Months",7,30556.23,1,0.29,0.73,0.78,3,0,0,0,0,35122.1,0
5408,15714431,Yeh,Warehouse Specialist - Air Logistics,03/11/1983,13/08/2018,,Blue Collar,Temporary,Full Time,Fixed,Active,High,Male,39,"4 Years, 4 Months",4,22408.07,4,0.75,0.49,0.74,1,0,1,0,1,24094.7,0
5409,15638257,P'an,Gateway & Procurement Specialist - Air Logistics,10/04/1981,20/09/2020,,Blue Collar,Permanent,Full Time,Fixed,Active,Low,Female,41,"2 Years, 2 Months",2,30053.36,1,0.3,0.37,0.67,2,0,1,1,1,34151.55,0
5410,15690939,Howe,Software Engineer,20/12/1975,23/04/2016,,White Collar,Permanent,Full Time,Flex and Fixed,Active,High,Male,47,"6 Years, 7 Months",6,55604.28,3,0.71,0.53,0.84,1,1,1,1,1,65416.8,0
5411,15723613,Jenkins,Human Resoruces Coordinator,26/04/1985,12/07/2006,,White Collar,Permanent,Full Time,Fixed,Active,High,Female,37,"16  Years, 5 Months",16,27982.28,4,0.09,0.58,0.75,2,0,0,1,0,34977.85,0
5412,15813640,Shih,Warehouse Quality Control Specialist - Air Logistics,28/02/1985,14/12/2017,,Blue Collar,Permanent,Full Time,Fixed,Active,Low,Female,38,"5 Years, 0 Months",5,25107.36,3,0.4,0.2,0.51,1,0,0,1,0,27590.5,0
5413,15707322,Nnamdi,Operations Specialist,24/12/1996,28/05/2017,18/02/2020,Blue Collar,Permanent,Full Time,Fixed,Voluntarily Terminated,Low,Female,26,"2 Years, 8 Months",2,30581.97,2,0.4,0.91,0.6,5,0,0,0,1,32191.55,1
5414,15588918,Mitchell,National Perishable Air Logistics Development Manager Seafood,17/10/1986,22/12/2016,,White Collar,Permanent,Full Time,Flex and Fixed,Active,High,Female,36,"5 Years, 11 Months",5,31351,4,0.59,0.53,0.78,1,1,0,1,0,33001.05,0
5415,15600357,Findlay,Operations Specialist,30/03/1984,18/04/2015,,Blue Collar,Permanent,Full Time,Fixed,Active,High,Female,38,"7 Years, 8 Months",7,31024.07,1,0.89,0.99,0.72,2,0,0,1,0,36498.9,0
5416,15747014,Pisani,Aerospace International Logistics Specialist,26/02/1965,05/08/2014,,Blue Collar,Permanent,Full Time,Fixed,Active,Medium,Female,58,"8  Years, 4 Months",8,34211.25,3,0.28,0.97,0.87,1,0,1,0,1,36707.35,0
5417,15809830,Belisario,Accountant,05/09/1985,04/11/2017,,White Collar,Permanent,Full Time,Fixed,Active,Low,Male,37,"5 Years, 1 Months",5,35402.37,4,0.21,0.18,0.93,1,1,1,0,1,37662.1,0
5418,15662245,Pomeroy,IT-Support,29/07/1988,19/11/2017,,White Collar,Permanent,Full Time,Fixed,Active,Medium,Male,34,"5 Years, 0 Months",5,31180.88,1,0.27,0.83,0.93,2,0,1,1,1,35034.7,0
5419,15651075,Ibrahimova,Inside Sales Executive/ Account Manager,31/12/1994,21/12/2019,,White Collar,Permanent,Full Time,Flex and Fixed,Active,Low,Male,28,"2 Years, 11 Months",2,29571.41,2,0.28,0.49,0.47,1,1,1,0,1,33226.3,0
5420,15594456,K?,Business Development Executive,24/01/1989,12/06/2015,24/08/2018,White Collar,Permanent,Full Time,Flex and Fixed,Voluntarily Terminated,Low,Female,34,"3 Years, 2 Months",3,36769.85,2,0.47,0.74,0.93,6,0,1,1,1,42264.2,1
5421,15583462,Graham,Cloud Service Analyst,16/09/1971,19/05/2020,,White Collar,Permanent,Full Time,Flex and Fixed,Active,Medium,Male,51,"2 Years, 6 Months",2,55943.89,4,0.2,0.7,0.6,1,1,1,1,1,61476.8,0
5422,15757661,Trevisano,Transport Controller,22/11/2003,28/03/2021,,Blue Collar,Temporary,Full Time,Fixed,Active,High,Female,19,"1  Years, 8 Months",1,24039.23,4,0.38,0.97,0.91,1,0,0,0,0,25573.65,0
5423,15729117,Trevisano,Accounting Coordinator,10/03/1969,27/01/1996,,White Collar,Permanent,Full Time,Fixed,Active,Low,Female,54,"26 Years, 10 Months",26,26312.49,3,0.2,0.92,0.91,4,1,1,1,1,32088.4,0
5424,15749671,K?,National Air Logistics Gateway Trade Lane Specialist,26/06/1975,17/03/2020,,White Collar,Permanent,Full Time,Fixed,Active,High,Male,47,"2 Years, 9 Months",2,32877.43,1,0.92,0.94,0.7,2,0,1,1,1,33548.4,0
5425,15566253,Manning,Perishable Customer Care Team Leader - Air Logistics,25/02/1978,28/06/2020,17/09/2021,White Collar,Permanent,Full Time,Fixed,Voluntarily Terminated,High,Male,45,"1 Years, 2 Months",1,42246.3,3,0.54,1,0.98,0,0,0,0,0,42246.3,1
5426,15595153,Tucker,IT-Support,15/09/1982,20/12/2020,,White Collar,Permanent,Full Time,Fixed,Active,High,Female,40,"1  Years, 11 Months",1,36157.85,1,0.43,0.5,0.51,0,0,0,0,0,36157.85,0
5427,15698572,Schaffer,Network Engineer,22/03/1961,14/08/2010,,White Collar,Permanent,Full Time,Flex and Fixed,Active,High,Female,61,"12  Years, 4 Months",12,65671.66,2,0.22,0.77,0.89,3,1,0,1,0,70463.15,0
5428,15674149,Esomchi,Account Manager ,10/09/1979,06/10/2013,,White Collar,Permanent,Full Time,Fixed,Active,Medium,Male,43,"9 Years, 2 Months",9,34575.18,2,0.59,0.68,0.71,1,1,1,1,0,37994.7,0
5429,15623082,Ch'ang,Business Analyst,08/09/1965,30/12/2018,,White Collar,Permanent,Full Time,Flex and Fixed,Active,Medium,Female,57,"3 Years, 11 Months",3,42444.1,2,0.98,0.57,0.43,3,1,0,1,0,44212.6,0
5430,15797905,Walker,Perishable Operational Care Specialist - Air Logistics,02/10/1980,14/10/2012,,Blue Collar,Permanent,Full Time,Fixed,Active,High,Female,42,"10  Years, 2 Months",10,33081.06,4,0.38,0.57,0.61,1,0,0,1,0,35494.7,0
5431,15746028,Chu,Finance Analyst,10/12/1969,14/12/1984,,White Collar,Permanent,Full Time,Flex and Fixed,Active,Medium,Female,53,"38 Years, 0 Months",38,45384.08,4,0.27,0.48,0.97,2,1,0,1,0,48280.94,0
5432,15582951,Crawford,Business Development Manager,25/03/1968,17/02/1992,,White Collar,Permanent,Full Time,Flex and Fixed,Active,Low,Female,54,"30 Years, 10 Months",30,50902.5,3,0.2,0.7,0.95,1,1,0,1,0,52476.8,0
5433,15616471,Milne,Road Logistics Sales Representative,13/09/2002,02/02/2021,,White Collar,Permanent,Full Time,Fixed,Active,Low,Male,20,"1  Years, 10 Months",1,30568.96,1,0.29,0.68,0.43,1,0,1,1,0,32177.85,0
5434,15641575,Anenechukwu,BI Developer,31/12/1979,24/10/2013,,White Collar,Permanent,Full Time,Flex and Fixed,Active,Medium,Male,43,"9 Years, 1 Months",9,56863.49,1,0.93,0.62,0.68,2,1,0,1,0,62487.35,0
5435,15638803,Donaldson,Project Coordinator,26/02/1971,18/11/2014,,White Collar,Permanent,Full Time,Fixed,Active,Medium,Female,52,"8 Years, 1 Months",8,28439.71,1,0.94,0.61,0.51,3,0,0,1,0,32317.85,0
5436,15808283,Kelly,Project Coordinator,19/03/1979,23/02/2020,,White Collar,Permanent,Full Time,Fixed,Active,High,Female,43,"2 Years, 9 Months",2,28725.42,1,0.41,0.83,0.77,1,0,0,1,0,32275.75,0
5437,15811200,Ts'ao,Pricing Analyst,04/05/1980,22/07/2016,,White Collar,Permanent,Full Time,Flex and Fixed,Active,High,Female,42,"6 Years, 4 Months",6,46609.15,1,0.24,0.99,0.8,3,1,0,0,0,49584.2,0
5438,15733476,Gonzalez,Warehouse Quality Control Specialist - Air Logistics,17/08/1981,27/09/2018,,Blue Collar,Permanent,Full Time,Fixed,Active,Low,Male,41,"4 Years, 2 Months",4,22119.75,2,0.71,0.58,0.72,1,0,1,1,1,24853.65,0
5439,15633274,Tai,IT System Engineer,15/10/1982,13/01/2018,,White Collar,Permanent,Full Time,Flex and Fixed,Active,Medium,Male,40,"4 Years, 11 Months",4,67266.67,4,0.26,0.93,0.83,9,1,0,1,0,70069.45,0
5440,15582168,Muravyova,Customer Brokerage Specialist,13/06/1959,01/01/1989,,Blue Collar,Permanent,Full Time,Fixed,Active,High,Female,63,"33 Years, 11 Months",33,31029,4,0.68,0.66,0.5,2,1,0,1,0,35260.23,0
5441,15807269,Milanesi,BI Developer,01/10/1958,23/03/2009,04/04/2014,White Collar,Permanent,Full Time,Flex and Fixed,Voluntarily Terminated,Medium,Male,64,"5 Years, 0 Months",5,56811.57,3,0.26,0.52,0.98,5,1,0,0,0,65300.65,1
5442,15602979,Lin,National Perishable Air Logistics Development Manager Retail,23/07/1995,25/04/2017,,White Collar,Permanent,Full Time,Flex and Fixed,Active,Low,Male,27,"5 Years, 7 Months",5,34505,2,0.18,0.5,0.6,2,1,0,1,0,36321.05,0
5443,15660417,Lambert,Network Engineer,12/04/1992,01/01/2020,27/01/2020,White Collar,Permanent,Full Time,Flex and Fixed,Voluntarily Terminated,High,Female,30,"0 Years, 0 Months",0,68260.73,1,0.17,0.16,0.7,0,1,0,0,0,68260.73,1
5444,15590199,Temple,National Service Excellence Specialist- Air Logistics,07/11/1991,09/10/1998,,White Collar,Permanent,Full Time,Flex and Fixed,Active,High,Male,31,"24  Years, 2 Months",24,32250.75,3,0.1,0.62,0.74,2,0,1,0,1,36236.8,0
5445,15641794,Ridley,Perishable Operational Care Specialist - Air Logistics,05/12/1987,25/11/2019,,Blue Collar,Permanent,Full Time,Fixed,Active,Medium,Male,35,"3 Years, 0 Months",3,32572.22,1,0.85,0.49,0.49,1,0,1,0,1,35793.65,0
5446,15779174,Young,IT System Engineer,05/01/1958,13/02/2002,,White Collar,Permanent,Full Time,Flex and Fixed,Active,High,Female,65,"20 Years, 10 Months",20,59500.012,2,0.29,0.56,0.91,3,1,1,1,1,67613.65,0
5447,15785547,Slye,Perishable Warehouse Specialist - Air Logistics,09/12/1989,23/07/2020,,Blue Collar,Permanent,Full Time,Fixed,Active,High,Male,33,"2 Years, 4 Months",2,30066.62,4,0.23,0.96,0.59,1,0,0,1,0,33407.35,0
5448,15795124,Pan,Inside Sales Executive/ Account Manager,10/12/1965,07/06/1983,,White Collar,Permanent,Full Time,Flex and Fixed,Active,High,Male,57,"39 Years, 6 Months",39,32771.67,3,0.98,0.5,0.75,2,1,1,0,1,36822.1,0
5449,15718912,Hsueh,Perishable Apprentice- Air Logistics,24/01/2002,01/10/2009,21/05/2016,Blue Collar,Apprentice,Full Time,Fixed,Voluntarily Terminated,Medium,Female,21,"6 Years, 7 Months",6,22745.94,3,0.26,0.99,0.99,5,0,1,1,1,23743.15,1
5450,15592028,Roberts,Pricing Analyst,31/12/1960,08/10/1999,,White Collar,Permanent,Full Time,Flex and Fixed,Active,Medium,Female,62,"23 Years, 2 Months",23,42535.3,2,0.35,0.54,0.51,3,1,1,1,1,51247.35,0
5451,15580227,Moss,Warehouse Specialist - Air Logistics,28/12/1978,12/09/2014,,Blue Collar,Temporary,Full Time,Fixed,Active,High,Male,44,"8 Years, 3 Months",8,24693.77,3,0.37,0.52,0.9,5,0,0,1,0,26841.05,0
5452,15657830,Andrews,Human Resoruces Coordinator,19/10/1995,04/07/2017,,White Collar,Permanent,Full Time,Fixed,Active,High,Male,27,"5 Years, 5 Months",5,32263.88,1,0.15,0.81,0.99,2,0,0,1,0,36251.55,0
5453,15798256,Takasuka,National Perishable Air Logistics Development Manager Seafood,20/09/1982,26/08/2013,27/07/2022,White Collar,Permanent,Full Time,Flex and Fixed,Voluntarily Terminated,Medium,Female,40,"8 Years, 11 Months",8,34307.96,2,0.41,0.5,0.73,5,1,0,0,1,37701.05,1
5454,15643819,Dawson,Apprentice,08/06/2002,30/06/2022,,Blue Collar,Apprentice,Full Time,Fixed,Active,Low,Female,20,"0 Years, 5 Months",0,23653.65,3,0.45,0.51,0.88,0,0,0,1,0,23653.65,0
5455,15754301,Bruche,Finance Analyst,23/05/1971,22/02/2016,,White Collar,Permanent,Full Time,Flex and Fixed,Active,Medium,Male,51,"6 Years, 9 Months",6,45339.53,3,0.85,0.41,0.47,1,1,0,1,0,49282.1,0
5456,15726855,Oliver,Technical Support Engineer,20/07/1985,02/04/2006,06/02/2013,White Collar,Permanent,Full Time,Flex and Fixed,Voluntarily Terminated,Medium,Female,37,"6 Years, 10 Months",6,53046.61,3,0.21,0.62,0.72,6,1,0,1,0,61682.1,1
5457,15755225,Ryan,Stock Investigator & Analyst,18/03/1961,23/06/2009,,White Collar,Permanent,Full Time,Flex and Fixed,Active,Low,Male,61,"13 Years, 5 Months",13,44979.98,4,0.56,0.56,0.68,3,1,0,1,0,47347.35,0
5458,15725221,Sabbatini,Internal Trainer,13/11/1985,22/12/1987,,White Collar,Permanent,Full Time,Fixed,Active,Low,Male,37,"34 Years, 11 Months",34,32050.94,2,0.13,0.96,0.75,3,0,1,1,1,35220.81,0
5459,15789055,Watt,National Air Logistics Perishable Manager,28/04/1977,10/07/2021,,White Collar,Permanent,Full Time,Flex and Fixed,Active,Low,Male,45,"1  Years, 5 Months",1,67381.05,4,0.96,0.58,0.64,0,1,0,1,0,67381.05,0
5460,15617507,Wilson,Regional Air logistics Trainer Specialist,22/06/1973,06/07/2014,,White Collar,Permanent,Full Time,Fixed,Active,Low,Female,49,"8 Years, 5 Months",8,30312.63,2,0.1,0.66,0.75,2,0,0,1,0,34842.1,0
5461,15668894,Abramova,Internal Trainer,31/12/1962,26/05/1993,,White Collar,Permanent,Full Time,Fixed,Active,Low,Male,60,"29 Years, 6 Months",29,30982.96,4,0.96,0.56,0.75,1,0,1,0,1,35612.6,0
5462,15589563,Purdy,Network Engineer,31/08/1968,28/04/2007,,White Collar,Permanent,Full Time,Flex and Fixed,Active,Low,Male,54,"15 Years, 7 Months",15,57478.75,4,0.43,0.56,0.93,4,1,0,0,0,66835.75,0
5463,15693162,Higgins,Apprentice,19/10/2003,30/05/2022,,Blue Collar,Apprentice,Full Time,Fixed,Active,Low,Female,19,"0 Years, 6 Months",0,23469.45,3,0.58,0.67,0.91,0,0,0,1,0,23469.45,0
5464,15750099,Marshall,Inside Sales Executive/ Account Manager,21/04/1990,30/12/2014,,White Collar,Permanent,Full Time,Flex and Fixed,Active,High,Female,32,"7 Years, 11 Months",7,30826.06,4,0.29,0.72,0.71,2,1,0,0,0,33146.3,0
5465,15795540,Reye,National Air Logistics Pharma Compliance Specialist,25/09/1971,04/09/2021,,Blue Collar,Permanent,Full Time,Fixed,Active,High,Female,51,"1  Years, 3 Months",1,34974.96,4,0.87,0.59,0.79,1,0,1,0,1,36815.75,0
5466,15794941,Chibueze,Sales Account Manager,31/12/1969,02/07/2015,,White Collar,Permanent,Full Time,Fixed,Active,Medium,Female,53,"7 Years, 5 Months",7,30779.58,2,0.73,0.95,0.55,2,1,0,1,0,34976.8,0
5467,15611848,Kwemtochukwu,Regional Air logistics Trainer Specialist,24/02/1971,24/10/2015,,White Collar,Permanent,Full Time,Fixed,Active,High,Male,52,"7 Years, 1 Months",7,30180.54,1,0.82,1,0.93,2,0,1,0,1,35093.65,0
5468,15581237,Biryukova,Warehouse Quality Control Specialist - Air Logistics,14/01/1974,12/03/2014,,Blue Collar,Permanent,Full Time,Fixed,Active,Low,Male,49,"8 Years, 9 Months",8,26067.92,2,0.96,0.56,0.64,1,0,1,1,1,28334.7,0
5469,15738150,Chidozie,Regional Air logistics Trainer Specialist,30/12/1994,27/04/2022,,White Collar,Permanent,Full Time,Fixed,Active,High,Male,28,"0 Years, 7 Months",0,33082.1,3,0.13,0.52,0.49,0,0,1,1,0,33082.1,0
5470,15678571,Barber,Project Manager,30/11/1984,13/11/2016,,White Collar,Permanent,Full Time,Flex and Fixed,Active,High,Male,38,"6 Years, 1 Months",6,37448.51,1,0.35,0.88,0.9,1,1,0,0,0,41609.45,0
5471,15736124,Thompson,Transport Controller,20/09/1991,08/09/2021,,Blue Collar,Temporary,Full Time,Fixed,Active,Low,Male,31,"1  Years, 3 Months",1,27252.6,1,0.55,0.58,0.84,0,0,1,1,1,27252.6,0
5472,15623202,Maslov,IT System Engineer,28/01/1984,31/07/2014,30/05/2017,White Collar,Permanent,Full Time,Flex and Fixed,Voluntarily Terminated,High,Female,39,"2 Years, 9 Months",2,56814.89,1,0.3,0.86,0.92,5,1,0,1,1,66841.05,1
5473,15804201,Jones,National Air Logistics Gateway Trade Lane Specialist,29/07/1963,20/01/1994,,White Collar,Permanent,Full Time,Fixed,Active,Low,Male,59,"28 Years, 10 Months",28,31964.93,3,0.42,0.19,0.64,2,0,1,0,1,35126.3,0
5474,15596863,Chidumaga,National Air Logistics Pharma Compliance Specialist,19/02/1995,07/03/2022,,Blue Collar,Permanent,Full Time,Fixed,Active,High,Female,28,"0 Years, 9 Months",0,32515.75,4,0.22,0.6,0.6,0,0,1,1,1,32515.75,0
5475,15696277,Hs?,Warehouse Quality Control Specialist - Air Logistics,21/04/1959,03/12/2019,,Blue Collar,Permanent,Full Time,Fixed,Active,Low,Female,63,"3 Years, 0 Months",3,22810.32,2,0.46,0.82,0.87,1,0,0,1,0,24266.3,0
5476,15748608,Trentini,Cloud Service Analyst,13/11/1962,29/04/1996,,White Collar,Permanent,Full Time,Flex and Fixed,Active,Low,Male,60,"26 Years, 7 Months",26,54224.86,2,0.51,0.64,0.75,1,1,1,1,1,58306.3,0
5477,15723864,Lucas,Customer Servce Administrative Officer,06/05/1980,25/08/2019,14/11/2020,Blue Collar,Permanent,Full Time,Fixed,Voluntarily Terminated,Low,Male,42,"1 Years, 2 Months",1,30112.632,3,0.46,0.83,0.67,2,0,0,1,0,34218.9,1
5478,15802390,Willoughby,National Perishable Air Logistics Development Manager Seafood,24/10/1979,02/04/2016,,White Collar,Permanent,Full Time,Flex and Fixed,Active,Low,Female,43,"6 Years, 8 Months",6,31341.78,3,0.81,0.57,0.75,2,1,1,1,1,34824.2,0
5479,15774336,Jamieson,Perishable Customer Care Team Leader - Air Logistics,26/09/1999,27/03/2020,,White Collar,Permanent,Full Time,Fixed,Active,Low,Male,23,"2 Years, 8 Months",2,37435.89,2,0.56,0.98,0.92,2,0,1,1,1,40253.65,0
5480,15648766,Robertson,Project Manager,27/09/1983,18/03/2013,,White Collar,Permanent,Full Time,Flex and Fixed,Active,Low,Male,39,"9 Years, 9 Months",9,38473.8,4,0.65,0.54,0.69,1,1,0,0,0,42278.9,0
5481,15659094,Ojiofor,Accountant,28/03/1965,23/10/2000,,White Collar,Permanent,Full Time,Fixed,Active,Medium,Female,57,"22 Years, 1 Months",22,29050.164,4,0.81,0.72,0.66,2,1,0,0,0,33011.55,0
5482,15606397,Cameron,Warehouse Specialist - Air Logistics,12/09/1985,18/10/2015,20/09/2018,Blue Collar,Temporary,Full Time,Fixed,Voluntarily Terminated,Medium,Female,37,"2 Years, 11 Months",2,24735.78,3,0.21,0.89,0.87,8,0,1,0,1,27484.2,1
5483,15642619,Mayne,Apprentice,23/10/2003,04/01/2022,,Blue Collar,Apprentice,Full Time,Fixed,Active,Low,Male,19,"0 Years, 11 Months",0,23633.65,2,0.94,0.41,0.57,0,0,0,1,0,23633.65,0
5484,15666032,Mancini,Inside Sales Executive/ Account Manager,12/05/1955,09/01/1997,,White Collar,Permanent,Full Time,Flex and Fixed,Active,High,Male,67,"25 Years, 11 Months",25,24432.03,3,0.7,0.93,0.62,4,1,0,0,0,35929.45,0
5485,15595842,Paramor,IT-Support,18/06/1980,17/02/2004,01/06/2014,White Collar,Permanent,Full Time,Fixed,Terminated for Cause,High,Male,42,"18  Years, 10 Months",18,28022.56,2,0.17,0.9,0.9,6,0,0,0,0,34595.75,1
5486,15753837,Young,National Air Logistics Gateway Trade Lane Specialist,28/01/1975,05/10/2013,,White Collar,Permanent,Full Time,Fixed,Active,High,Male,48,"9 Years, 2 Months",9,31514.14,4,0.27,0.38,0.59,1,0,1,1,1,36223.15,0
5487,15783882,Daly,IT System Engineer,18/05/1985,08/04/1994,,White Collar,Permanent,Full Time,Flex and Fixed,Active,High,Female,37,"28 Years, 8 Months",28,60145.76,4,0.66,0.52,0.88,1,1,1,0,1,71602.1,0
5488,15799790,Carter,Sales Account Manager,20/10/1985,05/10/1992,,White Collar,Permanent,Full Time,Fixed,Active,High,Male,37,"30 Years, 2 Months",30,33211.95,4,0.59,0.99,0.72,2,1,1,1,0,36099.95,0
5489,15628155,Dike,National Perishable Air Logistics Development Manager Retail,15/02/2001,20/01/2014,,White Collar,Permanent,Full Time,Flex and Fixed,Active,Low,Female,22,"8 Years, 10 Months",8,32519.9,3,0.26,0.69,0.74,2,1,1,1,1,34892.6,0
5490,15703778,Hughes,National Air Logistics Pharma Compliance Specialist,23/07/1958,22/11/1997,,Blue Collar,Permanent,Full Time,Fixed,Active,Low,Male,64,"25 Years, 0 Months",25,28549.97,3,0.11,0.76,0.76,1,0,1,0,1,32443.15,0
5491,15722322,Green,Cloud Service Analyst,13/03/1971,21/12/2020,,White Collar,Permanent,Full Time,Flex and Fixed,Active,Low,Female,52,"1  Years, 11 Months",1,65216.8,3,0.38,0.42,0.46,0,1,1,0,0,65216.8,0
5492,15639278,Chinomso,Transport Controller,25/11/2001,26/03/2019,03/11/2020,Blue Collar,Temporary,Full Time,Fixed,Voluntarily Terminated,Medium,Female,21,"1 Years, 7 Months",1,22917.048,1,0.59,0.78,0.9,2,0,1,1,1,26042.1,1
5493,15568487,Gorshkov,Gateway & Procurement Specialist - Air Logistics,21/04/1960,15/08/1996,,Blue Collar,Permanent,Full Time,Fixed,Active,High,Male,62,"26 Years, 4 Months",26,31404.448,3,0.43,0.37,0.46,2,0,1,1,1,36516.8,0
5494,15682084,Chinomso,Inventory Clerk,22/03/2002,04/03/2019,,Blue Collar,Temporary,Full Time,Fixed,Active,High,Male,20,"3 Years, 9 Months",3,24424.35,3,0.82,0.89,0.39,2,0,0,1,0,26839.95,0
5495,15642821,Ijendu,Customer Care Specialist-Key Accounts,27/05/1994,25/08/2013,22/07/2018,White Collar,Permanent,Full Time,Fixed,Voluntarily Terminated,Medium,Female,28,"4 Years, 10 Months",4,31753.22,1,0.3,0.93,0.49,5,0,0,0,0,34893.65,1
5496,15601387,Yen,Customer Servce Administrative Officer,14/12/1994,15/09/2019,,Blue Collar,Permanent,Full Time,Fixed,Active,Low,Male,28,"3 Years, 3 Months",3,32477.55,1,0.3,0.98,0.56,1,0,0,1,0,34922.1,0
5497,15642515,Arcuri,National Air Logistics Pharma Compliance Specialist,12/06/1970,12/09/1992,,Blue Collar,Permanent,Full Time,Fixed,Active,Low,Female,52,"30 Years, 3 Months",30,33997.98,3,0.77,0.65,0.56,2,0,1,0,1,35787.35,0
5498,15710421,Baresi,National Perishable Air Logistics Development Manager Retail,12/05/1977,07/02/2018,,White Collar,Permanent,Full Time,Flex and Fixed,Active,High,Female,45,"4 Years, 10 Months",4,30277.82,4,0.16,0.3,0.61,2,1,0,0,0,32556.8,0
5499,15726774,Field,BI Developer,17/04/1955,21/09/2020,,White Collar,Permanent,Full Time,Flex and Fixed,Active,High,Male,67,"2 Years, 2 Months",2,61716.8,4,0.91,0.97,1,0,1,0,0,0,61716.8,0
5500,15649078,Christian,Accounting Coordinator,24/06/1979,19/02/2013,,White Collar,Permanent,Full Time,Fixed,Active,Medium,Female,43,"9 Years, 9 Months",9,26583.57,3,0.44,0.84,0.49,1,1,1,1,1,32028.4,0
5501,15641877,Ross,Warehouse Quality Control Specialist - Air Logistics,12/07/1989,16/03/2014,,Blue Collar,Permanent,Full Time,Fixed,Active,High,Male,33,"8 Years, 9 Months",8,23327.22,2,0.26,0.76,0.76,3,0,1,1,1,27770.5,0
5502,15796496,Trevisani,Human Resoruces Coordinator,17/10/1971,08/03/2017,,White Collar,Permanent,Full Time,Fixed,Active,High,Female,51,"5 Years, 9 Months",5,32220.96,3,0.96,0.5,0.74,2,0,0,1,0,33916.8,0
5503,15815690,Akabueze,Perishable Operational Care Specialist - Air Logistics,15/07/1985,02/08/2019,,Blue Collar,Permanent,Full Time,Fixed,Active,High,Female,37,"3 Years, 4 Months",3,27362.82,3,0.28,0.48,0.61,2,0,1,1,1,32191.55,0
5504,15631739,Dunn,Transport Controller,02/08/1970,24/09/2019,,Blue Collar,Temporary,Full Time,Fixed,Active,High,Male,52,"3 Years, 2 Months",3,24150.82,4,0.28,0.56,0.63,1,0,1,1,1,27135.75,0
5505,15625584,Martin,Java Software Engineer ,25/11/1979,01/01/2015,,White Collar,Permanent,Full Time,Flex and Fixed,Active,Low,Male,43,"7 Years, 11 Months",7,55961.28,4,0.29,0.99,0.77,1,1,0,0,0,65836.8,0
5506,15802466,Donaldson,Project Manager,10/02/1965,17/05/2006,,White Collar,Permanent,Full Time,Flex and Fixed,Active,Medium,Female,58,"16 Years, 7 Months",16,39202.75,3,0.08,0.65,0.94,1,1,1,1,1,43079.95,0
5507,15697028,McClinton,Gateway & Procurement Specialist - Air Logistics,24/04/1983,05/02/2013,,Blue Collar,Permanent,Full Time,Fixed,Active,Medium,Male,39,"9 Years, 10 Months",9,28452.65,4,0.28,0.92,0.81,3,0,1,0,1,32704.2,0
5508,15575759,Bentley,Perishable Operational Care Specialist - Air Logistics,27/10/1956,27/05/2003,28/10/2018,Blue Collar,Permanent,Full Time,Fixed,Voluntarily Terminated,Medium,Female,66,"15 Years, 5 Months",15,32564.89,1,0.14,0.88,0.76,6,0,0,1,0,34940.87,1
5509,15567442,Ibezimako,Human Resoruces Coordinator,18/11/1980,18/01/2021,,White Collar,Permanent,Full Time,Fixed,Active,Medium,Female,42,"1  Years, 11 Months",1,29801.98,2,0.29,0.99,0.86,1,0,1,1,0,31370.5,0
5510,15746805,Thomson,National Air Logistics Perishable Manager,09/04/1979,04/07/2021,,White Collar,Permanent,Full Time,Flex and Fixed,Active,Low,Male,43,"1  Years, 5 Months",1,67333.34,1,0.28,0.96,0.93,1,1,0,1,0,70138.9,0
5511,15636330,Ch'in,Material Handler ,20/03/2002,29/08/2015,04/01/2019,Blue Collar,Temporary,Full Time,Fixed,Voluntarily Terminated,High,Female,20,"3 Years, 4 Months",3,22733.11,3,0.09,0.55,0.85,5,0,0,1,0,24444.2,1
5512,15714970,Holbrook,Perishable Apprentice- Air Logistics,02/05/2002,22/06/2022,,Blue Collar,Apprentice,Full Time,Fixed,Active,Medium,Male,20,"0 Years, 5 Months",0,22023.15,3,0.2,0.71,0.94,0,0,0,1,0,22023.15,0
5513,15653784,Solomina,Trucking Team Leader- Air Logistics,23/03/1978,29/07/2013,,White Collar,Permanent,Full Time,Fixed,Active,Medium,Male,44,"9 Years, 4 Months",9,36881.93,3,0.99,0.72,0.68,2,0,1,0,1,43390.5,0
5514,15693543,McDonald,Inside Sales Executive/ Account Manager,01/04/1962,14/05/1994,,White Collar,Permanent,Full Time,Flex and Fixed,Active,High,Female,60,"28 Years, 7 Months",28,22254.55,2,0.16,0.23,0.5,2,1,1,0,1,33215.75,0
5515,15773283,Dennis,Sales Operations Manager ,28/04/1985,29/12/2013,18/01/2014,White Collar,Permanent,Full Time,Flex and Fixed,Terminated for Cause,Medium,Male,37,"0 Years, 0 Months",0,58301.364,3,0.42,0.78,0.61,2,1,0,1,0,66251.55,1
5516,15742534,Faulk,Recruiter,22/10/1960,07/07/1996,,White Collar,Permanent,Full Time,Fixed,Active,Medium,Female,62,"26  Years, 5 Months",26,36958.73,3,0.57,0.82,0.61,1,0,1,1,1,41065.25,0
5517,15569878,Dale,Aerospace International Logistics Specialist,15/12/1999,03/12/2018,,Blue Collar,Permanent,Full Time,Fixed,Active,High,Male,23,"4 Years, 0 Months",4,30821.3,2,0.42,0.49,0.74,1,0,1,1,1,35024.2,0
5518,15729454,Gorbunov,Perishable Operational Care Specialist - Air Logistics,10/08/1996,27/02/2015,,Blue Collar,Permanent,Full Time,Fixed,Active,Medium,Male,26,"7 Years, 9 Months",7,30629.34,1,0.72,0.96,0.82,1,0,0,1,0,34032.6,0
5519,15578375,Farrell,Customer Care Specialist-Key Accounts,05/04/1971,22/09/2014,,White Collar,Permanent,Full Time,Fixed,Active,High,Male,51,"8 Years, 2 Months",8,28327.64,3,0.28,0.5,0.78,3,0,0,0,0,32190.5,0
5520,15785559,De Luca,IT System Engineer,08/08/1982,30/06/2008,25/12/2017,White Collar,Permanent,Full Time,Flex and Fixed,Voluntarily Terminated,Low,Male,40,"9 Years, 5 Months",9,66921.78,2,0.2,0.98,0.57,5,1,0,1,0,71958.9,1
5521,15649414,Walker,Accounting Coordinator,20/09/1988,03/08/2005,,White Collar,Permanent,Full Time,Fixed,Active,Medium,Female,34,"17 Years, 4 Months",17,34815.7,2,0.57,0.85,0.57,4,1,1,1,1,37843.15,0
5522,15701605,Forster,Business Development Executive,18/10/1959,06/01/1987,,White Collar,Permanent,Full Time,Flex and Fixed,Active,Low,Male,63,"35 Years, 11 Months",35,40241.77,4,0.15,0.72,0.75,1,0,0,1,0,43741.05,0
5523,15686696,Brown,Trucking Specialist - Air Logistics,26/05/1998,15/11/2018,,Blue Collar,Permanent,Full Time,Fixed,Active,High,Female,24,"4 Years, 1 Months",4,31219.92,4,0.21,0.78,0.83,2,0,0,1,0,33934.7,0
5524,15625586,Monaldo,Business Development Manager,13/09/1963,09/12/1999,,White Collar,Permanent,Full Time,Flex and Fixed,Active,Medium,Male,59,"23 Years, 0 Months",23,44857.74,3,0.21,0.62,0.43,1,1,1,1,1,50974.7,0
5525,15654975,Wu,Inside Sales Executive/ Account Manager,10/02/1986,01/09/2017,,White Collar,Permanent,Full Time,Flex and Fixed,Active,Medium,Female,37,"5 Years, 3 Months",5,28564.76,1,0.55,0.64,0.38,1,1,1,0,1,32459.95,0
5526,15782993,Pan,Sales Specialist-Air Logitics ,22/01/2002,31/07/2022,,Blue Collar,Permanent,Full Time,Fixed,Active,Low,Male,21,"0 Years, 4 Months",0,32498.9,2,0.8,0.24,0.5,0,0,1,1,1,32498.9,0
5527,15774382,Longo,Recruiter,02/03/1979,28/12/2012,,White Collar,Permanent,Full Time,Fixed,Active,High,Male,44,"9 Years, 11 Months",9,37157.67,4,0.42,0.84,0.78,3,0,1,1,1,40832.6,0
5528,15689602,Findlay,Business Development Executive,30/05/1982,14/03/2013,,White Collar,Permanent,Full Time,Flex and Fixed,Active,Low,Male,40,"9  Years, 9 Months",9,34369.84,1,0.28,0.61,0.61,1,0,1,1,1,41409.45,0
5529,15756155,Fu,Operations Specialist,30/11/1979,15/09/2018,,Blue Collar,Permanent,Full Time,Fixed,Active,Low,Male,43,"4 Years, 3 Months",4,29638.2,1,0.45,0.79,0.71,3,0,1,0,1,32569.45,0
5530,15812647,Yin,Customer Brokerage Specialist,20/11/1983,19/12/2019,,Blue Collar,Permanent,Full Time,Fixed,Active,Medium,Male,39,"2 Years, 11 Months",2,33060.01,1,0.27,0.86,0.77,2,1,0,1,0,33734.7,0
5531,15736043,Hamilton,Accounting Coordinator,09/05/1999,06/09/2013,,White Collar,Permanent,Full Time,Fixed,Active,Low,Male,23,"9 Years, 3 Months",9,29584.69,2,0.21,0.7,0.54,2,1,1,1,1,35644.2,0
5532,15696744,Miller,Human Resoruces Coordinator,17/01/1998,05/02/2015,,White Collar,Permanent,Full Time,Fixed,Active,Low,Female,25,"7 Years, 10 Months",7,30853.01,2,0.13,0.53,0.76,3,0,0,0,0,34666.3,0
5533,15602572,Hsing,Sea Logistics Pricing Coordinator,17/01/1995,03/05/2019,,White Collar,Permanent,Full Time,Fixed,Active,Low,Male,28,"3 Years, 7 Months",3,29715.84,3,0.15,0.58,0.88,1,0,1,1,1,31612.6,0
5534,15674765,Mitchell,Senior DevOps Engineer,22/08/1988,11/05/2019,,White Collar,Permanent,Full Time,Flex and Fixed,Active,Low,Male,34,"3 Years, 7 Months",3,62915.4,3,0.52,0.45,0.55,2,1,0,1,0,68386.3,0
5535,15678725,Chamberlin,Sea Logiscitcs Customer Care Specialist ,16/06/1969,09/07/2010,,Blue Collar,Permanent,Full Time,Fixed,Active,Medium,Female,53,"12 Years, 5 Months",12,32651.76,2,0.67,0.86,0.87,2,0,1,0,1,35881.05,0
5536,15694444,Buttenshaw,Data Analyst,04/08/1955,10/01/1989,28/07/2022,White Collar,Permanent,Full Time,Flex and Fixed,Voluntarily Terminated,Low,Female,67,"33  Years, 11 Months",33,27964.53,3,0.13,0.95,0.81,4,1,0,1,0,48214.7,1
5537,15795878,Anayochukwu,Transport Controller,18/11/1999,28/02/2013,,Blue Collar,Temporary,Full Time,Fixed,Active,Low,Male,23,"9 Years, 9 Months",9,24776.64,3,0.68,0.51,0.84,3,0,1,1,1,28478.9,0
5538,15735346,Wallace,Pricing Analyst,05/07/1975,25/02/2014,,White Collar,Permanent,Full Time,Flex and Fixed,Active,Low,Female,47,"8 Years, 9 Months",8,46591.7,3,0.65,0.35,0.41,1,1,1,1,1,50643.15,0
5539,15687094,Calabresi,Senior DevOps Engineer,17/05/1970,11/08/2004,,White Collar,Permanent,Full Time,Flex and Fixed,Active,Low,Female,52,"18  Years, 4 Months",18,56590.28,2,0.18,0.99,0.57,4,1,0,0,0,70737.85,0
5540,15790067,Sun,Apprentice,20/08/2004,23/01/2022,,Blue Collar,Apprentice,Full Time,Fixed,Active,Low,Male,18,"0 Years, 10 Months",0,22429.45,4,0.57,0.73,0.49,0,0,0,1,0,22429.45,0
5541,15605742,Tuan,Trucking Specialist - Air Logistics,04/09/1980,23/11/2018,23/01/2019,Blue Collar,Permanent,Full Time,Fixed,Voluntarily Terminated,Medium,Male,42,"0 Years, 2 Months",0,29752.316,3,0.3,0.44,0.48,2,0,0,1,0,33809.45,1
5542,15566740,Nazarova,Software Engineer,11/01/1956,23/07/1997,,White Collar,Permanent,Full Time,Flex and Fixed,Active,High,Male,67,"25  Years, 4 Months",25,43710.1,1,0.25,0.43,0.74,5,1,1,0,1,67246.3,0
5543,15664897,Bryant,Accounting Coordinator,06/04/1988,01/01/2007,30/06/2017,White Collar,Permanent,Full Time,Fixed,Voluntarily Terminated,High,Female,34,"10 Years, 5 Months",10,30765.46,2,0.5,0.81,0.77,6,1,1,1,1,32047.35,1
5544,15585777,Pai,Customer Care Specialist-Key Accounts,08/03/1980,03/07/2016,,White Collar,Permanent,Full Time,Fixed,Active,High,Male,43,"6 Years, 5 Months",6,29637.52,3,0.11,0.77,0.83,2,0,1,1,1,32214.7,0
5545,15650864,Power,Forklift Operator,06/07/2002,13/12/2020,,Blue Collar,Temporary,Full Time,Fixed,Active,Medium,Male,20,"2  Years, 0 Months",2,26975.75,3,0.22,0.52,0.86,0,0,0,1,0,26975.75,0
5546,15806709,Hao,National Perishable Air Logistics Development Manager Seafood,05/09/1956,01/01/2012,,White Collar,Permanent,Full Time,Flex and Fixed,Active,High,Male,66,"10 Years, 11 Months",10,28807.56,1,0.49,0.21,0.92,1,1,0,0,0,32008.4,0
5547,15633818,McMillan,Senior DevOps Engineer,14/12/1963,30/04/1997,,White Collar,Permanent,Full Time,Flex and Fixed,Active,Low,Male,59,"25  Years, 7 Months",25,67879.06,2,0.48,0.88,0.93,1,1,0,1,0,70707.35,0
5548,15713845,Merrett,Internal Trainer,24/03/1979,15/05/2008,01/04/2016,White Collar,Permanent,Full Time,Fixed,Voluntarily Terminated,Medium,Male,43,"7 Years, 10 Months",7,30904.19,3,0.25,0.48,0.8,6,0,0,1,0,32876.8,1
5549,15639662,Phillips,Account Manager ,05/04/1979,30/12/2021,,White Collar,Permanent,Full Time,Fixed,Active,High,Male,43,"0 Years, 11 Months",0,34416.8,4,0.71,0.21,0.63,0,1,0,1,0,34416.8,0
5550,15567013,De Luca,Customer Brokerage Specialist,30/10/1977,27/10/2017,,Blue Collar,Permanent,Full Time,Fixed,Active,High,Male,45,"5 Years, 1 Months",5,29620.09,1,0.11,0.81,0.53,1,1,0,1,0,32195.75,0
5551,15777784,Tu,Human Resoruces Coordinator,18/04/1979,31/05/2017,,White Collar,Permanent,Full Time,Fixed,Active,Low,Female,43,"5 Years, 6 Months",5,29951.01,4,0.56,0.38,0.77,2,0,1,0,1,33278.9,0
5552,15800251,Elder,National Air Logistics Pharma Compliance Specialist,17/05/1960,26/10/2012,,Blue Collar,Permanent,Full Time,Fixed,Active,Low,Female,62,"10 Years, 1 Months",10,26975.47,2,0.25,0.67,0.77,2,0,0,1,0,32113.65,0
5553,15651315,Dilke,Internal Trainer,09/12/1965,19/03/2000,,White Collar,Permanent,Full Time,Fixed,Active,Medium,Male,57,"22  Years, 8 Months",22,25746.9,3,0.35,0.87,0.94,3,0,0,1,0,31786.3,0
5554,15651450,Panicucci,Perishable Customer Care Team Leader - Air Logistics,15/06/1996,15/05/2011,,White Collar,Permanent,Full Time,Fixed,Active,Medium,Male,26,"11  Years, 7 Months",11,35673.98,1,0.29,0.85,0.41,3,0,1,1,1,38276.8,0
5555,15784218,Mason,National Air Logistics Perishable Manager,08/03/1975,11/07/2017,,White Collar,Permanent,Full Time,Flex and Fixed,Active,Low,Male,48,"5 Years, 5 Months",5,61697,1,0.77,0.52,0.9,2,1,1,1,1,67798.9,0
5556,15572398,Townsend,Business Development Executive,27/08/1988,01/03/2018,,White Collar,Permanent,Full Time,Flex and Fixed,Active,High,Female,34,"4 Years, 9 Months",4,41705.42,2,0.14,0.9,0.95,3,0,1,1,1,43443.15,0
5557,15707962,Gunson,Aerospace International Logistics Specialist,09/12/1991,31/01/2016,,Blue Collar,Permanent,Full Time,Fixed,Active,Medium,Male,31,"6 Years, 10 Months",6,31358.66,3,0.54,0.85,0.56,2,0,0,1,0,33360.28,0
5558,15705663,Milano,Gateway & Procurement Specialist - Air Logistics,08/08/1975,21/05/2019,,Blue Collar,Permanent,Full Time,Fixed,Active,Medium,Female,47,"3 Years, 6 Months",3,31397.97,4,0.28,0.77,0.52,2,0,1,1,0,33402.1,0
5559,15645355,Macleod,Analyst Programmer ,07/02/1983,17/03/2019,07/08/2020,White Collar,Permanent,Full Time,Flex and Fixed,Voluntarily Terminated,High,Male,40,"1 Years, 4 Months",1,53880.068,3,0.1,0.61,0.97,2,1,1,1,1,61227.35,1
5560,15729557,Olisaemeka,Aerospace International Logistics Specialist,29/04/1996,14/07/2017,22/01/2021,Blue Collar,Permanent,Full Time,Fixed,Voluntarily Terminated,High,Male,26,"3 Years, 6 Months",3,29205.45,3,0.3,0.74,0.54,6,0,0,1,1,32450.5,1
5561,15631436,Gleeson,Gateway & Procurement Specialist - Air Logistics,05/09/1985,15/05/2015,,Blue Collar,Permanent,Full Time,Fixed,Active,Medium,Male,37,"7 Years, 7 Months",7,31736.93,4,0.4,0.56,0.85,1,0,0,1,0,34875.75,0
5562,15583073,Martin,Transport Controller,16/12/2001,21/05/2014,05/12/2016,Blue Collar,Temporary,Full Time,Fixed,Voluntarily Terminated,High,Female,21,"2 Years, 6 Months",2,23168.99,2,0.29,0.28,0.97,7,0,1,1,1,26328.4,1
5563,15614361,Liao,Network Engineer,19/02/1956,16/01/1985,,White Collar,Permanent,Full Time,Flex and Fixed,Active,Low,Male,67,"37 Years, 11 Months",37,36691.74,4,0.25,0.86,0.68,3,1,1,1,0,65520.96,0
5564,15724684,Sung,National Service Excellence Specialist- Air Logistics,02/02/1979,23/04/2016,,White Collar,Permanent,Full Time,Flex and Fixed,Active,High,Male,44,"6 Years, 7 Months",6,32143.14,3,0.26,0.63,0.78,1,0,0,1,0,36526.3,0
5565,15700083,Lai,Internal Trainer,21/10/1963,24/01/2014,,White Collar,Permanent,Full Time,Fixed,Active,Medium,Male,59,"8 Years, 10 Months",8,29963.82,3,0.29,0.85,0.96,1,0,0,1,0,35251.55,0
5566,15636541,Cartwright,IT-Support,01/09/1977,17/05/2021,,White Collar,Permanent,Full Time,Fixed,Active,Low,Male,45,"1  Years, 7 Months",1,38388.4,4,0.88,0.84,0.84,0,0,1,0,1,38388.4,0
5567,15796015,Wu,National Air Logistics Pharma Compliance Specialist,13/01/1998,12/08/2021,,Blue Collar,Permanent,Full Time,Fixed,Active,Medium,Male,25,"1  Years, 4 Months",1,33331.55,3,0.29,0.98,0.6,0,0,1,0,1,33331.55,0
5568,15787222,Ch'in,Warehouse Quality Control Specialist - Air Logistics,25/06/1962,06/11/2013,,Blue Collar,Permanent,Full Time,Fixed,Active,Medium,Male,60,"9 Years, 1 Months",9,22502.04,2,0.43,0.51,0.78,9,0,1,1,1,25570.5,0
5569,15594270,Biryukov,Material Handler ,17/12/2003,08/03/2021,,Blue Collar,Temporary,Full Time,Fixed,Active,Low,Male,19,"1  Years, 9 Months",1,25065.07,4,0.19,0.71,0.85,1,0,1,1,1,26109.45,0
5570,15701524,Ting,Inventory Clerk,12/01/2004,29/12/2020,,Blue Collar,Temporary,Full Time,Fixed,Active,High,Male,19,"1  Years, 11 Months",1,23363.42,3,0.52,0.88,0.69,1,0,0,1,0,24854.7,0
5571,15645847,P'eng,Human Resoruces Coordinator,22/08/1979,08/07/2022,,White Collar,Permanent,Full Time,Fixed,Active,Medium,Male,43,"0 Years, 5 Months",0,32620.51,3,0.78,0.16,0.81,0,0,0,1,0,32620.51,0
5572,15708867,Niu,Recruiter,20/09/1989,29/03/2019,01/10/2020,White Collar,Permanent,Full Time,Fixed,Voluntarily Terminated,High,Female,33,"1 Years, 6 Months",1,34823.888,3,0.08,0.98,0.86,2,0,0,1,0,39572.6,1
5573,15613140,Mellor,Software Engineer,12/03/1979,18/07/2013,,White Collar,Permanent,Full Time,Flex and Fixed,Active,High,Male,43,"9 Years, 5 Months",9,58907.16,3,0.58,0.81,0.76,1,1,1,1,1,66939.95,0
5574,15628893,Power,Internal Trainer,27/02/1955,07/02/2018,,White Collar,Permanent,Full Time,Fixed,Active,Medium,Male,68,"4 Years, 10 Months",4,33591.26,3,0.73,0.17,0.79,2,0,0,1,0,34276.8,0
5575,15764073,Arcuri,Stock Investigator & Analyst,28/11/1982,16/05/2014,,White Collar,Permanent,Full Time,Flex and Fixed,Active,High,Female,40,"8 Years, 7 Months",8,44135.54,3,0.23,0.22,0.65,2,1,1,1,1,50730.5,0
5576,15782879,Lang,Java Software Engineer ,06/01/1991,29/01/2019,,White Collar,Permanent,Full Time,Flex and Fixed,Active,High,Male,32,"3 Years, 10 Months",3,64440.64,4,0.28,0.67,0.69,1,1,1,1,1,66433.65,0
5577,15635964,Eve,IT-Support,02/07/1961,17/05/2007,02/11/2020,White Collar,Permanent,Full Time,Fixed,Voluntarily Terminated,Low,Male,61,"13 Years, 5 Months",13,33039.59,4,0.27,0.72,0.83,5,0,0,1,0,35912.6,1
5578,15726087,Ch'in,Accounts Payable,14/11/1985,03/03/2021,,White Collar,Permanent,Full Time,Fixed,Active,High,Female,37,"1  Years, 9 Months",1,37693.65,1,0.85,0.67,0.91,0,1,1,1,1,37693.65,0
5579,15726313,Napolitani,Perishable Warehouse Specialist - Air Logistics,19/10/1955,03/04/2017,,Blue Collar,Permanent,Full Time,Fixed,Active,High,Female,67,"5 Years, 8 Months",5,30019.38,1,0.08,0.47,0.55,1,0,0,1,0,32278.9,0
5580,15578073,Barker,Perishable Warehouse Specialist - Air Logistics,10/08/1985,02/02/1987,,Blue Collar,Permanent,Full Time,Fixed,Active,Medium,Male,37,"35 Years, 10 Months",35,32178.51,4,0.26,0.51,0.75,2,0,0,0,0,34526.3,0
5581,15786249,Whitfield,National Service Excellence Specialist- Air Logistics,09/06/2000,20/09/2012,,White Collar,Permanent,Full Time,Flex and Fixed,Active,Medium,Male,22,"10  Years, 2 Months",10,25668.2,1,0.43,0.88,0.71,3,0,0,1,0,32085.25,0
5582,15812850,Stradford,Network Engineer,18/03/1956,12/03/1987,,White Collar,Permanent,Full Time,Flex and Fixed,Active,High,Male,66,"35 Years, 9 Months",35,38336.75,3,0.16,0.48,0.94,4,1,1,1,1,66097.85,0
5583,15596972,Brownlow,Customer Care Specialist-Key Accounts,14/07/1990,04/03/2013,,White Collar,Permanent,Full Time,Fixed,Active,High,Male,32,"9 Years, 9 Months",9,30084.61,2,0.28,0.66,0.99,3,0,0,0,0,34982.1,0
5584,15620579,Dunn,Accounts Payable,04/08/2000,09/05/2021,,White Collar,Permanent,Full Time,Fixed,Active,Medium,Female,22,"1  Years, 7 Months",1,32491.55,1,0.27,0.58,0.5,0,1,1,0,1,32491.55,0
5585,15768270,DeRose,Customer Care Specialist-Key Accounts,03/03/1961,27/11/1991,,White Collar,Permanent,Full Time,Fixed,Active,Low,Female,62,"31 Years, 0 Months",31,21658.4,4,0.96,0.23,0.96,2,0,0,1,0,32815.75,0
5586,15656597,Wang,National Air Logistics Pharma Compliance Specialist,10/03/2000,10/03/2013,,Blue Collar,Permanent,Full Time,Fixed,Active,High,Male,22,"9 Years, 9 Months",9,32074.59,3,0.36,0.86,0.77,2,0,1,1,1,36448.4,0
5587,15699446,Hobbs,Revenue Care Specialist- Air Logistics,11/04/1968,12/05/1992,,White Collar,Permanent,Full Time,Fixed,Active,Medium,Female,54,"30 Years, 7 Months",30,39215.58,4,0.11,0.81,0.99,2,1,1,1,1,42076.8,0
5588,15615004,Anderson,Aerospace International Logistics Specialist,17/02/1983,31/07/2017,,Blue Collar,Permanent,Full Time,Fixed,Active,Medium,Female,40,"5 Years, 4 Months",5,34360.43,2,0.93,0.75,0.54,1,0,1,1,1,36553.65,0
5589,15704771,Ugochukwu,Warehouse Quality Control Specialist - Air Logistics,14/10/1971,27/12/2016,,Blue Collar,Permanent,Full Time,Fixed,Active,Low,Female,51,"5 Years, 11 Months",5,22021.95,1,0.29,0.49,0.89,1,0,1,1,1,24199.95,0
5590,15588372,Kirsova,Business Development Manager,31/12/1982,17/01/2008,24/10/2015,White Collar,Permanent,Full Time,Flex and Fixed,Voluntarily Terminated,Medium,Female,40,"7 Years, 9 Months",7,45770.06,3,0.28,0.31,0.5,5,1,0,0,0,48691.55,1
5591,15681439,Tsou,Account Manager ,02/12/1981,24/07/2017,,White Collar,Permanent,Full Time,Fixed,Active,Low,Male,41,"5 Years, 4 Months",5,32708.57,2,0.77,0.83,0.75,2,1,0,1,0,35170.5,0
5592,15607509,Ozerova,Network Engineer,05/10/1988,20/08/2014,,White Collar,Permanent,Full Time,Flex and Fixed,Active,High,Male,34,"8 Years, 3 Months",8,63279.39,2,0.1,0.7,0.55,2,1,0,1,0,71908.4,0
5593,15670343,Li,Apprentice,29/08/2002,18/01/2022,,Blue Collar,Apprentice,Full Time,Fixed,Active,Medium,Male,20,"0 Years, 11 Months",0,22245.25,3,0.28,0.49,0.99,0,0,0,1,0,22245.25,0
5594,15597968,Fyans,Human Resoruces Coordinator,08/01/1968,18/10/2016,07/04/2022,White Collar,Permanent,Full Time,Fixed,Voluntarily Terminated,High,Male,55,"6  Years, 2 Months",6,25121.91,2,0.26,0.57,0.92,6,0,0,1,1,31014.7,1
5595,15658432,Freeman,National Service Excellence Specialist- Air Logistics,02/07/1988,11/10/2012,,White Collar,Permanent,Full Time,Flex and Fixed,Active,Medium,Male,34,"10 Years, 2 Months",10,31132.75,3,0.4,0.37,0.45,5,0,1,1,0,33119.95,0
5596,15616431,Chiu,Java Software Engineer ,03/04/1977,16/04/2021,,White Collar,Permanent,Full Time,Flex and Fixed,Active,Medium,Male,45,"1  Years, 8 Months",1,67612.6,4,0.22,0.69,0.75,0,1,1,0,1,67612.6,0
5597,15796957,Iadanza,Pricing Manager,26/07/1969,17/07/2004,08/03/2014,White Collar,Permanent,Full Time,Flex and Fixed,Voluntarily Terminated,Medium,Male,53,"9 Years, 7 Months",9,58312.68,1,0.47,0.62,0.98,7,1,1,0,1,68603.15,1
5598,15815552,Ferguson,Customer Servce Administrative Officer,19/02/1964,07/04/2010,,Blue Collar,Permanent,Full Time,Fixed,Active,High,Female,59,"12 Years, 8 Months",12,35682.71,3,0.22,0.5,0.68,3,0,1,1,1,36786.3,0
5599,15631871,Kelly,Gateway & Procurement Specialist - Air Logistics,14/06/1985,19/02/2018,,Blue Collar,Permanent,Full Time,Fixed,Active,Medium,Female,37,"4 Years, 9 Months",4,34445.25,3,0.83,0.81,0.73,0,0,1,1,1,34445.25,0
5600,15635870,She,Stock Investigator & Analyst,22/12/1975,25/04/2012,28/11/2013,White Collar,Permanent,Full Time,Flex and Fixed,Voluntarily Terminated,High,Female,47,"10  Years, 7 Months",10,39361.71,2,0.46,0.2,0.41,5,1,1,0,1,48594.7,1
5601,15596713,Christie,National Air Logistics Gateway Operations Manager,13/09/1978,01/10/2021,,White Collar,Permanent,Full Time,Flex and Fixed,Active,High,Male,44,"1  Years, 2 Months",1,67184.83,1,0.11,0.22,0.58,1,1,1,1,0,69984.2,0
5602,15684211,Creel,Finance Analyst,21/02/1984,25/07/2016,,White Collar,Permanent,Full Time,Flex and Fixed,Active,Medium,Female,39,"6 Years, 4 Months",6,44051.67,2,0.49,0.63,0.79,2,1,0,1,0,48946.3,0
5603,15760521,Thompson,Data Analyst,15/12/1971,25/07/2019,,White Collar,Permanent,Full Time,Flex and Fixed,Active,Medium,Female,51,"3 Years, 4 Months",3,44161.28,3,0.9,0.68,0.53,2,1,1,1,0,47485.25,0
5604,15608408,Lazareva,National Service Excellence Specialist- Air Logistics,25/02/1994,09/05/2022,,White Collar,Permanent,Full Time,Flex and Fixed,Active,High,Male,29,"0 Years, 7 Months",0,32752.6,4,0.52,0.52,0.49,0,0,0,1,0,32752.6,0
5605,15804721,Boni,National Air Logistics Perishable Manager,24/03/1977,20/04/2015,,White Collar,Permanent,Full Time,Flex and Fixed,Active,High,Male,45,"7 Years, 7 Months",7,59415.48,4,0.28,0.22,0.52,3,1,0,0,0,68293.65,0
5606,15730272,Evseev,Accounts Payable,10/09/1977,02/05/2015,,White Collar,Permanent,Full Time,Fixed,Active,Medium,Male,45,"7 Years, 7 Months",7,28171.79,1,0.9,0.51,0.82,3,1,1,1,1,33537.85,0
5607,15741988,Marino,Aerospace International Logistics Specialist,24/04/1960,10/01/2005,,Blue Collar,Permanent,Full Time,Fixed,Active,Low,Female,62,"17 Years, 11 Months",17,30763.07,4,0.26,0.66,0.92,1,0,0,1,0,34565.25,0
5608,15771728,Mackenzie,National Perishable Air Logistics Development Manager Seafood,19/08/1955,12/08/1999,,White Collar,Permanent,Full Time,Flex and Fixed,Active,Low,Male,67,"23 Years, 4 Months",23,27361.54,4,0.26,0.26,0.37,3,1,0,1,0,35078.9,0
5609,15605113,Sutherland,BI Developer,25/04/1963,07/06/1983,,White Collar,Permanent,Full Time,Flex and Fixed,Active,High,Female,59,"39 Years, 6 Months",39,63446.15,2,0.78,0.42,0.4,2,1,1,1,1,65408.4,0
5610,15661945,Nicolay,National Perishable Air Logistics Development Manager Retail,09/12/1982,21/04/2018,,White Collar,Permanent,Full Time,Flex and Fixed,Active,Low,Female,40,"4 Years, 7 Months",4,30524.24,2,0.5,0.86,0.77,1,1,0,1,0,32472.6,0
5611,15783816,Lori,Warehouse Specialist - Air Logistics,24/03/1989,24/09/2020,,Blue Collar,Temporary,Full Time,Fixed,Active,Medium,Female,33,"2 Years, 2 Months",2,28008.35,1,0.22,0.52,0.68,1,0,0,0,0,28579.95,0
5612,15721207,Piazza,Finance Analyst,11/03/1968,12/12/1998,,White Collar,Permanent,Full Time,Flex and Fixed,Active,High,Male,55,"24 Years, 0 Months",24,42797.54,3,0.8,0.95,0.64,4,1,0,1,0,50949.45,0
5613,15764072,Somerville,Perishable Warehouse Specialist - Air Logistics,31/08/1994,07/02/2012,,Blue Collar,Permanent,Full Time,Fixed,Active,Low,Female,28,"10  Years, 10 Months",10,26896.33,3,0.43,0.63,0.94,4,0,1,1,1,32800.4,0
5614,15689412,Christie,Finance Analyst,27/05/1962,24/02/2012,,White Collar,Permanent,Full Time,Flex and Fixed,Active,High,Female,60,"10 Years, 9 Months",10,43373.79,1,0.14,1,0.54,1,1,0,1,0,49288.4,0
5615,15798385,Grave,Customer Brokerage Specialist,20/07/1974,16/01/2012,,Blue Collar,Permanent,Full Time,Fixed,Active,High,Female,48,"10  Years, 11 Months",10,28576.76,2,0.21,0.54,0.58,1,1,1,1,1,34019.95,0
5616,15775339,Lori,Apprentice,22/05/2003,12/04/2022,,Blue Collar,Apprentice,Full Time,Fixed,Active,High,Female,19,"0 Years, 8 Months",0,21445.25,3,0.74,0.9,0.7,0,0,0,1,0,21445.25,0
5617,15585256,Iloerika,Account Manager ,30/05/1980,20/01/2017,,White Collar,Permanent,Full Time,Fixed,Active,Medium,Male,42,"5 Years, 10 Months",5,31836.51,4,0.67,0.49,0.99,2,1,1,1,1,36177.85,0
5618,15797329,Muir,Accounts Payable,21/07/1971,02/03/2011,07/08/2014,White Collar,Permanent,Full Time,Fixed,Voluntarily Terminated,High,Male,51,"3 Years, 5 Months",3,32806.4,1,0.15,0.81,0.6,6,1,0,1,0,36451.55,1
5619,15780220,Pauley,Transport Controller,01/06/1998,04/05/2015,,Blue Collar,Temporary,Full Time,Fixed,Active,Medium,Male,24,"7 Years, 7 Months",7,22487.62,1,0.41,0.5,0.66,2,0,1,1,1,26148.4,0
5620,15648951,Kao,Business Development Executive,30/06/1959,01/07/2004,,White Collar,Permanent,Full Time,Flex and Fixed,Active,Low,Male,63,"18 Years, 5 Months",18,35658.52,2,0.57,0.7,0.88,1,0,1,1,1,40521.05,0
5621,15752409,Grant,Forklift Operator,16/02/2002,27/08/2012,,Blue Collar,Temporary,Full Time,Fixed,Active,Low,Male,21,"10  Years, 3 Months",10,22824.99,4,0.24,0.5,0.85,1,0,0,0,0,24026.3,0
5622,15807524,Chukwuma,Software Engineer,20/05/1984,23/03/2022,,White Collar,Permanent,Full Time,Flex and Fixed,Active,Medium,Female,38,"0 Years, 8 Months",0,69507.35,4,0.17,0.98,0.66,0,1,0,0,0,69507.35,0
5623,15766649,Vincent,Trucking Team Leader- Air Logistics,13/10/1978,09/02/2019,,White Collar,Permanent,Full Time,Fixed,Active,High,Male,44,"3 Years, 10 Months",3,37763.23,2,0.3,0.86,0.51,2,0,0,0,0,40173.65,0
5624,15696812,Lazareva,Data Analyst,11/12/1965,28/09/2021,,White Collar,Permanent,Full Time,Flex and Fixed,Active,Medium,Male,57,"1 Years, 2 Months",1,38257.32,4,0.28,0.93,0.77,1,1,1,1,0,44485.25,0
5625,15581295,Ch'ien,BI Developer,02/10/1964,15/08/2004,,White Collar,Permanent,Full Time,Flex and Fixed,Active,Low,Female,58,"18  Years, 4 Months",18,60376.92,3,0.98,0.62,0.75,2,1,0,1,0,64782.1,0
5626,15663234,Bishop,Sea Logistics Pricing Coordinator,26/11/1979,21/06/2018,,White Collar,Permanent,Full Time,Fixed,Active,Low,Female,43,"4 Years, 5 Months",4,32657.35,4,0.26,0.64,0.57,1,0,1,1,1,36693.65,0
5627,15741417,Chibuzo,Gateway & Procurement Team Leader- Air Logistics,09/05/1999,05/12/2018,,White Collar,Permanent,Full Time,Fixed,Active,Low,Female,23,"4 Years, 0 Months",4,38483.76,2,0.66,0.66,0.94,1,0,1,1,1,43731.55,0
5628,15695174,Chang,Gateway & Procurement Team Leader- Air Logistics,11/12/1982,07/01/2017,,White Collar,Permanent,Full Time,Fixed,Active,Medium,Male,40,"5 Years, 11 Months",5,36115.96,4,0.78,0.65,0.86,2,0,1,1,1,38016.8,0
5629,15665168,Calabrese,Sea Logiscitcs Customer Care Specialist ,19/07/1972,02/02/2019,,Blue Collar,Permanent,Full Time,Fixed,Active,Medium,Female,50,"3 Years, 10 Months",3,31359.57,2,0.29,0.89,0.84,1,0,1,1,1,32329.45,0
5630,15601503,Tokaryev,Trucking Specialist - Air Logistics,26/12/1986,15/08/2016,,Blue Collar,Permanent,Full Time,Fixed,Active,Low,Male,36,"6 Years, 4 Months",6,31145.79,3,0.43,0.77,0.58,2,0,0,0,0,36642.1,0
5631,15706131,Logan,Human Resoruces Coordinator,25/01/1958,11/07/2000,,White Collar,Permanent,Full Time,Fixed,Active,High,Female,65,"22 Years, 5 Months",22,27883.94,3,0.22,0.4,0.36,1,0,0,1,0,31686.3,0
5632,15782758,Ozerova,Business Development Manager,20/01/1986,03/07/2016,,White Collar,Permanent,Full Time,Flex and Fixed,Active,Low,Male,37,"6 Years, 5 Months",6,40731.14,4,0.78,0.36,0.44,1,1,1,1,1,48489.45,0
5633,15591091,Goering,Analyst Programmer ,25/08/1992,07/08/2012,01/10/2013,White Collar,Permanent,Full Time,Flex and Fixed,Voluntarily Terminated,High,Male,30,"10  Years, 4 Months",10,52381.72,3,0.27,0.3,0.48,5,1,0,1,1,63110.5,1
5634,15715877,Lo,Analyst Programmer ,31/10/1982,26/06/2021,,White Collar,Permanent,Full Time,Flex and Fixed,Active,Medium,Male,40,"1 Years, 5 Months",1,58890.48,1,0.27,0.9,0.64,1,1,0,1,0,62649.45,0
5635,15756918,Simmons,Technical Support Engineer,04/04/1979,25/03/2018,,White Collar,Permanent,Full Time,Flex and Fixed,Active,Low,Female,43,"4 Years, 8 Months",4,58142.64,3,0.68,0.23,0.49,2,1,0,0,0,60565.25,0
5636,15746662,Maduabuchim,IT System Engineer,13/08/1974,17/05/2021,,White Collar,Permanent,Full Time,Flex and Fixed,Active,Medium,Female,48,"1  Years, 7 Months",1,64535.97,2,0.53,0.24,0.79,1,1,1,0,1,67932.6,0
5637,15626679,Linger,National Air Logistics Pharma Compliance Specialist,23/12/1960,02/09/2019,,Blue Collar,Permanent,Full Time,Fixed,Active,Low,Male,62,"3 Years, 3 Months",3,33655.98,4,0.74,0.98,0.92,2,0,1,0,1,35427.35,0
5638,15793343,Yeh,Network Engineer,29/08/1964,14/05/1989,,White Collar,Permanent,Full Time,Flex and Fixed,Active,Medium,Female,58,"33 Years, 7 Months",33,62155.15,4,0.29,0.49,0.48,2,1,1,1,1,67559.95,0
5639,15576774,Stevenson,Sea Logistics Pricing Coordinator,25/03/1985,26/11/2017,,White Collar,Permanent,Full Time,Fixed,Active,High,Female,37,"5  Years, 0 Months",5,36502.1,4,0.53,0.23,0.48,0,0,0,0,0,36502.1,0
5640,15801316,Ifeatu,Business Development Executive,06/09/1989,27/02/2017,,White Collar,Permanent,Full Time,Flex and Fixed,Active,Low,Male,33,"5 Years, 9 Months",5,38399.79,4,0.99,0.79,0.71,1,0,1,1,1,41738.9,0
5641,15800514,Kenechukwu,BI Developer,01/05/1988,29/01/1993,30/11/2019,White Collar,Permanent,Full Time,Flex and Fixed,Voluntarily Terminated,Medium,Female,34,"26 Years, 10 Months",26,53706.91,2,0.3,0.21,0.76,5,1,0,0,0,63936.8,1
5642,15662232,Learmonth,Account Manager ,18/04/2001,21/05/2015,,White Collar,Permanent,Full Time,Fixed,Active,High,Male,21,"7 Years, 6 Months",7,31078.23,4,0.47,0.38,0.92,2,1,0,1,0,35722.1,0
5643,15737778,Dickson,Accounting Coordinator,13/05/1970,15/07/2013,,White Collar,Permanent,Full Time,Fixed,Active,Low,Female,52,"9 Years, 5 Months",9,30350.36,3,0.26,0.17,0.59,2,1,0,1,0,35706.3,0
5644,15782096,Volkova,Data Analyst,09/01/1981,14/03/2015,21/04/2016,White Collar,Permanent,Full Time,Flex and Fixed,Voluntarily Terminated,High,Female,42,"1 Years, 1 Months",1,39494.356,3,0.55,0.56,0.69,2,1,1,1,1,44879.95,1
5645,15783522,Mitchell,Recruiter,06/03/1979,05/11/2013,,White Collar,Permanent,Full Time,Fixed,Active,Low,Female,44,"9 Years, 1 Months",9,32510.25,4,0.08,0.97,0.7,1,0,1,1,1,38247.35,0
5646,15785373,Wong,National Air Logistics Pharma Compliance Specialist,13/02/1974,17/09/2019,23/10/2020,Blue Collar,Permanent,Full Time,Fixed,Voluntarily Terminated,Medium,Female,49,"1 Years, 1 Months",1,31592.924,3,0.27,0.22,0.78,2,0,0,1,0,35901.05,1
5647,15756272,James,Sea Logiscitcs Customer Care Specialist ,06/03/1995,22/11/2011,21/04/2019,Blue Collar,Permanent,Full Time,Fixed,Voluntarily Terminated,Medium,Female,28,"7 Years, 4 Months",7,31546.4,4,0.3,0.84,0.88,6,0,0,1,0,35051.55,1
5648,15615245,Shao,Account Manager ,15/07/2000,12/05/2013,,White Collar,Permanent,Full Time,Fixed,Active,Low,Male,22,"9 Years, 7 Months",9,29299.34,3,0.77,0.64,0.63,3,1,1,1,1,33294.7,0
5649,15600174,Walton,Human Resoruces Coordinator,15/06/1970,13/02/2014,,White Collar,Permanent,Full Time,Fixed,Active,Low,Male,52,"8  Years, 10 Months",8,32425.73,4,0.09,0.78,0.69,1,0,1,0,1,33776.8,0
5650,15752956,Stanley,Operations Specialist,13/10/1974,30/10/2018,,Blue Collar,Permanent,Full Time,Fixed,Active,High,Male,48,"4 Years, 1 Months",4,34675.45,1,0.9,0.23,0.4,3,0,1,1,1,36120.26,0
5651,15644882,Watson,Recruiter,02/02/1956,01/03/1988,,White Collar,Permanent,Full Time,Fixed,Active,High,Female,67,"34 Years, 9 Months",34,27261.23,2,0.1,0.99,0.82,3,0,0,1,0,40688.4,0
5652,15766272,Folliero,IT-Support,16/01/1968,30/04/1992,,White Collar,Permanent,Full Time,Fixed,Active,High,Female,55,"30 Years, 7 Months",30,35670.22,1,0.45,0.15,0.76,2,0,1,1,1,40078.9,0
5653,15800620,Fitzgerald,IT-Support,03/05/1982,01/02/2017,,White Collar,Permanent,Full Time,Fixed,Active,High,Female,40,"5 Years, 10 Months",5,34811.78,4,0.29,0.24,0.96,1,0,0,0,0,38254.7,0
5654,15569764,Garner,Business Development Executive,11/11/1956,09/07/1988,,White Collar,Permanent,Full Time,Flex and Fixed,Active,Low,Female,66,"34 Years, 5 Months",34,33928.12,3,0.48,0.84,0.71,1,0,0,1,0,41375.75,0
5655,15747458,Folliero,Project Manager,12/08/1979,14/01/2017,,White Collar,Permanent,Full Time,Flex and Fixed,Active,Medium,Female,43,"5 Years, 11 Months",5,37698.94,1,0.11,0.82,0.58,2,1,1,1,1,40105.25,0
5656,15573171,Liao,Perishable Warehouse Specialist - Air Logistics,12/01/1989,11/02/2016,30/07/2019,Blue Collar,Permanent,Full Time,Fixed,Voluntarily Terminated,Low,Male,34,"3 Years, 5 Months",3,27643.06,2,0.52,0.17,0.86,5,0,1,1,1,32908.4,1
5657,15736769,Lucchesi,Technical Support Engineer,25/07/1992,27/01/2018,,White Collar,Permanent,Full Time,Flex and Fixed,Active,Low,Female,30,"4 Years, 10 Months",4,53556.76,4,0.21,0.72,0.71,1,1,0,1,0,60859.95,0
5658,15763381,Chan,Apprentice,06/10/2002,13/02/2022,,Blue Collar,Apprentice,Full Time,Fixed,Active,Low,Male,20,"0 Years, 10 Months",0,21604.2,3,0.28,0.86,0.91,0,0,1,1,1,21604.2,0
5659,15814430,Ma,Warehouse Specialist - Air Logistics,08/12/1981,13/05/2018,19/03/2020,Blue Collar,Temporary,Full Time,Fixed,Voluntarily Terminated,High,Male,41,"1 Years, 10 Months",1,22889.24,3,0.1,0.75,0.55,2,0,0,1,0,26010.5,1
5660,15638607,Nwabugwu,National Air Logistics Consol & Planning Manager,15/09/1984,12/06/2017,17/08/2019,White Collar,Permanent,Full Time,Flex and Fixed,Voluntarily Terminated,Low,Female,38,"2 Years, 2 Months",2,64066.73,3,0.27,0.93,0.82,5,1,0,1,0,71185.25,1
5661,15737133,P'eng,Accounts Payable,25/12/1973,27/09/2020,,White Collar,Permanent,Full Time,Fixed,Active,Medium,Male,49,"2 Years, 2 Months",2,32832.06,3,0.86,0.75,0.52,2,1,1,1,1,33502.1,0
5662,15613945,Andrews,Aerospace International Logistics Specialist,27/12/1981,24/11/2015,,Blue Collar,Permanent,Full Time,Fixed,Active,High,Female,41,"7 Years, 0 Months",7,31170.01,4,1,0.45,0.55,3,0,0,1,0,36244.2,0
5663,15659937,Otutodilinna,Customer Care Specialist-Key Accounts,10/08/1964,03/08/2013,,White Collar,Permanent,Full Time,Fixed,Active,High,Female,58,"9 Years, 4 Months",9,32992.73,1,0.45,0.44,0.87,1,0,1,0,1,36255.75,0
5664,15765287,Grant,Inventory Clerk,07/08/2003,10/07/2022,,Blue Collar,Temporary,Full Time,Fixed,Active,Low,Female,19,"0 Years, 5 Months",0,27773.65,3,0.27,0.55,0.9,0,0,0,1,0,27773.65,0
5665,15661723,Abramovich,Business Development Executive,24/03/1975,02/12/2014,01/08/2020,White Collar,Permanent,Full Time,Flex and Fixed,Voluntarily Terminated,Low,Male,47,"5 Years, 7 Months",5,34114.58,2,0.22,0.78,0.56,8,0,1,0,1,40612.6,1
5666,15766064,Komarova,Sales Account Manager,19/04/1985,05/12/2015,,White Collar,Permanent,Full Time,Fixed,Active,High,Male,37,"7 Years, 0 Months",7,32134.89,4,0.1,0.5,0.52,3,1,0,1,0,34553.65,0
5667,15649616,Otutodilichukwu,Business Analyst,28/04/1959,23/03/1994,22/11/2020,White Collar,Permanent,Full Time,Flex and Fixed,Voluntarily Terminated,Low,Male,63,"28  Years, 8 Months",28,44721.45,1,0.27,0.96,0.66,6,1,1,1,1,49690.5,1
5668,15719017,Donaldson,Java Software Engineer ,24/03/1982,01/06/2017,,White Collar,Permanent,Full Time,Flex and Fixed,Active,Low,Female,40,"5 Years, 6 Months",5,63149.97,2,0.26,0.72,0.53,3,1,1,1,1,66473.65,0
5669,15720919,Duggan,Aerospace International Logistics Specialist,05/10/1962,30/11/2006,21/01/2014,Blue Collar,Permanent,Full Time,Fixed,Voluntarily Terminated,Low,Male,60,"7 Years, 1 Months",7,30872.84,4,0.54,0.77,0.55,6,0,1,0,1,34303.15,1
5670,15706706,Chinwendu,Business Development Executive,26/06/1961,31/10/1995,,White Collar,Permanent,Full Time,Flex and Fixed,Active,Medium,Male,61,"27 Years, 1 Months",27,37271.45,3,0.27,0.89,0.94,4,0,1,0,1,43338.9,0
5671,15709653,Hamilton,Java Software Engineer ,16/10/1977,06/03/2016,,White Collar,Permanent,Full Time,Flex and Fixed,Active,Medium,Male,45,"6 Years, 9 Months",6,61859.67,3,0.22,0.58,0.79,2,1,0,1,0,69505.25,0
5672,15805104,Smith,Aerospace International Logistics Specialist,08/10/1984,27/03/2015,,Blue Collar,Permanent,Full Time,Fixed,Active,Medium,Female,38,"7 Years, 8 Months",7,30044.84,2,0.09,0.75,0.96,2,0,1,0,1,33383.15,0
5673,15622442,Mazzi,Transport Controller,22/12/2000,05/02/2014,,Blue Collar,Temporary,Full Time,Fixed,Active,Medium,Male,22,"8 Years, 10 Months",8,22944.81,3,1,0.77,0.8,2,0,0,1,0,26073.65,0
5674,15572801,Krischock,Warehouse Specialist - Air Logistics,20/03/1978,02/10/2020,,Blue Collar,Temporary,Full Time,Fixed,Active,High,Male,44,"2 Years, 2 Months",2,27094.4,2,0.29,0.76,0.87,1,0,0,0,0,27647.35,0
5675,15767598,Kent,Accounting Coordinator,24/04/1995,11/03/2022,,White Collar,Permanent,Full Time,Fixed,Active,Low,Male,27,"0 Years, 9 Months",0,33962.1,4,0.56,0.87,0.76,0,1,0,0,0,33962.1,0
5676,15757897,Binder,Road Logistics Sales Representative,01/11/2003,04/08/2021,,White Collar,Permanent,Full Time,Fixed,Active,Medium,Female,19,"1  Years, 4 Months",1,36369.45,3,0.74,0.95,0.74,0,0,1,1,1,36369.45,0
5677,15568104,Zubarev,Cloud Service Analyst,14/09/1979,04/02/2022,,White Collar,Permanent,Full Time,Flex and Fixed,Active,Medium,Female,43,"0 Years, 10 Months",0,61201.05,3,0.27,0.73,0.54,0,1,1,0,1,61201.05,0
5678,15763414,Degtyarev,Project Coordinator,07/01/1984,10/07/2014,,White Collar,Permanent,Full Time,Fixed,Active,Medium,Male,39,"8 Years, 5 Months",8,29795.4,1,0.91,0.2,0.56,2,0,0,1,0,32386.3,0
5679,15732265,Obialo,Sea Logistics Pricing Coordinator,20/08/1964,12/06/2010,,White Collar,Permanent,Full Time,Fixed,Active,Medium,Male,58,"12 Years, 6 Months",12,33286.8,1,0.42,0.55,0.43,2,0,0,1,0,36578.9,0
5680,15621974,Davydova,Perishable Warehouse Specialist - Air Logistics,24/06/1969,12/02/2019,,Blue Collar,Permanent,Full Time,Fixed,Active,Low,Female,53,"3 Years, 10 Months",3,30567.36,4,0.88,0.21,0.53,3,0,0,1,0,33590.5,0
5681,15803947,Teng,Accounts Payable,13/03/1995,10/12/2017,07/02/2019,White Collar,Permanent,Full Time,Fixed,Voluntarily Terminated,High,Female,27,"1 Years, 1 Months",1,28400.81,2,0.3,0.91,0.74,5,1,0,0,1,32273.65,1
5682,15720706,Hsing,Sea Logiscitcs Customer Care Specialist ,16/09/1989,21/02/2012,,Blue Collar,Permanent,Full Time,Fixed,Active,Medium,Female,33,"10  Years, 9 Months",10,28882.86,1,0.47,0.61,0.87,1,0,1,1,1,35657.85,0
5683,15759290,Coleman,Perishable Warehouse Specialist - Air Logistics,23/08/1955,17/08/1985,,Blue Collar,Permanent,Full Time,Fixed,Active,Medium,Male,67,"37 Years, 4 Months",37,19781.47,4,0.1,0.89,0.59,1,0,0,1,0,35966.3,0
5684,15651664,Wilder,National Perishable Air Logistics Development Manager Seafood,24/10/1995,17/01/2009,09/10/2015,White Collar,Permanent,Full Time,Flex and Fixed,Voluntarily Terminated,High,Female,27,"6 Years, 8 Months",6,32468.88,2,0.28,0.65,0.76,5,1,0,1,0,34837.85,1
5685,15795132,Molineux,Perishable Customer Care Team Leader - Air Logistics,15/05/1977,03/11/2018,,White Collar,Permanent,Full Time,Fixed,Active,High,Female,45,"4 Years, 1 Months",4,36746.73,1,0.35,0.7,0.48,2,0,0,0,0,39942.1,0
5686,15811565,Cocci,Perishable Operational Care Specialist - Air Logistics,21/07/1978,21/11/2008,12/12/2014,Blue Collar,Permanent,Full Time,Fixed,Voluntarily Terminated,High,Female,44,"6 Years, 0 Months",6,31906.56,2,0.27,0.79,0.95,5,0,1,0,1,33943.15,1
5687,15713774,Chikwendu,Accounts Payable,05/11/1957,10/05/1989,06/05/2015,White Collar,Permanent,Full Time,Fixed,Voluntarily Terminated,High,Female,65,"25 Years, 11 Months",25,29716.14,1,0.27,0.99,0.67,6,1,0,0,0,32300.15,1
5688,15691840,Fraser,Customer Care Specialist-Key Accounts,02/04/1998,07/08/2008,,White Collar,Permanent,Full Time,Fixed,Active,Medium,Female,24,"14 Years, 4 Months",14,29131.34,1,0.43,0.52,0.77,4,0,1,0,1,33873.65,0
5689,15682021,Lai,BI Developer,24/08/1982,16/12/2020,,White Collar,Permanent,Full Time,Flex and Fixed,Active,Medium,Male,40,"2  Years, 0 Months",2,54776.24,1,0.28,0.71,0.97,1,1,0,1,0,58272.6,0
5690,15612931,Korovin,Technical Support Engineer,30/06/1974,11/05/2018,,White Collar,Permanent,Full Time,Flex and Fixed,Active,Low,Female,48,"4 Years, 7 Months",4,55782,1,0.22,0.21,0.58,1,1,1,1,0,61298.9,0
5691,15676707,Sidorov,National Perishable Air Logistics Development Manager Seafood,28/05/1981,21/04/2017,,White Collar,Permanent,Full Time,Flex and Fixed,Active,Medium,Female,41,"5 Years, 7 Months",5,34463.8,4,0.29,0.4,0.62,2,1,0,1,0,37057.85,0
5692,15601383,Ibrahimova,Operations Specialist,21/08/1994,12/10/2015,,Blue Collar,Permanent,Full Time,Fixed,Active,High,Male,28,"7 Years, 2 Months",7,30824.88,4,0.84,0.74,0.75,2,0,0,1,0,34634.7,0
5693,15662662,Duigan,Area Sales Manager,10/11/1982,09/09/2019,,White Collar,Permanent,Full Time,Flex and Fixed,Active,Low,Female,40,"3 Years, 3 Months",3,55855.89,2,0.29,0.79,0.6,2,1,0,1,0,62062.1,0
5694,15752694,Taylor,Stock Investigator & Analyst,08/03/1987,14/12/2014,,White Collar,Permanent,Full Time,Flex and Fixed,Active,High,Female,36,"8 Years, 0 Months",8,44664.46,3,0.15,0.88,0.58,2,1,1,0,0,48026.3,0
5695,15590683,Donaldson,Business Development Manager,03/11/1986,27/05/2016,,White Collar,Permanent,Full Time,Flex and Fixed,Active,Low,Female,36,"6 Years, 6 Months",6,45723.57,1,0.7,0.89,0.93,1,1,1,0,1,48642.1,0
5696,15773591,Jobson,IT-Support,16/05/1991,18/05/2001,,White Collar,Permanent,Full Time,Fixed,Active,Low,Male,31,"21  Years, 7 Months",21,29992.88,1,0.12,0.61,0.72,4,0,1,1,1,39990.5,0
5697,15723620,Lu,Revenue Care Specialist- Air Logistics,23/03/1959,13/02/1998,,White Collar,Permanent,Full Time,Fixed,Active,Medium,Male,63,"24 Years, 10 Months",24,35518.56,3,0.37,0.48,0.54,2,1,1,0,1,41300.65,0
5698,15671779,Nebechi,Trucking Specialist - Air Logistics,16/10/1994,20/01/2019,,Blue Collar,Permanent,Full Time,Fixed,Active,High,Male,28,"3 Years, 10 Months",3,30104.47,4,0.26,0.81,0.98,1,0,0,0,0,33825.25,0
5699,15672966,Cross,Stock Investigator & Analyst,28/02/1983,29/07/2012,,White Collar,Permanent,Full Time,Flex and Fixed,Active,High,Female,40,"10 Years, 4 Months",10,46330.19,4,0.55,0.71,0.74,1,1,1,1,1,49710.5,0
5700,15624667,Wallace,Customer Servce Administrative Officer,12/06/1998,26/09/2022,,Blue Collar,Permanent,Full Time,Fixed,Active,High,Male,24,"0 Years, 2 Months",0,34999.95,4,0.76,0.92,0.53,0,0,1,1,1,34999.95,0
5701,15812888,Perreault,Stock Investigator & Analyst,27/07/1989,16/01/2019,18/01/2022,White Collar,Permanent,Full Time,Flex and Fixed,Terminated for Cause,High,Male,33,"3 Years, 0 Months",3,43079.46,1,0.26,0.99,0.71,8,1,1,1,1,47340.07,1
5702,15724154,Manna,Sea Logiscitcs Customer Care Specialist ,11/02/1959,15/02/2011,15/11/2020,Blue Collar,Permanent,Full Time,Fixed,Terminated for Cause,Low,Female,64,"9 Years, 9 Months",9,27395.47,1,0.18,0.74,0.55,5,0,0,1,1,32613.65,1
5703,15749540,Hsiung,Warehouse Specialist - Air Logistics,04/01/1985,16/11/2018,,Blue Collar,Temporary,Full Time,Fixed,Active,Low,Male,38,"4 Years, 1 Months",4,24147.56,3,0.91,1,0.94,2,0,0,1,0,26247.35,0
5704,15621063,Gibbons,National Air Logistics Gateway Trade Lane Specialist,22/06/1985,21/05/2000,,White Collar,Permanent,Full Time,Fixed,Active,Medium,Female,37,"22 Years, 6 Months",22,32542.36,4,0.9,0.81,0.55,1,0,0,1,0,36979.95,0
5705,15661626,Algeranoff,Apprentice,16/01/2004,14/01/2009,03/04/2021,Blue Collar,Apprentice,Full Time,Fixed,Voluntarily Terminated,Low,Female,19,"12 Years, 2 Months",12,21983.41,3,0.12,0.59,0.7,5,0,0,1,0,23587.35,1
5706,15698703,Doherty,National Air Logistics Pharma Compliance Specialist,21/03/1980,03/09/2018,,Blue Collar,Permanent,Full Time,Fixed,Active,Medium,Male,42,"4 Years, 3 Months",4,29416.93,4,0.19,0.9,0.58,2,0,1,1,1,32326.3,0
5707,15801431,Rowe,Aerospace International Logistics Specialist,24/03/1992,16/01/2022,,Blue Collar,Permanent,Full Time,Fixed,Active,Low,Female,30,"0 Years, 11 Months",0,35429.45,4,0.27,0.98,0.9,0,0,1,1,1,35429.45,0
5708,15649451,Yates,Inventory Clerk,11/12/2003,19/01/2022,,Blue Collar,Temporary,Full Time,Fixed,Active,Medium,Male,19,"0 Years, 10 Months",0,26289.45,1,0.87,0.56,0.55,0,0,1,0,1,26289.45,0
5709,15626156,Galloway,Aerospace International Logistics Specialist,11/08/1955,04/02/2001,,Blue Collar,Permanent,Full Time,Fixed,Active,Low,Female,67,"21 Years, 10 Months",21,22777.23,4,0.26,0.86,0.89,4,0,1,1,1,32538.9,0
5710,15606158,Genovese,IT-Support,27/02/1975,30/09/2019,,White Collar,Permanent,Full Time,Fixed,Active,High,Female,48,"3 Years, 2 Months",3,37663.96,3,0.28,0.82,0.59,1,0,0,1,0,42799.95,0
5711,15589496,Arrington,National Air Logistics Consol & Planning Manager,22/11/1970,19/10/2015,,White Collar,Permanent,Full Time,Flex and Fixed,Active,Low,Male,52,"7 Years, 1 Months",7,63600.24,3,0.17,0.94,0.53,1,1,0,0,0,68387.35,0
5712,15730345,Miah,Road Logistics Sales Representative,23/11/2002,01/12/2021,,White Collar,Permanent,Full Time,Fixed,Active,Low,Female,20,"1  Years, 0 Months",1,31484.2,3,0.21,0.68,0.96,0,0,1,1,1,31484.2,0
5713,15572038,Chijindum,Accounts Payable,31/03/1984,16/10/1988,04/05/2021,White Collar,Permanent,Full Time,Fixed,Voluntarily Terminated,Medium,Male,38,"32 Years, 6 Months",32,28414.72,4,0.24,0.81,0.69,11,1,0,1,0,32289.45,1
5714,15643439,Ferguson,Cloud Service Analyst,20/05/1985,21/05/2004,,White Collar,Permanent,Full Time,Flex and Fixed,Active,Medium,Male,37,"18 Years, 6 Months",18,55578.72,4,0.58,0.59,0.59,1,1,1,0,1,59126.3,0
5715,15604158,Smith,Data Engineer,19/04/1959,19/09/1985,,White Collar,Permanent,Full Time,Flex and Fixed,Active,Low,Female,63,"37 Years, 2 Months",37,42293.04,1,0.13,0.54,0.82,1,1,1,1,1,70488.4,0
5716,15657396,Marshall,Data Engineer,09/03/1972,26/04/2012,,White Collar,Permanent,Full Time,Flex and Fixed,Active,Low,Male,51,"10  Years, 7 Months",10,59358.94,2,0.11,0.77,0.87,10,1,1,0,1,71516.8,0
5717,15709478,P'an,Aerospace International Logistics Specialist,28/08/1955,10/12/2006,,Blue Collar,Permanent,Full Time,Fixed,Active,Low,Male,67,"16 Years, 0 Months",16,27039.25,3,0.18,0.62,0.61,3,0,1,0,1,32974.7,0
5718,15628824,Burton,Account Manager ,20/12/1978,14/06/2019,,White Collar,Permanent,Full Time,Fixed,Active,Low,Female,44,"3 Years, 6 Months",3,34518.71,3,0.27,0.58,0.57,3,1,1,0,1,35586.3,0
5719,15814519,Kamdibe,National Air Logistics Pharma Compliance Specialist,14/10/1980,17/03/2012,,Blue Collar,Permanent,Full Time,Fixed,Active,Medium,Female,42,"10  Years, 9 Months",10,29310.28,3,0.78,0.63,0.84,4,0,0,1,0,36637.85,0
5720,15636520,Milani,Trucking Specialist - Air Logistics,26/06/1995,29/04/2014,,Blue Collar,Permanent,Full Time,Fixed,Active,Low,Male,27,"8 Years, 7 Months",8,27347.6,3,0.27,0.78,1,1,0,0,0,0,32173.65,0
5721,15794414,Forbes,Sales Account Manager,29/11/1962,12/10/1986,,White Collar,Permanent,Full Time,Fixed,Active,Medium,Male,60,"36 Years, 2 Months",36,19618.26,3,0.59,0.82,0.78,1,1,1,1,0,35032.6,0
5722,15643671,Chiekwugo,Customer Servce Administrative Officer,28/10/1986,03/04/2012,02/12/2017,Blue Collar,Permanent,Full Time,Fixed,Voluntarily Terminated,Medium,Male,36,"10  Years, 8 Months",10,27009.04,4,0.58,0.73,0.86,6,0,0,1,0,32937.85,1
5723,15700650,Cousens,Trucking Specialist - Air Logistics,25/01/1987,22/06/2018,,Blue Collar,Permanent,Full Time,Fixed,Active,Low,Male,36,"4 Years, 5 Months",4,32453.69,3,0.17,0.53,0.74,2,0,0,0,0,35275.75,0
5724,15680224,Ross,Data Engineer,26/03/1960,25/03/2012,,White Collar,Permanent,Full Time,Flex and Fixed,Active,Medium,Female,62,"10 Years, 8 Months",10,63213.41,3,0.99,0.88,0.62,2,1,1,1,0,71026.3,0
5725,15784286,Wood,Human Resoruces Coordinator,11/05/1990,04/08/2021,,White Collar,Permanent,Full Time,Fixed,Active,Low,Male,32,"1  Years, 4 Months",1,34396.8,3,0.26,0.65,0.6,0,0,1,1,1,34396.8,0
5726,15693996,Hawks,Transport Controller,30/07/1980,16/02/2022,,Blue Collar,Temporary,Full Time,Fixed,Active,Medium,Female,42,"0 Years, 10 Months",0,28763.15,4,1,0.57,0.61,0,0,0,0,0,28763.15,0
5727,15764343,T'ien,Java Software Engineer ,18/01/1956,10/10/2003,,White Collar,Permanent,Full Time,Flex and Fixed,Active,High,Female,67,"19 Years, 2 Months",19,54916.67,4,0.19,0.93,0.76,3,1,0,1,0,66971.55,0
5728,15704168,Ting,Software Engineer,07/07/1982,07/12/2016,07/02/2019,White Collar,Permanent,Full Time,Flex and Fixed,Voluntarily Terminated,High,Male,40,"2 Years, 2 Months",2,61890.84,3,0.11,0.83,0.64,6,1,0,0,0,70330.5,1
5729,15680197,Thynne,Data Analyst,05/09/1978,05/10/2022,,White Collar,Permanent,Full Time,Flex and Fixed,Active,Medium,Male,44,"0 Years, 2 Months",0,51811.55,3,0.27,0.73,0.45,0,1,1,1,0,51811.55,0
5730,15633729,Wang,Java Software Engineer ,10/12/1988,15/01/2021,,White Collar,Permanent,Full Time,Flex and Fixed,Active,High,Male,34,"1  Years, 11 Months",1,63138.3,1,0.8,0.78,0.67,1,1,1,1,1,67168.4,0
5731,15577683,Maclean,Inside Sales Executive/ Account Manager,29/04/1962,27/11/2021,,White Collar,Permanent,Full Time,Flex and Fixed,Active,Medium,Female,60,"1 Years, 0 Months",1,37043.15,1,0.25,0.9,0.62,0,1,1,1,1,37043.15,0
5732,15800746,Watson,Aerospace International Logistics Specialist,18/03/1977,10/03/2015,19/10/2017,Blue Collar,Permanent,Full Time,Fixed,Voluntarily Terminated,High,Male,45,"2 Years, 7 Months",2,29953.22,2,0.11,0.59,0.66,6,0,1,1,1,32557.85,1
5733,15788686,Gibson,Transport Controller,30/01/1996,08/08/2022,,Blue Collar,Temporary,Full Time,Fixed,Active,High,Male,27,"0 Years, 4 Months",0,27206.3,4,0.94,0.67,0.89,0,0,1,1,1,27206.3,0
5734,15742798,French,National Service Excellence Specialist- Air Logistics,12/11/1959,09/10/2017,25/10/2021,White Collar,Permanent,Full Time,Flex and Fixed,Voluntarily Terminated,Low,Female,63,"4 Years, 0 Months",4,31886.26,3,0.27,0.59,0.51,8,0,0,1,0,34286.3,1
5735,15596647,Henderson,Forklift Operator,30/08/2001,11/01/2018,,Blue Collar,Temporary,Full Time,Fixed,Active,Low,Male,21,"4 Years, 11 Months",4,22358.18,2,0.27,0.53,0.54,1,0,1,1,1,24041.05,0
5736,15756070,Greenwood,Recruiter,09/12/1979,12/10/2012,,White Collar,Permanent,Full Time,Fixed,Active,Low,Female,43,"10  Years, 2 Months",10,34477.56,2,0.59,0.56,0.73,1,0,1,0,1,38308.4,0
5737,15775116,Anderson,Project Manager,15/05/1955,31/10/1993,,White Collar,Permanent,Full Time,Flex and Fixed,Active,Medium,Male,67,"29 Years, 1 Months",29,28021.83,2,0.27,0.72,0.89,1,1,0,0,0,43110.5,0
5738,15575428,Mistry,Perishable Customer Care Team Leader - Air Logistics,13/09/1959,15/07/1994,,White Collar,Permanent,Full Time,Fixed,Active,Medium,Female,63,"28 Years, 5 Months",28,36774.72,4,0.96,0.81,0.49,2,0,1,1,1,41789.45,0
5739,15654074,Tuan,Software Engineer,13/04/1991,24/01/2018,,White Collar,Permanent,Full Time,Flex and Fixed,Active,Low,Male,31,"4 Years, 10 Months",4,66520.9,4,0.43,0.54,0.68,2,1,0,1,0,69292.6,0
5740,15695872,Fiorentini,Sales Specialist-Air Logitics ,08/04/2002,12/03/2018,,Blue Collar,Permanent,Full Time,Fixed,Active,High,Female,20,"4 Years, 9 Months",4,32577.12,3,0.12,0.91,0.87,2,0,1,1,0,36196.8,0
5741,15568885,Scott,BI Developer,24/05/1985,24/07/2018,,White Collar,Permanent,Full Time,Flex and Fixed,Active,Medium,Female,37,"4 Years, 4 Months",4,59344.64,1,0.93,0.51,0.96,1,1,0,1,0,63132.6,0
5742,15725036,Jideofor,Customer Servce Administrative Officer,09/12/2000,31/05/2020,,Blue Collar,Permanent,Full Time,Fixed,Active,Low,Male,22,"2 Years, 6 Months",2,32143.02,4,0.28,0.59,0.39,2,0,1,0,1,34194.7,0
5743,15632665,Yevseyev,Account Manager ,22/04/1999,22/01/2015,27/01/2020,White Collar,Permanent,Full Time,Fixed,Voluntarily Terminated,Medium,Male,23,"5 Years, 0 Months",5,27962.71,1,0.28,0.64,0.86,7,1,1,0,1,32141.05,1
5744,15571476,Kelly,Sea Logistics Pricing Coordinator,04/03/1987,17/11/2017,,White Collar,Permanent,Full Time,Fixed,Active,Medium,Male,36,"5 Years, 1 Months",5,29553.12,4,1,0.95,0.68,1,0,0,0,0,32836.8,0
5745,15776850,Smith,IT-Support,06/01/1957,29/04/1990,,White Collar,Permanent,Full Time,Fixed,Active,High,Female,66,"32 Years, 7 Months",32,23052.25,4,0.15,0.75,0.69,2,0,1,1,1,38420.41,0
5746,15623649,Ogle,Business Development Manager,26/06/1984,06/03/2020,,White Collar,Permanent,Full Time,Flex and Fixed,Active,Medium,Male,38,"2 Years, 9 Months",2,42466.91,4,0.27,0.44,0.38,2,1,1,1,1,48257.85,0
5747,15751131,Moss,Operations Specialist,23/04/2001,21/07/2018,,Blue Collar,Permanent,Full Time,Fixed,Active,Low,Female,21,"4 Years, 4 Months",4,33850,3,0.25,0.55,0.6,1,0,1,1,1,36397.85,0
5748,15688128,Loggia,Technical Support Engineer,06/08/1973,14/04/2012,,White Collar,Permanent,Full Time,Flex and Fixed,Active,Medium,Male,49,"10  Years, 8 Months",10,54595.89,3,0.26,0.6,0.81,5,1,1,0,1,60662.1,0
5749,15678412,Nwankwo,Network Engineer,13/06/1960,10/11/1998,,White Collar,Permanent,Full Time,Flex and Fixed,Active,Low,Female,62,"24 Years, 1 Months",24,58877.406,1,0.6,0.84,0.58,2,1,0,0,0,68462.1,0
5750,15770291,Allan,Software Engineer,05/11/1978,07/09/2013,,White Collar,Permanent,Full Time,Flex and Fixed,Active,High,Female,44,"9 Years, 3 Months",9,58453.37,4,0.28,0.49,0.65,2,1,0,0,0,69587.35,0
5751,15583392,Woronoff,Perishable Warehouse Specialist - Air Logistics,25/08/1972,01/05/2007,30/07/2016,Blue Collar,Permanent,Full Time,Fixed,Voluntarily Terminated,Low,Male,50,"9 Years, 2 Months",9,32998.93,1,0.26,0.75,0.71,6,0,0,1,1,35868.4,1
5752,15690731,Wolfe,Business Analyst,17/04/1985,24/10/2016,,White Collar,Permanent,Full Time,Flex and Fixed,Active,High,Male,37,"6 Years, 1 Months",6,41695.08,2,0.5,0.35,0.81,1,1,1,1,1,46848.4,0
5753,15697948,Henderson,Gateway & Procurement Specialist - Air Logistics,27/04/1985,06/06/2012,,Blue Collar,Permanent,Full Time,Fixed,Active,High,Female,37,"10 Years, 6 Months",10,28411.42,1,0.3,0.68,0.78,1,0,1,1,1,32656.8,0
5754,15608328,Sutherland,Account Manager ,30/09/1982,02/11/2016,,White Collar,Permanent,Full Time,Fixed,Active,Medium,Female,40,"6 Years, 1 Months",6,31206.97,3,0.27,0.52,0.53,1,1,0,0,0,33198.9,0
5755,15766378,Marsden,Perishable Customer Care Team Leader - Air Logistics,13/04/1963,08/12/2019,,White Collar,Permanent,Full Time,Fixed,Active,High,Female,59,"3  Years, 0 Months",3,31958.89,2,0.87,0.78,0.57,1,0,1,1,1,38046.3,0
5756,15600813,Hyde,Sales Operations Manager ,29/07/1982,28/12/2002,,White Collar,Permanent,Full Time,Flex and Fixed,Active,High,Male,40,"19  Years, 11 Months",19,62389.97,2,0.36,0.44,0.92,1,1,1,1,1,65673.65,0
5757,15706217,Kao,National Air Logistics Consol & Planning Manager,25/10/1981,18/11/2012,,White Collar,Permanent,Full Time,Flex and Fixed,Active,Medium,Male,41,"10  Years, 1 Months",10,60877.01,3,0.29,0.18,0.86,2,1,1,1,1,71620.01,0
5758,15601417,T'ang,Sales Specialist-Air Logitics ,22/11/2003,16/07/2020,,Blue Collar,Permanent,Full Time,Fixed,Active,Low,Male,19,"2 Years, 5 Months",2,34793.09,3,0.29,0.37,0.52,2,0,1,1,1,35503.15,0
5759,15610972,Crawford,Gateway & Procurement Team Leader- Air Logistics,20/09/1988,06/10/2018,18/05/2020,White Collar,Permanent,Full Time,Fixed,Voluntarily Terminated,Low,Female,34,"1 Years, 7 Months",1,36843.49,1,0.24,0.71,0.76,5,0,0,0,0,40487.35,1
5760,15674620,Dilibe,Internal Trainer,26/07/1988,01/04/2022,,White Collar,Permanent,Full Time,Fixed,Active,Medium,Female,34,"0 Years, 8 Months",0,36532.6,2,0.14,0.55,0.83,0,0,1,0,1,36532.6,0
5761,15785350,Austin,Customer Care Specialist-Key Accounts,11/02/1998,22/08/2012,,White Collar,Permanent,Full Time,Fixed,Active,High,Male,25,"10  Years, 3 Months",10,28068.79,3,0.96,0.98,0.78,2,0,0,1,0,33022.1,0
5762,15749119,Santiago,Business Development Manager,03/01/1974,25/06/2017,,White Collar,Permanent,Full Time,Flex and Fixed,Active,Low,Female,49,"5 Years, 5 Months",5,44841.51,4,0.78,0.88,0.53,1,1,1,1,1,48740.77,0
5763,15756535,Chibugo,Software Engineer,07/11/1969,18/11/2007,,White Collar,Permanent,Full Time,Flex and Fixed,Active,High,Male,53,"15 Years, 1 Months",15,68169.96,2,0.91,0.79,0.9,3,1,1,1,1,71757.85,0
5764,15700965,Toscano,Java Software Engineer ,03/06/1968,12/09/2018,,White Collar,Permanent,Full Time,Flex and Fixed,Active,High,Female,54,"4 Years, 3 Months",4,65213.65,4,0.71,0.96,0.66,0,1,1,1,1,65213.65,0
5765,15791851,Afanasyeva,IT System Engineer,21/06/1960,21/10/2010,,White Collar,Permanent,Full Time,Flex and Fixed,Active,Low,Female,62,"12 Years, 1 Months",12,65084.46,4,0.14,0.3,0.55,3,1,1,1,1,67937.85,0
5766,15717156,Sokolov,Accountant,04/08/1999,08/05/2017,,White Collar,Permanent,Full Time,Fixed,Active,Medium,Male,23,"5 Years, 7 Months",5,31269.78,2,0.18,0.59,0.9,1,1,1,1,1,34744.2,0
5767,15740846,Wei,Senior DevOps Engineer,04/03/1959,16/12/2006,,White Collar,Permanent,Full Time,Flex and Fixed,Active,Medium,Male,64,"16 Years, 0 Months",16,59812.53,4,0.35,0.72,0.55,1,1,1,1,1,69549.45,0
5768,15573284,Olisanugo,Senior DevOps Engineer,24/02/1971,05/09/2018,,White Collar,Permanent,Full Time,Flex and Fixed,Active,Low,Female,52,"4 Years, 3 Months",4,62612.51,4,0.53,0.59,0.87,2,1,0,0,0,69569.45,0
5769,15729083,Gorman,Material Handler ,25/12/2001,05/11/2013,,Blue Collar,Temporary,Full Time,Fixed,Active,Low,Male,21,"9 Years, 1 Months",9,23483.02,2,0.47,0.93,0.68,2,0,1,0,1,26685.25,0
5770,15611612,Priestley,Apprentice,26/07/2001,10/05/2022,,Blue Collar,Apprentice,Full Time,Fixed,Active,High,Female,21,"0 Years, 7 Months",0,23055.75,4,0.29,0.49,0.86,0,0,0,1,0,23055.75,0
5771,15694381,Lloyd,National Air Logistics Gateway Trade Lane Specialist,23/04/1955,15/08/2012,,White Collar,Permanent,Full Time,Fixed,Active,High,Male,67,"10 Years, 4 Months",10,27097.48,1,0.13,0.73,0.95,3,0,0,1,0,32258.9,0
5772,15651737,Salmond,Customer Care Specialist-Key Accounts,25/12/1972,20/05/2022,,White Collar,Permanent,Full Time,Fixed,Active,Medium,Male,50,"0 Years, 6 Months",0,34833.65,1,0.7,0.53,0.6,0,0,1,0,1,34833.65,0
5773,15663168,MacDonald,Software Engineer,22/06/1992,22/07/2014,,White Collar,Permanent,Full Time,Flex and Fixed,Active,Medium,Male,30,"8 Years, 4 Months",8,62884.39,4,0.08,0.77,0.83,3,1,0,1,0,68352.6,0
5774,15643426,Robertson,Sea Logiscitcs Customer Care Specialist ,03/11/1999,03/03/2017,,Blue Collar,Permanent,Full Time,Fixed,Active,High,Female,23,"5 Years, 9 Months",5,31987.91,1,0.89,0.45,0.62,2,0,0,0,0,35151.55,0
5775,15618245,Chukwumaobim,Software Engineer,07/09/1956,10/05/1987,,White Collar,Permanent,Full Time,Flex and Fixed,Active,Medium,Male,66,"35 Years, 7 Months",35,38929.57,4,0.36,0.95,0.78,4,1,0,1,0,67119.95,0
5776,15717527,Ifeanacho,IT-Support,12/11/1963,12/10/2003,,White Collar,Permanent,Full Time,Fixed,Active,High,Female,59,"19 Years, 2 Months",19,35249.52,1,0.97,0.86,0.69,2,0,0,1,0,38314.7,0
5777,15793478,Li Fonti,Java Software Engineer ,24/02/1974,11/08/2015,21/07/2019,White Collar,Permanent,Full Time,Flex and Fixed,Voluntarily Terminated,High,Female,49,"3 Years, 11 Months",3,62533.15,1,0.25,0.59,0.58,6,1,0,1,1,67239.95,1
5778,15642248,Ko,Business Analyst,15/05/1988,31/08/2021,,White Collar,Permanent,Full Time,Flex and Fixed,Active,Medium,Male,34,"1  Years, 3 Months",1,46911.47,2,0.9,0.95,0.63,1,1,1,1,1,49380.49,0
5779,15640377,Goloubev,Project Manager,12/06/1980,14/01/2020,,White Collar,Permanent,Full Time,Flex and Fixed,Active,High,Female,42,"2 Years, 11 Months",2,40191.32,4,0.29,0.7,0.92,1,1,0,1,0,41011.55,0
5780,15723950,Kruglov,Perishable Operational Care Specialist - Air Logistics,05/06/1981,09/05/2016,07/04/2019,Blue Collar,Permanent,Full Time,Fixed,Voluntarily Terminated,High,Male,41,"2 Years, 10 Months",2,30376.4,4,0.28,0.56,0.64,5,0,1,1,1,33751.55,1
5781,15590327,Liao,Business Analyst,13/10/1982,30/03/1993,,White Collar,Permanent,Full Time,Flex and Fixed,Active,Low,Female,40,"29 Years, 8 Months",29,44901.31,3,0.2,0.5,0.92,1,1,0,1,0,47767.35,0
5782,15706199,White,National Air Logistics Pharma Compliance Specialist,15/11/1960,16/04/1999,,Blue Collar,Permanent,Full Time,Fixed,Active,High,Male,62,"23 Years, 8 Months",23,30791.71,2,1,0.76,0.92,3,0,0,0,0,32074.7,0
5783,15671514,Sinclair,Project Coordinator,07/04/1959,12/04/2015,,White Collar,Permanent,Full Time,Fixed,Active,Medium,Female,63,"7 Years, 8 Months",7,30346.09,1,0.74,0.85,0.77,2,0,1,0,1,36126.3,0
5784,15727041,Fiorentini,Inventory Clerk,18/07/2002,23/03/2022,,Blue Collar,Temporary,Full Time,Fixed,Active,High,Male,20,"0 Years, 8 Months",0,27708.4,4,0.18,0.98,1,0,0,1,1,1,27708.4,0
5785,15738063,Shen,Trucking Specialist - Air Logistics,29/06/1996,09/05/2015,,Blue Collar,Permanent,Full Time,Fixed,Active,High,Male,26,"7 Years, 7 Months",7,33255.22,4,0.28,0.65,0.4,3,0,1,1,1,36544.2,0
5786,15711733,Rapuokwu,Customer Care Specialist-Key Accounts,22/02/1971,24/05/2014,,White Collar,Permanent,Full Time,Fixed,Active,Low,Male,52,"8 Years, 6 Months",8,29696.28,2,0.39,0.44,0.97,3,0,1,0,1,34133.65,0
5787,15652320,Woronoff,BI Developer,04/07/1957,24/08/1991,,White Collar,Permanent,Full Time,Flex and Fixed,Active,High,Male,65,"31  Years, 3 Months",31,35668.78,3,0.98,0.55,0.97,2,1,0,0,0,62576.8,0
5788,15634180,Holden,National Air Logistics Pharma Compliance Specialist,16/09/1999,01/04/2020,,Blue Collar,Permanent,Full Time,Fixed,Active,Medium,Male,23,"2 Years, 8 Months",2,34701.26,4,0.3,0.16,0.8,1,0,0,1,0,35409.45,0
5789,15694566,Roberts,Senior DevOps Engineer,16/11/1981,19/09/2017,07/02/2020,White Collar,Permanent,Full Time,Flex and Fixed,Voluntarily Terminated,High,Female,41,"2 Years, 4 Months",2,66098.96,3,0.27,0.16,0.9,3,1,0,0,0,69577.85,1
5790,15726103,Tsou,National Perishable Air Logistics Development Manager Retail,11/04/1980,02/02/2021,07/05/2022,White Collar,Permanent,Full Time,Flex and Fixed,Voluntarily Terminated,Low,Female,42,"1  Years, 10 Months",1,32132.012,3,0.28,0.75,1,2,1,0,1,0,36513.65,1
5791,15646351,Somerville,Human Resoruces Coordinator,07/09/1999,08/11/2018,,White Collar,Permanent,Full Time,Fixed,Active,Medium,Male,23,"4 Years, 1 Months",4,27994.73,4,0.29,0.59,0.57,2,0,0,1,0,31105.25,0
5792,15730044,Greco,Software Engineer,21/11/1989,29/08/2013,02/04/2022,White Collar,Permanent,Full Time,Flex and Fixed,Voluntarily Terminated,High,Female,33,"8 Years, 7 Months",8,63748.34,2,0.08,0.48,0.87,6,1,1,0,1,66543.15,1
5793,15795186,Leonard,Trucking Team Leader- Air Logistics,13/03/1963,24/12/1987,,White Collar,Permanent,Full Time,Fixed,Active,Low,Male,60,"34 Years, 11 Months",34,37011.78,4,0.84,0.18,0.68,4,0,0,1,0,41124.2,0
5794,15784890,McKenzie,Revenue Care Specialist- Air Logistics,12/06/1983,14/04/2016,,White Collar,Permanent,Full Time,Fixed,Active,Low,Female,39,"6 Years, 8 Months",6,40545.63,4,0.41,0.8,0.72,3,1,0,1,0,43133.65,0
5795,15694125,McElhone,Customer Brokerage Specialist,04/02/1987,17/01/2015,,Blue Collar,Permanent,Full Time,Fixed,Active,High,Male,36,"7 Years, 11 Months",7,34294.62,4,0.49,0.8,0.88,2,1,1,1,1,36796.8,0
5796,15565891,Dipietro,Transport Controller,21/10/1980,21/09/2017,,Blue Collar,Temporary,Full Time,Fixed,Active,High,Male,42,"5 Years, 2 Months",5,24486.96,1,0.44,0.15,0.52,1,0,0,1,0,25775.75,0
5797,15674254,Kerr,National Perishable Air Logistics Development Manager Retail,23/11/1981,23/06/2018,,White Collar,Permanent,Full Time,Flex and Fixed,Active,Low,Female,41,"4 Years, 5 Months",4,32823.03,3,0.41,0.62,0.86,1,1,1,1,1,37298.9,0
5798,15775206,Hunter,Warehouse Shift Team Leader- Air Logistics,02/11/1985,17/10/2013,,White Collar,Permanent,Full Time,Fixed,Active,Medium,Male,37,"9 Years, 2 Months",9,36828.44,4,0.22,0.21,0.99,3,0,0,0,0,41850.5,0
5799,15797627,Niehaus,Project Manager,17/04/1963,26/12/1985,,White Collar,Permanent,Full Time,Flex and Fixed,Active,Low,Male,59,"36 Years, 11 Months",36,36586.21,3,0.58,0.9,0.82,4,1,1,0,1,42542.1,0
5800,15649853,Craig,Transport Controller,18/09/1985,04/10/2003,27/03/2021,Blue Collar,Temporary,Full Time,Fixed,Voluntarily Terminated,High,Female,37,"17 Years, 5 Months",17,26481.47,1,0.6,0.51,1,6,0,1,1,1,28474.7,1
5801,15610379,Barclay-Harvey,Finance Analyst,15/09/1982,19/01/2014,,White Collar,Permanent,Full Time,Flex and Fixed,Active,Low,Male,40,"8 Years, 10 Months",8,45548.51,4,0.88,0.99,0.9,1,1,1,1,1,50609.45,0
5802,15659800,Teng,Account Manager ,27/02/1980,06/04/2016,01/05/2016,White Collar,Permanent,Full Time,Fixed,Voluntarily Terminated,High,Female,43,"0 Years, 0 Months",0,28398.04,1,0.23,0.71,0.49,2,1,1,0,1,32270.5,1
5803,15716236,Milani,Perishable Customer Care Team Leader - Air Logistics,18/12/1975,20/06/2014,,White Collar,Permanent,Full Time,Fixed,Active,High,Male,47,"8 Years, 5 Months",8,36024.02,3,0.76,0.89,0.93,1,0,0,1,0,41888.4,0
5804,15672053,Mistry,Pricing Analyst,20/12/1982,06/09/1990,,White Collar,Permanent,Full Time,Flex and Fixed,Active,High,Male,40,"32  Years, 3 Months",32,49892.69,3,0.38,0.74,0.67,1,1,0,0,0,51971.55,0
5805,15663933,Jamieson,Warehouse Quality Control Specialist - Air Logistics,20/10/1983,23/06/2021,04/01/2022,Blue Collar,Permanent,Full Time,Fixed,Voluntarily Terminated,Low,Female,39,"1  Years, 5 Months",1,22638.16,4,0.54,0.84,0.85,4,0,0,1,0,24083.15,1
5806,15814236,Kay,Java Software Engineer ,03/03/1985,15/05/2020,,White Collar,Permanent,Full Time,Flex and Fixed,Active,Low,Female,38,"2  Years, 7 Months",2,59283.45,3,0.27,0.4,0.64,2,1,1,1,0,65870.5,0
5807,15583597,Ikedinachukwu,Perishable Manager - Air Logistics,11/03/1974,17/04/2013,,White Collar,Permanent,Full Time,Flex and Fixed,Active,Medium,Male,49,"9 Years, 8 Months",9,56775.9,1,0.35,1,0.71,3,1,1,1,0,69238.9,0
5808,15607395,Holt,Perishable Customer Care Team Leader - Air Logistics,28/12/1998,23/03/2018,,White Collar,Permanent,Full Time,Fixed,Active,Low,Female,24,"4 Years, 8 Months",4,37603.88,1,0.29,0.48,0.51,3,0,0,1,0,42251.55,0
5809,15694556,Nkemakolam,Internal Trainer,04/12/1962,26/03/1995,13/04/2017,White Collar,Permanent,Full Time,Fixed,Voluntarily Terminated,Low,Male,60,"27  Years, 8 Months",27,33471.47,1,0.5,0.99,0.6,6,0,0,1,0,34938.9,1
5810,15744109,Hartung,Finance Analyst,19/05/1979,08/11/2019,,White Collar,Permanent,Full Time,Flex and Fixed,Active,Medium,Male,43,"3 Years, 1 Months",3,49259.66,2,0.96,0.73,0.81,1,1,1,1,1,50783.15,0
5811,15800688,Ch'en,Apprentice,30/06/2002,03/04/2022,,Blue Collar,Apprentice,Full Time,Fixed,Active,Medium,Female,20,"0 Years, 8 Months",0,22725.25,2,0.87,0.84,0.91,0,0,0,1,0,22725.25,0
5812,15810878,Baker,Inventory Clerk,13/08/2003,15/01/2021,,Blue Collar,Temporary,Full Time,Fixed,Active,Low,Female,19,"1  Years, 11 Months",1,22837.95,1,0.51,0.55,0.7,1,0,1,0,1,24039.95,0
5813,15587835,Osinachi,Accountant,11/03/1964,16/11/2006,,White Collar,Permanent,Full Time,Fixed,Active,High,Male,59,"16 Years, 1 Months",16,29292.12,3,0.53,0.44,0.99,4,1,1,0,1,35722.1,0
5814,15763515,Shih,Project Coordinator,10/04/1986,17/06/2013,,White Collar,Permanent,Full Time,Fixed,Active,Medium,Male,36,"9 Years, 6 Months",9,27414.03,4,0.27,0.95,0.67,1,0,0,1,0,32635.75,0
5815,15725882,Feng,Customer Brokerage Specialist,23/08/1960,03/11/2015,,Blue Collar,Permanent,Full Time,Fixed,Active,High,Female,62,"7 Years, 1 Months",7,31658.55,1,0.26,0.76,0.65,2,1,1,1,1,33968.4,0
5816,15788022,Sternberg,Accountant,01/12/1959,17/10/1995,,White Collar,Permanent,Full Time,Fixed,Active,Low,Female,63,"27  Years, 2 Months",27,29713.87,4,0.21,0.94,0.7,4,1,1,0,1,35373.65,0
5817,15663917,Adams,Warehouse Shift Manager - Air Logistics,15/12/1982,29/10/2019,,White Collar,Permanent,Full Time,Fixed,Active,High,Male,40,"3 Years, 1 Months",3,58971.77,3,0.29,0.85,0.5,2,1,1,0,1,63410.5,0
5818,15656865,Gray,Inventory Clerk,24/09/2004,01/11/2020,,Blue Collar,Temporary,Full Time,Fixed,Active,Medium,Male,18,"2 Years, 1 Months",2,25067.32,1,0.27,0.57,0.62,1,0,1,0,1,25578.9,0
5819,15667971,Shepherd,National Perishable Air Logistics Development Manager Retail,09/03/1996,04/01/2013,,White Collar,Permanent,Full Time,Flex and Fixed,Active,Low,Female,26,"9 Years, 11 Months",9,31994.91,4,0.09,0.67,0.49,3,1,1,1,1,36357.85,0
5820,15800366,Walton,Software Engineer,12/07/1983,30/09/2012,,White Collar,Permanent,Full Time,Flex and Fixed,Active,High,Male,39,"10  Years, 2 Months",10,64787.67,3,0.67,0.7,0.67,1,1,1,1,1,71986.3,0
5821,15717231,Yang,Business Development Executive,25/05/1981,22/04/2017,,White Collar,Permanent,Full Time,Flex and Fixed,Active,High,Male,41,"5 Years, 7 Months",5,38921.08,2,0.42,0.67,0.55,1,0,0,0,0,43731.55,0
5822,15643188,Barnett,Accounting Coordinator,10/09/1979,27/03/2006,08/05/2014,White Collar,Permanent,Full Time,Fixed,Voluntarily Terminated,Medium,Female,43,"8 Years, 1 Months",8,31380.63,2,0.55,0.72,0.84,3,1,0,1,0,32021.05,1
5823,15671351,Romani,Business Development Executive,11/09/1981,27/01/2017,,White Collar,Permanent,Full Time,Flex and Fixed,Active,Medium,Male,41,"5 Years, 10 Months",5,38510.51,1,0.29,0.71,0.53,1,0,0,1,0,42789.45,0
5824,15573628,Greene,Java Software Engineer ,28/10/1985,31/03/2013,06/04/2016,White Collar,Permanent,Full Time,Flex and Fixed,Voluntarily Terminated,High,Female,37,"3 Years, 0 Months",3,56048.96,3,0.21,0.51,0.8,6,1,0,1,0,65939.95,1
5825,15698953,Hart,Account Manager ,01/09/1985,25/02/2006,14/01/2015,White Collar,Permanent,Full Time,Fixed,Voluntarily Terminated,Medium,Male,37,"8 Years, 10 Months",8,34102.22,2,0.35,0.46,0.65,4,1,1,1,1,35523.15,1
5826,15753888,Johnston,Perishable Operational Care Specialist - Air Logistics,21/09/1996,30/09/2009,09/12/2015,Blue Collar,Permanent,Full Time,Fixed,Voluntarily Terminated,High,Female,26,"6 Years, 2 Months",6,32227.33,2,0.26,0.52,0.83,5,0,1,1,1,33640.22,1
5827,15737961,Miller,Road Logistics Sales Representative,17/03/2002,27/02/2021,,White Collar,Permanent,Full Time,Fixed,Active,Low,Female,20,"1  Years, 9 Months",1,31159.95,4,0.48,0.21,0.9,0,0,1,1,1,31159.95,0
5828,15801701,Robson,National Air Logistics Gateway Trade Lane Specialist,28/05/1982,05/08/2020,,White Collar,Permanent,Full Time,Fixed,Active,Low,Male,40,"2 Years, 4 Months",2,34933.37,3,0.23,0.43,0.93,2,0,1,1,1,35646.3,0
5829,15684419,Wallace,Cloud Service Analyst,09/01/1958,30/05/1985,,White Collar,Permanent,Full Time,Flex and Fixed,Active,High,Female,65,"37 Years, 6 Months",37,39236.19,2,0.14,0.91,0.62,5,1,0,1,0,65393.65,0
5830,15794266,Cross,Technical Support Engineer,27/09/1971,28/05/2012,,White Collar,Permanent,Full Time,Flex and Fixed,Active,High,Male,51,"10 Years, 6 Months",10,50249.68,3,0.42,0.74,0.85,4,1,0,1,0,59821.05,0
5831,15810711,Marcum,National Air Logistics Pharma Compliance Specialist,01/01/1980,04/02/2014,,Blue Collar,Permanent,Full Time,Fixed,Active,Low,Male,43,"8 Years, 10 Months",8,28599.04,4,0.29,0.34,0.81,2,0,1,1,1,33254.7,0
5832,15771270,North,Accounting Coordinator,30/01/1976,31/12/2018,05/12/2020,White Collar,Permanent,Full Time,Fixed,Voluntarily Terminated,Medium,Female,47,"1 Years, 11 Months",1,30076.91,3,0.29,0.28,0.46,5,1,1,1,1,33051.55,1
5833,15607786,Mao,Regional Air logistics Trainer Specialist,13/01/1998,06/01/2017,,White Collar,Permanent,Full Time,Fixed,Active,Low,Male,25,"5 Years, 11 Months",5,32781.98,4,0.94,0.7,0.79,3,0,1,0,1,34507.35,0
5834,15624519,Calabrese,Recruiter,21/12/1955,15/12/2004,27/05/2021,White Collar,Permanent,Full Time,Fixed,Voluntarily Terminated,Low,Female,67,"16 Years, 5 Months",16,32280.83,2,0.48,0.53,0.59,5,0,0,1,0,41923.15,1
5835,15799910,Martin,National Perishable Air Logistics Development Manager Seafood,12/08/1985,10/10/1983,23/02/2014,White Collar,Permanent,Full Time,Flex and Fixed,Voluntarily Terminated,Medium,Male,37,"30 Years, 4 Months",30,32359.76,3,0.45,0.39,0.51,6,1,0,1,0,35173.65,1
5836,15602479,Fleming,Account Manager ,25/07/1971,18/12/2019,,White Collar,Permanent,Full Time,Fixed,Active,Medium,Male,51,"3 Years, 0 Months",3,32193.49,2,0.27,0.96,0.59,1,1,1,1,0,32850.5,0
5837,15617419,Roberts,Perishable Customer Care Team Leader - Air Logistics,09/07/2000,27/09/2012,,White Collar,Permanent,Full Time,Fixed,Active,High,Female,22,"10  Years, 2 Months",10,33111.06,3,0.17,0.74,0.53,4,0,1,1,0,40877.85,0
5838,15657603,Finch,Perishable Warehouse Specialist - Air Logistics,25/05/1968,07/03/1997,,Blue Collar,Permanent,Full Time,Fixed,Active,High,Female,54,"25 Years, 9 Months",25,33434.73,4,0.86,0.79,0.86,3,0,0,1,0,36342.1,0
5839,15570379,Whitelegge,Customer Servce Administrative Officer,22/09/1959,09/10/1983,14/02/2020,Blue Collar,Permanent,Full Time,Fixed,Voluntarily Terminated,Low,Male,63,"36 Years, 4 Months",36,30090.42,1,0.19,0.61,0.47,6,0,0,0,1,31021.05,1
5840,15772996,Rooke,Human Resoruces Coordinator,12/04/1974,17/12/2019,,White Collar,Permanent,Full Time,Fixed,Active,High,Male,48,"3 Years, 0 Months",3,33735.47,4,0.56,0.36,0.4,1,0,1,1,0,36274.7,0
5841,15729574,Lu,Regional Air logistics Trainer Specialist,05/04/1985,18/11/2019,,White Collar,Permanent,Full Time,Fixed,Active,High,Male,37,"3 Years, 1 Months",3,30102.75,2,0.49,0.15,0.91,2,0,1,1,1,32024.2,0
5842,15737267,Marcelo,National Service Excellence Specialist- Air Logistics,18/08/1959,15/07/1993,17/12/2020,White Collar,Permanent,Full Time,Flex and Fixed,Voluntarily Terminated,Low,Female,63,"29  Years, 5 Months",29,28514.36,3,0.4,0.61,0.5,6,0,0,1,0,33546.3,1
5843,15799128,Matthews,National Perishable Air Logistics Development Manager Seafood,17/03/1964,24/09/2015,,White Collar,Permanent,Full Time,Flex and Fixed,Active,Low,Female,58,"7 Years, 2 Months",7,31377.98,3,0.13,0.59,0.94,3,1,1,0,1,33029.45,0
5844,15813327,Romani,Finance Analyst,27/08/1982,13/05/2012,,White Collar,Permanent,Full Time,Flex and Fixed,Active,Medium,Male,40,"10  Years, 7 Months",10,42562.31,1,0.1,0.58,0.77,2,1,1,1,1,51905.25,0
5845,15711921,Scott,Forklift Operator,25/10/2003,29/10/2022,,Blue Collar,Temporary,Full Time,Fixed,Active,High,Male,19,"0 Years, 1 Months",0,28870.5,2,0.39,0.49,0.92,0,0,1,1,1,28870.5,0
5846,15654300,Mao,Gateway & Procurement Specialist - Air Logistics,25/05/1984,02/09/2022,,Blue Collar,Permanent,Full Time,Fixed,Active,High,Male,38,"0 Years, 3 Months",0,36963.15,4,0.76,0.92,0.96,0,0,1,0,1,36963.15,0
5847,15569945,Horsley,Customer Care Specialist-Key Accounts,11/11/1992,06/03/2015,,White Collar,Permanent,Full Time,Fixed,Active,Medium,Male,30,"7 Years, 9 Months",7,29847.09,4,0.28,0.72,0.92,1,0,0,1,0,32093.65,0
5848,15569666,Goddard,Sea Logistics Pricing Coordinator,20/05/1994,06/05/2016,17/08/2021,White Collar,Permanent,Full Time,Fixed,Voluntarily Terminated,Medium,Female,28,"5 Years, 3 Months",5,32028.24,2,0.36,0.39,0.85,6,0,0,0,0,34072.6,1
5849,15681887,Eskridge,Sales Operations Manager ,03/12/1989,03/10/2016,,White Collar,Permanent,Full Time,Flex and Fixed,Active,Low,Male,33,"6 Years, 2 Months",6,63485.58,4,0.23,0.6,0.57,1,1,1,1,1,67537.85,0
5850,15608873,Smith,Account Manager ,27/01/1994,04/08/2012,,White Collar,Permanent,Full Time,Fixed,Active,High,Male,29,"10  Years, 4 Months",10,26675.36,3,0.89,0.21,0.4,5,1,0,0,0,33344.2,0
5851,15762091,Simpson,Internal Trainer,23/08/1971,21/12/2021,,White Collar,Permanent,Full Time,Fixed,Active,High,Female,51,"0 Years, 11 Months",0,32882.1,4,0.76,0.83,0.75,0,0,1,1,0,32882.1,0
5852,15722053,Oguejiofor,BI Developer,18/07/1984,10/12/2016,,White Collar,Permanent,Full Time,Flex and Fixed,Active,Low,Male,38,"6 Years, 0 Months",6,55354.77,4,0.45,0.71,0.95,1,1,1,0,1,62903.15,0
5853,15782100,Holloway,Sales Specialist-Air Logitics ,27/09/2003,24/04/2020,,Blue Collar,Permanent,Full Time,Fixed,Active,High,Male,19,"2 Years, 7 Months",2,32839.74,4,0.44,0.94,0.46,11,0,1,0,1,35311.55,0
5854,15765300,L?,Human Resoruces Coordinator,19/04/1960,11/08/2014,14/06/2015,White Collar,Permanent,Full Time,Fixed,Voluntarily Terminated,Low,Male,62,"0 Years, 10 Months",0,28699.088,3,0.3,0.59,0.99,2,0,0,1,0,32612.6,1
5855,15743570,Feng,Trucking Team Leader- Air Logistics,28/11/1990,07/07/2014,,White Collar,Permanent,Full Time,Fixed,Active,Low,Female,32,"8 Years, 5 Months",8,34471.51,2,0.56,0.59,0.59,1,0,1,1,1,40083.15,0
5856,15608541,Claiborne,Sea Logiscitcs Customer Care Specialist ,20/11/1992,29/04/2016,17/06/2016,Blue Collar,Permanent,Full Time,Fixed,Voluntarily Terminated,Medium,Male,30,"0 Years, 1 Months",0,30530.41,1,0.11,0.41,0.68,5,0,0,1,0,34693.65,1
5857,15750671,Egobudike,National Air Logistics Transport & QSHE Manager,12/05/1964,28/10/2000,,White Collar,Permanent,Full Time,Flex and Fixed,Active,High,Male,58,"22 Years, 1 Months",22,59956.69,3,0.85,0.64,0.7,2,1,0,1,0,68132.6,0
5858,15813659,Folliero,Accountant,02/10/1981,08/09/2021,04/09/2022,White Collar,Permanent,Full Time,Fixed,Voluntarily Terminated,High,Female,41,"1  Years, 3 Months",1,34168.98,4,0.15,0.54,0.5,3,1,0,1,0,35967.35,1
5859,15757867,Bray,National Perishable Air Logistics Development Manager Seafood,20/04/1980,14/03/2017,12/06/2017,White Collar,Permanent,Full Time,Flex and Fixed,Voluntarily Terminated,Medium,Female,42,"0 Years, 2 Months",0,31618.84,1,0.43,0.42,0.63,5,1,0,1,0,35930.5,1
5860,15652914,Ibrahimov,National Air Logistics Pharma Compliance Specialist,21/10/1961,21/11/2014,,Blue Collar,Permanent,Full Time,Fixed,Active,Medium,Male,61,"8 Years, 0 Months",8,31866.99,2,0.44,0.7,0.79,1,0,1,0,1,33901.05,0
5861,15723818,Carpenter,Trucking Specialist - Air Logistics,12/11/2000,07/08/2012,,Blue Collar,Permanent,Full Time,Fixed,Active,High,Female,22,"10 Years, 4 Months",10,26933.93,4,0.3,0.9,0.62,1,0,0,1,0,32064.2,0
5862,15713819,Walsh,Senior DevOps Engineer,08/07/1986,14/03/2016,,White Collar,Permanent,Full Time,Flex and Fixed,Active,Low,Male,36,"6 Years, 9 Months",6,65680.24,3,0.69,0.14,0.74,1,1,1,1,1,69872.6,0
5863,15656484,Woods,National Air Logistics Consol & Planning Manager,13/10/1977,12/01/2015,,White Collar,Permanent,Full Time,Flex and Fixed,Active,High,Male,45,"7 Years, 11 Months",7,66595.4,3,0.22,0.33,0.69,1,1,1,1,1,72386.3,0
5864,15778515,Wu,Inventory Clerk,03/12/2001,31/08/2017,,Blue Collar,Temporary,Full Time,Fixed,Active,Medium,Male,21,"5 Years, 3 Months",5,24141.8,3,0.26,0.73,0.53,1,0,0,0,0,26529.45,0
5865,15803840,Forbes,Recruiter,30/07/1982,10/06/2016,,White Collar,Permanent,Full Time,Fixed,Active,Medium,Female,40,"6 Years, 6 Months",6,37185.77,3,0.66,0.8,0.87,2,0,0,0,0,39898.9,0
5866,15735339,Lynch,IT System Engineer,17/05/1972,25/02/2019,,White Collar,Permanent,Full Time,Flex and Fixed,Active,Medium,Male,50,"3 Years, 9 Months",3,63863.73,4,0.28,0.17,0.91,3,1,0,1,0,65838.9,0
5867,15600392,Amaechi,Perishable Customer Care Team Leader - Air Logistics,12/12/1981,27/06/2018,14/11/2020,White Collar,Permanent,Full Time,Fixed,Voluntarily Terminated,High,Female,41,"2 Years, 4 Months",2,36274.13,2,0.29,0.34,0.91,6,0,1,0,1,39428.4,1
5868,15625740,Enriquez,Area Sales Manager,10/01/1970,07/12/1988,,White Collar,Permanent,Full Time,Flex and Fixed,Active,Medium,Male,53,"34 Years, 0 Months",34,59703.66,1,0.89,0.61,0.9,2,1,1,1,1,60922.1,0
5869,15663817,Y?an,Gateway & Procurement Team Leader- Air Logistics,01/10/1985,30/11/2015,,White Collar,Permanent,Full Time,Fixed,Active,Medium,Male,37,"7 Years, 0 Months",7,34353.02,1,0.91,0.18,0.95,1,0,1,1,1,38598.9,0
5870,15734461,Brooks,Gateway & Procurement Team Leader- Air Logistics,14/09/1971,20/06/2020,,White Collar,Permanent,Full Time,Fixed,Active,Medium,Male,51,"2 Years, 5 Months",2,36545.27,4,0.26,0.72,0.94,1,0,1,0,1,41062.1,0
5871,15780142,Wang,Customer Brokerage Specialist,19/04/1982,23/03/2020,,Blue Collar,Permanent,Full Time,Fixed,Active,High,Male,40,"2 Years, 8 Months",2,34808.52,4,0.96,0.32,0.79,1,1,0,1,0,35518.9,0
5872,15709920,Burke,Regional Air logistics Trainer Specialist,26/09/1980,01/11/2016,,White Collar,Permanent,Full Time,Fixed,Active,High,Female,42,"6 Years, 1 Months",6,32446.78,1,0.12,0.85,0.81,1,0,0,0,0,34517.85,0
5873,15684248,Meng,Technical Support Engineer,03/03/1962,06/10/2010,,White Collar,Permanent,Full Time,Flex and Fixed,Active,High,Male,61,"12  Years, 2 Months",12,50196.05,2,0.52,0.85,0.74,2,1,1,0,1,61214.7,0
5874,15643158,Chiganu,Sea Logiscitcs Customer Care Specialist ,18/09/1980,17/02/2014,29/10/2015,Blue Collar,Permanent,Full Time,Fixed,Voluntarily Terminated,Low,Female,42,"1 Years, 8 Months",1,28386.91,3,0.6,0.49,0.81,5,0,0,1,0,32257.85,1
5875,15693902,Hunt,Senior DevOps Engineer,21/11/1992,24/10/2017,,White Collar,Permanent,Full Time,Flex and Fixed,Active,High,Male,30,"5 Years, 1 Months",5,64780.98,3,0.21,0.36,0.82,3,1,1,1,1,68190.5,0
5876,15578307,Lucchese,Gateway & Procurement Team Leader- Air Logistics,13/04/1985,29/10/2016,,White Collar,Permanent,Full Time,Fixed,Active,Low,Female,37,"6 Years, 1 Months",6,34185.43,1,0.87,0.8,0.99,2,0,1,1,1,39750.5,0
5877,15585379,Humphries,Inside Sales Executive/ Account Manager,18/03/1999,19/05/2017,,White Collar,Permanent,Full Time,Flex and Fixed,Active,Medium,Male,23,"5 Years, 6 Months",5,32729.67,2,0.28,0.55,0.9,2,1,0,1,0,36366.3,0
5878,15758510,Frolova,Inventory Clerk,29/05/2003,09/07/2022,,Blue Collar,Temporary,Full Time,Fixed,Active,Low,Male,19,"0 Years, 5 Months",0,26781.05,3,0.28,0.69,0.56,0,0,0,0,0,26781.05,0
5879,15692918,Hsing,Java Software Engineer ,26/07/1961,18/03/1990,,White Collar,Permanent,Full Time,Flex and Fixed,Active,Medium,Male,61,"32 Years, 9 Months",32,61529.82,3,0.47,0.71,0.61,2,1,1,1,1,71546.3,0
5880,15705301,Parkes,Gateway & Procurement Specialist - Air Logistics,25/03/1988,08/11/2001,,Blue Collar,Permanent,Full Time,Fixed,Active,Low,Male,34,"21  Years, 1 Months",21,25044.77,4,0.96,0.74,0.56,11,0,1,1,1,32953.65,0
5881,15718231,Gregory,Warehouse Quality Control Specialist - Air Logistics,26/01/1992,18/07/2017,,Blue Collar,Permanent,Full Time,Fixed,Active,Medium,Male,31,"5 Years, 5 Months",5,22957.28,4,0.28,0.76,0.89,5,0,1,1,1,25794.7,0
5882,15567991,Obiuto,Trucking Specialist - Air Logistics,22/09/1969,15/08/2019,,Blue Collar,Permanent,Full Time,Fixed,Active,High,Male,53,"3 Years, 4 Months",3,33305,4,0.91,0.81,0.62,2,0,1,0,1,36598.9,0
5883,15772650,Longo,Recruiter,26/12/1979,02/12/2014,15/02/2018,White Collar,Permanent,Full Time,Fixed,Voluntarily Terminated,High,Male,43,"3 Years, 2 Months",3,33791.64,3,0.27,0.59,1,4,0,1,0,1,39292.6,1
5884,15574795,Lombardo,Account Manager ,07/08/1981,20/11/2019,,White Collar,Permanent,Full Time,Fixed,Active,Low,Female,41,"3 Years, 0 Months",3,29014.07,4,0.47,0.97,0.69,1,1,1,1,1,32237.85,0
5885,15706036,Lombardo,Sea Logiscitcs Customer Care Specialist ,17/12/2000,15/10/2022,,Blue Collar,Permanent,Full Time,Fixed,Active,Low,Male,22,"0 Years, 2 Months",0,36921.05,4,0.29,0.98,0.74,0,0,1,1,1,36921.05,0
5886,15723856,Gonzalez,Sea Logistics Pricing Coordinator,29/04/1992,15/03/2015,,White Collar,Permanent,Full Time,Fixed,Active,Medium,Female,30,"7 Years, 9 Months",7,29078.64,2,0.1,0.96,0.87,3,0,1,1,1,31267.35,0
5887,15812920,Nwabugwu,Perishable Customer Care Team Leader - Air Logistics,10/11/1968,13/06/2016,,White Collar,Permanent,Full Time,Fixed,Active,High,Male,54,"6 Years, 6 Months",6,34061.71,2,0.39,0.82,0.63,3,0,1,0,1,40072.6,0
5888,15691287,Ford,Project Coordinator,09/07/1982,02/10/2004,,White Collar,Permanent,Full Time,Fixed,Active,Medium,Female,40,"18 Years, 2 Months",18,29669.49,1,0.26,0.97,0.93,3,0,0,1,0,32249.45,0
5889,15804797,Gilleland,Recruiter,23/11/1959,27/06/1996,31/03/2018,White Collar,Permanent,Full Time,Fixed,Voluntarily Terminated,High,Female,63,"26  Years, 5 Months",26,35244.16,1,0.43,0.37,0.51,6,0,1,1,1,39160.18,1
5890,15708650,Fullwood,National Perishable Air Logistics Development Manager Seafood,13/10/1961,02/07/2011,,White Collar,Permanent,Full Time,Flex and Fixed,Active,High,Female,61,"11 Years, 5 Months",11,29743.96,3,0.18,0.14,0.52,2,1,1,0,1,33799.95,0
5891,15712777,Kao,Inventory Clerk,26/04/2002,27/03/2017,,Blue Collar,Temporary,Full Time,Fixed,Active,High,Male,20,"5 Years, 8 Months",5,22066.66,2,0.27,0.3,0.67,1,0,0,1,0,25075.75,0
5892,15786469,Montalvo,National Air Logistics Gateway Trade Lane Specialist,17/11/1958,06/04/1992,,White Collar,Permanent,Full Time,Fixed,Active,Low,Female,64,"30 Years, 8 Months",30,23903.15,3,0.3,0.74,0.89,3,0,0,1,0,34147.35,0
5893,15669219,Wilson,Warehouse Shift Manager - Air Logistics,08/06/1982,27/05/2019,,White Collar,Permanent,Full Time,Fixed,Active,Low,Male,40,"3 Years, 6 Months",3,56454.08,1,0.9,0.85,0.48,2,1,0,1,0,63431.55,0
5894,15641004,Doyne,Analyst Programmer ,14/10/1963,21/03/1999,,White Collar,Permanent,Full Time,Flex and Fixed,Active,Medium,Female,59,"23 Years, 8 Months",23,55609.6,3,0.12,0.69,0.65,1,1,1,0,1,61109.45,0
5895,15648067,Onwuamaeze,National Perishable Air Logistics Development Manager Seafood,07/03/1984,20/06/2016,,White Collar,Permanent,Full Time,Flex and Fixed,Active,Medium,Male,39,"6 Years, 5 Months",6,34047.09,3,0.29,0.6,0.95,2,1,0,1,0,36220.31,0
5896,15704014,K'ung,Human Resoruces Coordinator,17/12/1985,27/02/2014,,White Collar,Permanent,Full Time,Fixed,Active,High,Male,37,"8  Years, 9 Months",8,33639.28,3,0.49,0.53,0.85,3,0,0,1,0,36093.65,0
5897,15645136,O'Donnell,Apprentice,12/03/2002,22/06/2022,,Blue Collar,Apprentice,Full Time,Fixed,Active,High,Male,20,"0 Years, 5 Months",0,22389.45,2,0.08,0.94,0.88,0,0,0,1,0,22389.45,0
5898,15709604,McMillan,Perishable Customer Care Team Leader - Air Logistics,14/06/1977,04/12/2021,,White Collar,Permanent,Full Time,Fixed,Active,High,Male,45,"1  Years, 0 Months",1,40591.55,3,0.27,0.57,0.63,0,0,0,1,0,40591.55,0
5899,15713637,Chinedum,Business Analyst,27/02/1975,06/02/2016,,White Collar,Permanent,Full Time,Flex and Fixed,Active,Low,Male,48,"6 Years, 10 Months",6,48223.97,4,0.36,0.2,0.73,1,1,0,1,0,51302.1,0
5900,15793901,Capon,IT-Support,02/06/1971,23/02/2016,,White Collar,Permanent,Full Time,Fixed,Active,Medium,Female,51,"6 Years, 9 Months",6,35659.53,1,0.18,0.82,0.92,2,0,0,0,0,39186.3,0
5901,15569759,Rawling,Internal Trainer,02/11/1985,11/06/1990,,White Collar,Permanent,Full Time,Fixed,Active,Medium,Female,37,"32 Years, 6 Months",32,35910.29,4,0.74,0.62,0.92,2,0,0,1,0,36643.15,0
5902,15712930,Duncan,Air Logistics Support Manager,08/06/1989,16/02/2019,,White Collar,Permanent,Full Time,Flex and Fixed,Active,Medium,Male,33,"3 Years, 10 Months",3,62047.62,2,0.3,0.88,0.59,2,1,0,0,0,68184.2,0
5903,15586504,Trevisani,Road Logistics Sales Representative,04/05/2002,22/10/2012,,White Collar,Permanent,Full Time,Fixed,Active,Low,Male,20,"10  Years, 1 Months",10,29166.16,3,0.19,0.82,0.62,1,0,0,1,0,35139.95,0
5904,15677317,Ankudinova,Business Development Manager,22/02/1987,29/01/1990,16/04/2018,White Collar,Permanent,Full Time,Flex and Fixed,Voluntarily Terminated,Medium,Female,36,"32  Years, 10 Months",32,48383.95,2,0.28,0.62,0.91,4,1,1,1,1,50399.95,1
5905,15664270,Balsillie,Customer Servce Administrative Officer,27/12/1956,22/07/1995,08/12/2020,Blue Collar,Permanent,Full Time,Fixed,Voluntarily Terminated,Low,Male,66,"25 Years, 4 Months",25,21038.69,2,0.51,0.47,0.48,4,0,0,1,1,31876.8,1
5906,15731519,Kerr,Sea Logistics Pricing Coordinator,19/03/1980,22/09/2017,,White Collar,Permanent,Full Time,Fixed,Active,Medium,Female,42,"5 Years, 2 Months",5,30704.65,3,0.26,0.91,0.66,1,0,0,1,0,33015.75,0
5907,15745623,Worsnop,Project Coordinator,22/06/1991,11/06/2022,,White Collar,Permanent,Full Time,Fixed,Active,Low,Male,31,"0 Years, 6 Months",0,33840.32,2,0.29,0.7,0.96,0,0,0,0,0,33840.32,0
5908,15813862,Yevseyev,Data Engineer,09/04/1957,20/09/2018,,White Collar,Permanent,Full Time,Flex and Fixed,Active,Medium,Male,65,"4 Years, 2 Months",4,65119.95,3,0.29,0.84,0.9,1,1,1,1,1,71560.38,0
5909,15641934,Manna,Perishable Warehouse Specialist - Air Logistics,12/01/1991,25/12/2014,19/11/2022,Blue Collar,Permanent,Full Time,Fixed,Voluntarily Terminated,Medium,Female,32,"7 Years, 10 Months",7,34235.72,2,0.38,0.35,0.57,4,0,0,1,0,36812.6,1
5910,15713043,Siciliani,Customer Care Specialist-Key Accounts,26/11/1981,15/07/2012,,White Collar,Permanent,Full Time,Fixed,Active,Low,Female,41,"10  Years, 5 Months",10,29443.07,3,0.29,0.28,0.83,5,0,1,1,1,34638.9,0
5911,15700749,Powell,Technical Support Engineer,28/04/1978,02/06/2022,,White Collar,Permanent,Full Time,Flex and Fixed,Active,Low,Female,44,"0 Years, 6 Months",0,60861.05,1,0.1,0.37,0.37,0,1,1,1,1,60861.05,0
5912,15697567,Bazarova,Transport Controller,22/11/2001,19/09/2012,,Blue Collar,Temporary,Full Time,Fixed,Active,Low,Male,21,"10  Years, 2 Months",10,21685.71,2,0.27,0.75,0.5,2,0,1,1,1,25512.6,0
5913,15715414,White,Project Coordinator,07/04/1975,28/08/2019,,White Collar,Permanent,Full Time,Fixed,Active,High,Female,47,"3 Years, 3 Months",3,31769.99,1,0.18,0.34,0.6,1,0,0,0,0,34532.6,0
5914,15639530,Buda,Accounting Coordinator,08/02/1990,15/03/2012,,White Collar,Permanent,Full Time,Fixed,Active,Medium,Male,33,"10  Years, 9 Months",10,28897.36,2,0.29,0.55,0.5,2,1,1,1,1,35675.75,0
5915,15726058,Cattaneo,Customer Servce Administrative Officer,06/04/1961,21/01/2008,,Blue Collar,Permanent,Full Time,Fixed,Active,Low,Male,61,"14 Years, 10 Months",14,30315.37,3,0.68,0.97,0.92,2,0,1,0,1,34845.25,0
5916,15725665,Lo,Inside Sales Executive/ Account Manager,21/02/1981,04/01/2009,05/07/2019,White Collar,Permanent,Full Time,Flex and Fixed,Voluntarily Terminated,High,Male,42,"10 Years, 6 Months",10,32700.04,3,0.26,0.45,0.57,5,1,0,1,1,34133.65,1
5917,15698872,Brown,Account Manager ,12/01/1995,09/03/2013,,White Collar,Permanent,Full Time,Fixed,Active,High,Female,28,"9 Years, 9 Months",9,30076.54,4,0.91,0.48,0.63,1,1,0,0,0,36236.8,0
5918,15812184,Rose,Gateway & Procurement Specialist - Air Logistics,06/06/1998,08/10/2016,,Blue Collar,Permanent,Full Time,Fixed,Active,Medium,Female,24,"6 Years, 2 Months",6,31615.41,4,0.2,0.53,0.71,1,0,0,1,0,36762.1,0
5919,15742609,Lombardo,Data Analyst,13/05/1983,27/11/2016,,White Collar,Permanent,Full Time,Flex and Fixed,Active,Medium,Male,39,"6 Years, 0 Months",6,46123.56,4,0.27,0.84,0.67,1,1,1,0,1,51248.4,0
5920,15815043,McMillan,National Service Excellence Specialist- Air Logistics,17/10/1981,15/07/2013,,White Collar,Permanent,Full Time,Flex and Fixed,Active,High,Male,41,"9 Years, 5 Months",9,30775.08,4,0.24,0.31,0.69,1,0,0,1,0,35373.65,0
5921,15640648,Howe,Project Coordinator,29/07/1982,04/11/2019,,White Collar,Permanent,Full Time,Fixed,Active,Low,Male,40,"3 Years, 1 Months",3,33865.25,3,0.22,0.81,0.62,0,0,1,0,1,33865.25,0
5922,15627203,Hsu,Gateway & Procurement Team Leader- Air Logistics,12/12/1989,23/08/2015,,White Collar,Permanent,Full Time,Fixed,Active,High,Male,33,"7 Years, 3 Months",7,40629.24,3,0.23,0.78,0.95,3,0,1,1,1,43687.35,0
5923,15786196,Han,National Perishable Air Logistics Development Manager Seafood,18/10/1998,02/10/2012,29/11/2022,White Collar,Permanent,Full Time,Flex and Fixed,Voluntarily Terminated,Low,Female,24,"10  Years, 2 Months",10,31410.6,2,0.18,0.64,0.68,4,1,0,1,1,36953.65,1
5924,15612095,Calabrese,Account Manager ,14/05/1996,04/02/2016,25/01/2018,White Collar,Permanent,Full Time,Fixed,Voluntarily Terminated,Low,Female,26,"1 Years, 11 Months",1,31630.9,4,0.27,0.41,0.77,5,1,0,1,1,35944.2,1
5925,15674368,Riley,Inside Sales Executive/ Account Manager,09/04/1969,19/12/2011,,White Collar,Permanent,Full Time,Flex and Fixed,Active,High,Female,53,"10 Years, 11 Months",10,31277.81,2,0.1,0.74,0.81,3,1,1,0,1,32581.05,0
5926,15783477,Biryukov,Project Manager,19/02/1969,19/12/1996,,White Collar,Permanent,Full Time,Flex and Fixed,Active,Medium,Female,54,"25 Years, 11 Months",25,35724.26,3,0.68,0.89,0.86,1,1,1,0,1,40595.75,0
5927,15757559,Broadhurst,Customer Brokerage Specialist,13/02/1962,12/04/2012,20/06/2018,Blue Collar,Permanent,Full Time,Fixed,Voluntarily Terminated,Low,Female,61,"6 Years, 2 Months",6,30243.02,2,0.2,0.26,0.43,6,1,0,1,1,35166.3,1
5928,15591036,Genovesi,Stock Investigator & Analyst,18/07/1987,02/03/1999,02/08/2014,White Collar,Permanent,Full Time,Flex and Fixed,Terminated for Cause,Low,Female,35,"23  Years, 9 Months",23,37917.23,3,0.35,0.41,0.39,5,1,0,0,0,49243.15,1
5929,15761241,Hsieh,Software Engineer,14/03/1961,24/03/1988,,White Collar,Permanent,Full Time,Flex and Fixed,Active,Low,Female,62,"34 Years, 8 Months",34,66552.19,3,0.29,0.84,0.74,1,1,1,1,0,68610.5,0
5930,15695078,Kemp,Sales Account Manager,02/02/1976,17/06/2016,,White Collar,Permanent,Full Time,Fixed,Active,Low,Male,47,"6 Years, 6 Months",6,33505.21,3,0.2,0.52,0.8,1,1,1,1,1,37646.3,0
5931,15645744,Chukwudi,Accountant,01/02/2001,17/09/2015,,White Collar,Permanent,Full Time,Fixed,Active,Medium,Female,22,"7 Years, 3 Months",7,31921.94,3,0.44,0.65,0.95,3,1,1,0,1,35867.35,0
5932,15566988,Iqbal,Finance Analyst,17/09/1986,25/05/2017,05/10/2021,White Collar,Permanent,Full Time,Flex and Fixed,Voluntarily Terminated,Low,Female,36,"4 Years, 4 Months",4,45459.59,3,0.29,0.66,0.56,6,1,0,1,0,49412.6,1
5933,15749300,Teng,Warehouse Quality Control Specialist - Air Logistics,14/10/1981,15/06/2017,,Blue Collar,Permanent,Full Time,Fixed,Active,Medium,Female,41,"5 Years, 6 Months",5,21815.64,4,0.27,0.86,0.63,1,0,1,1,1,24790.5,0
5934,15594340,Tao,Technical Support Engineer,07/01/1989,11/03/2012,15/11/2021,White Collar,Permanent,Full Time,Flex and Fixed,Voluntarily Terminated,Low,Male,34,"10  Years, 9 Months",10,50280.6,3,0.46,0.48,0.9,3,1,0,1,0,59153.65,1
5935,15607065,Chinedum,Gateway & Procurement Team Leader- Air Logistics,22/05/1975,01/10/2019,,White Collar,Permanent,Full Time,Fixed,Active,Low,Male,47,"3 Years, 2 Months",3,40822.07,1,0.26,0.84,0.6,2,0,0,0,0,43894.7,0
5936,15778089,Stevenson,Trucking Team Leader- Air Logistics,02/07/1985,17/03/1988,,White Collar,Permanent,Full Time,Fixed,Active,Low,Male,37,"34 Years, 9 Months",34,35252.73,4,0.66,0.87,0.57,4,0,0,0,0,40991.55,0
5937,15773723,Duncan,Air Export Operations Manager,15/11/1971,21/05/2008,07/08/2014,White Collar,Permanent,Full Time,Fixed,Voluntarily Terminated,High,Female,51,"6 Years, 2 Months",6,62947.34,2,0.15,0.57,0.54,6,1,1,1,1,70727.35,1
5938,15697035,Garrett,Business Development Executive,20/12/1985,16/12/2000,,White Collar,Permanent,Full Time,Flex and Fixed,Active,Low,Female,37,"22 Years, 0 Months",22,36354.87,1,0.15,0.68,0.5,1,0,0,0,0,43801.05,0
5939,15679668,Yao,Aerospace International Logistics Specialist,17/03/1960,18/07/1985,,Blue Collar,Permanent,Full Time,Fixed,Active,High,Male,62,"37 Years, 5 Months",37,34836.9,2,0.37,1,0.59,2,0,1,0,1,36364.2,0
5940,15709861,He,Sales Account Manager,20/01/1994,26/11/2016,,White Collar,Permanent,Full Time,Fixed,Active,High,Male,29,"6 Years, 0 Months",6,29739.34,2,0.9,0.86,0.74,2,1,1,1,1,33794.7,0
5941,15791958,Mazzi,Recruiter,11/06/1982,12/01/2012,07/10/2013,White Collar,Permanent,Full Time,Fixed,Voluntarily Terminated,High,Female,40,"10  Years, 11 Months",10,35165.93,2,0.28,0.7,0.99,5,0,1,1,1,41864.2,1
5942,15791030,Edwards,Customer Brokerage Specialist,24/04/1985,10/05/2019,,Blue Collar,Permanent,Full Time,Fixed,Active,Low,Female,37,"3 Years, 7 Months",3,29642.18,3,0.28,0.28,0.7,1,1,0,1,0,32935.75,0
5943,15695339,Lucchesi,Sales Account Manager,15/11/1991,05/06/2016,27/07/2019,White Collar,Permanent,Full Time,Fixed,Voluntarily Terminated,Medium,Male,31,"3 Years, 1 Months",3,29688.05,3,0.27,0.47,0.9,6,1,0,1,0,34124.2,1
5944,15658813,Siciliani,Human Resoruces Coordinator,23/01/1990,25/01/2015,,White Collar,Permanent,Full Time,Fixed,Active,Medium,Female,33,"7 Years, 10 Months",7,28398.29,2,0.11,0.68,0.92,1,0,1,1,0,31553.65,0
5945,15715709,Shih,Project Coordinator,28/06/1972,09/01/2019,,White Collar,Permanent,Full Time,Fixed,Active,Low,Male,50,"3 Years, 11 Months",3,28511.82,4,0.79,0.45,0.6,1,0,1,0,1,32035.75,0
5946,15722533,Logue,Aerospace International Logistics Specialist,20/07/1984,06/06/2015,,Blue Collar,Permanent,Full Time,Fixed,Active,High,Female,38,"7 Years, 6 Months",7,28056.59,1,0.09,0.37,0.74,3,0,1,0,1,33400.7,0
5947,15683118,Rechner,Accountant,29/08/1957,07/09/1998,,White Collar,Permanent,Full Time,Fixed,Active,Low,Male,65,"24 Years, 3 Months",24,24926.11,2,0.65,0.98,0.84,5,1,0,1,0,37203.15,0
5948,15672798,O'Brien,Warehouse Quality Control Specialist - Air Logistics,31/08/1971,23/08/2017,,Blue Collar,Permanent,Full Time,Fixed,Active,High,Female,51,"5 Years, 3 Months",5,24131,2,0.28,0.67,0.57,2,0,1,1,1,25401.05,0
5949,15680112,Stewart,National Perishable Air Logistics Development Manager Seafood,17/11/1998,23/10/2012,,White Collar,Permanent,Full Time,Flex and Fixed,Active,Low,Female,24,"10  Years, 1 Months",10,30049.56,4,0.27,0.74,0.83,3,1,0,1,0,33388.4,0
5950,15714575,Batt,Business Development Manager,07/04/1987,06/08/2016,04/01/2017,White Collar,Permanent,Full Time,Flex and Fixed,Voluntarily Terminated,Low,Female,35,"0 Years, 4 Months",0,45822.04,3,0.4,0.48,0.46,5,1,1,0,1,52070.5,1
5951,15806808,Hope,Perishable Customer Care Team Leader - Air Logistics,01/11/2000,21/06/2021,12/10/2021,White Collar,Permanent,Full Time,Fixed,Voluntarily Terminated,High,Female,22,"1  Years, 5 Months",1,35411.66,1,0.3,0.22,0.63,5,0,0,1,0,40240.52,1
5952,15590637,Ahmed,Accounts Payable,30/06/1994,23/03/2018,,White Collar,Permanent,Full Time,Fixed,Active,Low,Male,28,"4 Years, 8 Months",4,34841.34,4,0.51,0.14,0.79,2,1,1,0,1,37065.25,0
5953,15657535,Pearson,Sea Logiscitcs Customer Care Specialist ,24/10/1985,01/11/1986,10/12/2021,Blue Collar,Permanent,Full Time,Fixed,Voluntarily Terminated,High,Male,37,"35 Years, 1 Months",35,30537.12,3,0.56,0.47,0.92,6,0,1,1,1,32486.3,1
5954,15696141,Kruglov,Perishable Operational Care Specialist - Air Logistics,04/06/1971,11/01/2016,,Blue Collar,Permanent,Full Time,Fixed,Active,Medium,Female,51,"6 Years, 11 Months",6,29361.38,4,0.45,0.83,0.54,2,0,0,1,0,32265.25,0
5955,15811947,Gordon,Gateway & Procurement Specialist - Air Logistics,02/02/1998,31/10/2014,,Blue Collar,Permanent,Full Time,Fixed,Active,Low,Male,25,"8 Years, 1 Months",8,33667.12,4,0.29,0.94,0.79,3,0,1,0,0,36594.7,0
5956,15649024,Trujillo,Internal Trainer,26/10/1985,17/09/1985,30/12/2016,White Collar,Permanent,Full Time,Fixed,Voluntarily Terminated,Medium,Female,37,"31 Years, 3 Months",31,33503.48,3,0.16,0.7,0.98,5,0,1,1,1,36025.25,1
5957,15594928,Pagnotto,Apprentice,22/06/2004,10/10/2022,,Blue Collar,Apprentice,Full Time,Fixed,Active,Low,Female,18,"0 Years, 2 Months",0,21047.35,4,0.74,0.74,0.86,0,0,0,1,0,21047.35,0
5958,15765532,Horton,Stock Investigator & Analyst,31/03/1969,27/01/2006,,White Collar,Permanent,Full Time,Flex and Fixed,Active,Low,Male,53,"16 Years, 10 Months",16,45609.1,4,0.26,0.83,0.85,3,1,1,1,0,48936.8,0
5959,15741719,DeRose,Senior DevOps Engineer,02/04/1989,15/07/2018,,White Collar,Permanent,Full Time,Flex and Fixed,Active,Medium,Female,33,"4  Years, 5 Months",4,66360.97,2,0.52,0.97,0.61,1,1,1,0,1,69853.65,0
5960,15665629,Chiang,Transport Controller,06/08/1981,29/07/2015,,Blue Collar,Temporary,Full Time,Fixed,Active,High,Female,41,"7 Years, 4 Months",7,26180.2,4,0.82,0.61,0.71,1,0,0,1,0,28769.45,0
5961,15728917,Gill,National Air Logistics Consol & Planning Manager,24/11/1985,19/10/2012,11/11/2020,White Collar,Permanent,Full Time,Flex and Fixed,Voluntarily Terminated,Medium,Male,37,"10  Years, 1 Months",10,56807.56,3,0.09,0.38,0.71,5,1,0,1,1,71009.45,1
5962,15762993,Trevisano,Trucking Specialist - Air Logistics,22/04/1989,10/06/2019,,Blue Collar,Permanent,Full Time,Fixed,Active,High,Male,33,"3 Years, 6 Months",3,34739.24,2,0.77,0.66,0.73,1,0,1,0,0,35813.65,0
5963,15571193,Morrison,Trucking Specialist - Air Logistics,08/11/1957,20/12/1998,18/02/2022,Blue Collar,Permanent,Full Time,Fixed,Voluntarily Terminated,Medium,Male,65,"23 Years, 1 Months",23,23885.1,1,0.16,0.39,0.99,5,0,1,1,1,36746.3,1
5964,15653521,Onuora,National Perishable Air Logistics Development Manager Seafood,20/11/1964,11/10/1991,,White Collar,Permanent,Full Time,Flex and Fixed,Active,Medium,Female,58,"31 Years, 2 Months",31,33851.34,4,0.3,0.62,0.55,1,1,1,1,1,37612.6,0
5965,15802220,Ikenna,Pricing Analyst,08/05/1978,19/04/2015,,White Collar,Permanent,Full Time,Flex and Fixed,Active,Low,Male,44,"7 Years, 7 Months",7,41580.63,2,0.12,0.15,0.67,2,1,0,0,0,49500.75,0
5966,15644132,Mancini,Sea Logiscitcs Customer Care Specialist ,23/05/1995,25/06/2019,,Blue Collar,Permanent,Full Time,Fixed,Active,Low,Female,27,"3 Years, 5 Months",3,28978.36,2,0.26,0.82,0.68,2,0,1,1,1,32559.95,0
5967,15600832,Moss,Technical Support Engineer,16/10/1969,12/06/2005,,White Collar,Permanent,Full Time,Flex and Fixed,Active,Low,Female,53,"17 Years, 6 Months",17,55764.75,3,0.57,0.7,0.48,4,1,0,1,0,61279.95,0
5968,15797919,Ting,Customer Servce Administrative Officer,13/10/1962,25/06/1985,,Blue Collar,Permanent,Full Time,Fixed,Active,High,Male,60,"37 Years, 5 Months",37,35653.43,3,0.23,0.18,0.39,3,0,0,1,0,36381.05,0
5969,15603743,Tai,BI Developer,16/06/1962,08/08/2010,,White Collar,Permanent,Full Time,Flex and Fixed,Active,High,Male,60,"12 Years, 4 Months",12,57251.83,1,0.69,0.99,0.59,2,1,1,0,0,65058.9,0
5970,15579714,Pan,Data Engineer,18/08/1975,13/06/2012,,White Collar,Permanent,Full Time,Flex and Fixed,Active,High,Female,47,"10  Years, 6 Months",10,58204.02,4,0.5,0.22,0.9,1,1,1,0,1,69290.5,0
5971,15634295,Wilson,Operations Specialist,22/01/1989,03/02/2018,,Blue Collar,Permanent,Full Time,Fixed,Active,Low,Male,34,"4 Years, 10 Months",4,32512.86,1,0.45,0.61,0.83,2,0,0,0,0,35340.07,0
5972,15786680,Bianchi,Customer Servce Administrative Officer,20/06/1982,27/04/2013,,Blue Collar,Permanent,Full Time,Fixed,Active,Medium,Male,40,"9 Years, 7 Months",9,30147.04,1,0.53,0.78,0.91,2,0,0,1,0,35054.7,0
5973,15623499,Holman,Road Logistics Sales Representative,28/08/2001,10/04/2014,29/01/2016,White Collar,Permanent,Full Time,Fixed,Voluntarily Terminated,Medium,Male,21,"1 Years, 9 Months",1,29213.18,3,0.26,0.38,0.61,5,0,0,0,0,33196.8,1
5974,15691823,Obidimkpa,Transport Controller,23/10/1980,13/03/2014,,Blue Collar,Temporary,Full Time,Fixed,Active,High,Male,42,"8 Years, 9 Months",8,21843.45,3,0.15,0.87,0.74,1,0,1,1,1,24822.1,0
5975,15809279,Wallace,Transport Controller,25/09/1998,01/03/2022,,Blue Collar,Temporary,Full Time,Fixed,Active,High,Male,24,"0 Years, 9 Months",0,26223.15,4,0.14,0.73,0.9,0,0,1,1,1,26223.15,0
5976,15758039,Ash,Project Coordinator,07/07/1969,02/09/1994,,White Collar,Permanent,Full Time,Fixed,Active,High,Male,53,"28  Years, 3 Months",28,34116.87,3,0.44,0.7,0.86,1,0,1,0,1,35612.6,0
5977,15807163,Ku,Apprentice,27/03/2002,23/05/2009,20/10/2014,Blue Collar,Apprentice,Full Time,Fixed,Voluntarily Terminated,High,Female,20,"5 Years, 4 Months",5,19946.34,3,0.09,0.38,0.71,5,0,0,1,0,22666.3,1
5978,15631639,Uspensky,Inventory Clerk,02/09/2003,02/01/2022,,Blue Collar,Temporary,Full Time,Fixed,Active,Medium,Female,19,"0 Years, 11 Months",0,27360.28,3,0.26,0.85,0.49,0,0,1,0,1,27360.28,0
5979,15713770,Shih,Gateway & Procurement Team Leader- Air Logistics,11/07/1999,30/10/2015,,White Collar,Permanent,Full Time,Fixed,Active,Low,Male,23,"7 Years, 1 Months",7,34884.22,3,0.18,0.56,0.83,1,0,0,1,0,40096.8,0
5980,15698167,Kumm,IT System Engineer,07/04/1990,13/09/2020,,White Collar,Permanent,Full Time,Flex and Fixed,Active,High,Female,32,"2 Years, 3 Months",2,63215.96,3,0.25,0.48,0.62,2,1,0,0,0,70239.95,0
5981,15781710,Carey,Sea Logiscitcs Customer Care Specialist ,01/01/1985,01/08/2012,,Blue Collar,Permanent,Full Time,Fixed,Active,Medium,Female,38,"10  Years, 4 Months",10,29017.17,1,0.51,0.65,0.7,4,0,0,1,0,34137.85,0
5982,15801296,Farber,Perishable Operational Care Specialist - Air Logistics,08/11/1969,29/03/1986,,Blue Collar,Permanent,Full Time,Fixed,Active,Medium,Female,53,"36 Years, 8 Months",36,30878.83,1,0.17,0.84,0.59,1,0,0,1,0,32232.6,0
5983,15704378,Calabrese,Business Analyst,12/07/1962,25/09/2008,,White Collar,Permanent,Full Time,Flex and Fixed,Active,Low,Male,60,"14 Years, 2 Months",14,46042.07,4,0.52,0.17,0.73,2,1,1,1,1,51157.85,0
5984,15767891,Findlay,Software Engineer,11/07/1979,06/08/2020,,White Collar,Permanent,Full Time,Flex and Fixed,Active,High,Female,43,"2 Years, 4 Months",2,62655.96,4,0.42,0.84,0.61,1,1,0,1,0,70399.95,0
5985,15640667,Yu,Finance Analyst,30/04/1955,11/02/2004,,White Collar,Permanent,Full Time,Flex and Fixed,Active,Low,Female,67,"18 Years, 10 Months",18,41907.99,1,0.7,0.96,0.59,1,1,0,1,0,50491.55,0
5986,15702145,Edments,Gateway & Procurement Team Leader- Air Logistics,26/07/1982,19/02/2017,,White Collar,Permanent,Full Time,Fixed,Active,High,Male,40,"5 Years, 9 Months",5,35011.29,2,0.21,0.62,0.96,2,0,1,1,1,38055.75,0
5987,15679738,Brown,Recruiter,15/02/1986,20/11/2018,21/11/2019,White Collar,Permanent,Full Time,Fixed,Voluntarily Terminated,Medium,Female,37,"1 Years, 0 Months",1,36065.58,3,0.26,0.57,0.7,6,0,0,1,0,38780.19,1
5988,15636634,Lindon,National Air Logistics Pharma Compliance Specialist,06/10/1972,26/01/2022,,Blue Collar,Permanent,Full Time,Fixed,Active,Medium,Female,50,"0 Years, 10 Months",0,33575.75,2,0.3,0.98,0.87,0,0,0,1,0,33575.75,0
5989,15809227,Chukwudi,Transport Controller,20/08/2004,06/08/2021,,Blue Collar,Temporary,Full Time,Fixed,Active,High,Male,18,"1  Years, 4 Months",1,24613.34,1,0.67,0.72,0.99,1,0,1,1,1,25638.9,0
5990,15601811,Caldwell,Business Development Manager,19/12/1984,31/12/2004,04/10/2015,White Collar,Permanent,Full Time,Flex and Fixed,Voluntarily Terminated,High,Female,38,"10 Years, 9 Months",10,45498.67,4,0.08,0.43,0.46,6,1,0,0,0,51122.1,1
5991,15625494,Li Fonti,Inside Sales Executive/ Account Manager,19/01/2001,18/07/2013,,White Collar,Permanent,Full Time,Flex and Fixed,Active,Low,Female,22,"9 Years, 5 Months",9,29453.82,1,0.26,0.68,0.57,3,1,1,1,1,34651.55,0
5992,15723737,Pitcher,Forklift Operator,11/07/2003,25/01/2021,,Blue Collar,Temporary,Full Time,Fixed,Active,High,Male,19,"1  Years, 10 Months",1,24347.62,2,0.1,0.69,0.86,1,0,0,1,0,25362.1,0
5993,15682955,Capon,Internal Trainer,12/12/1988,19/02/2021,,White Collar,Permanent,Full Time,Fixed,Active,Medium,Female,34,"1  Years, 9 Months",1,32342.91,3,0.36,0.91,0.66,1,0,1,1,1,34407.35,0
5994,15758856,Kable,Trucking Specialist - Air Logistics,15/07/1990,05/04/2016,,Blue Collar,Permanent,Full Time,Fixed,Active,High,Male,32,"6 Years, 8 Months",6,32279.67,2,0.14,0.42,0.37,2,0,0,0,0,35866.3,0
5995,15746065,Lo Duca,Account Manager ,11/09/1985,14/04/2014,,White Collar,Permanent,Full Time,Fixed,Active,High,Male,37,"8 Years, 8 Months",8,27017.05,2,0.53,0.8,0.99,2,1,1,1,1,32163.15,0
5996,15783865,Kulikova,Trucking Team Leader- Air Logistics,03/06/1982,27/06/2013,,White Collar,Permanent,Full Time,Fixed,Active,Medium,Male,40,"9 Years, 5 Months",9,37651.73,3,0.84,0.79,0.57,1,0,1,1,1,43277.85,0
5997,15745455,Navarrete,BI Developer,24/10/1959,22/06/2018,,White Collar,Permanent,Full Time,Flex and Fixed,Active,Medium,Male,63,"4 Years, 5 Months",4,55489.98,4,0.3,1,0.94,1,1,1,1,1,63056.8,0
5998,15583033,Huguley,Accounting Coordinator,24/10/1981,11/03/2012,,White Collar,Permanent,Full Time,Fixed,Active,Medium,Female,41,"10  Years, 9 Months",10,27175.6,2,0.55,0.63,0.75,5,1,1,0,1,33140.97,0
5999,15644212,Han,Accounting Coordinator,07/05/1968,07/12/2001,,White Collar,Permanent,Full Time,Fixed,Active,High,Male,54,"21 Years, 0 Months",21,33067.86,1,0.24,0.61,0.51,3,1,0,1,0,35480.54,0
6000,15735688,Horsley,Perishable Operational Care Specialist - Air Logistics,13/08/1974,18/12/2019,,Blue Collar,Permanent,Full Time,Fixed,Active,Low,Female,48,"3 Years, 0 Months",3,30587.88,4,0.89,0.78,0.98,1,0,0,0,0,34368.4,0
6001,15658577,Massie,Apprentice,16/09/2004,09/07/2009,10/10/2019,Blue Collar,Apprentice,Full Time,Fixed,Voluntarily Terminated,Low,Female,18,"10 Years, 3 Months",10,21328.07,3,0.16,0.41,0.96,6,0,1,1,1,22884.2,1
6002,15606887,Singh,Business Analyst,08/11/1962,17/07/2014,28/11/2016,White Collar,Permanent,Full Time,Flex and Fixed,Voluntarily Terminated,Medium,Female,60,"2 Years, 4 Months",2,46278.64,3,0.27,0.64,0.51,3,1,0,1,0,49232.6,1
6003,15783026,H?,Inside Sales Executive/ Account Manager,29/05/1981,01/04/2017,,White Collar,Permanent,Full Time,Flex and Fixed,Active,High,Female,41,"5 Years, 8 Months",5,30668.42,2,0.46,0.79,0.86,1,1,0,1,0,34458.9,0
6004,15579892,Doyle,Warehouse Quality Control Specialist - Air Logistics,13/07/1963,22/08/2011,,Blue Collar,Permanent,Full Time,Fixed,Active,Medium,Male,59,"11 Years, 3 Months",11,25920.44,2,0.28,0.64,0.55,3,0,1,1,1,26722.1,0
6005,15802088,Grant,Sea Logiscitcs Customer Care Specialist ,26/03/1969,27/04/2007,,Blue Collar,Permanent,Full Time,Fixed,Active,Low,Female,53,"15  Years, 7 Months",15,29693.97,1,0.94,0.82,0.88,2,0,1,1,1,33743.15,0
6006,15589323,Law,Sales Specialist-Air Logitics ,21/05/2002,11/05/2016,,Blue Collar,Permanent,Full Time,Fixed,Active,Medium,Female,20,"6 Years, 7 Months",6,26976.35,4,0.29,0.51,0.86,1,0,1,0,1,32114.7,0
6007,15636395,King,Inventory Clerk,24/05/2002,21/04/2019,,Blue Collar,Temporary,Full Time,Fixed,Active,Low,Female,20,"3 Years, 7 Months",3,27917.62,3,0.3,0.18,0.51,2,0,0,1,0,28781.05,0
6008,15712772,Onwubiko,Perishable Customer Care Team Leader - Air Logistics,04/03/1975,29/12/2018,,White Collar,Permanent,Full Time,Fixed,Active,Medium,Male,48,"3 Years, 11 Months",3,37070.81,1,0.18,0.67,0.58,2,0,1,1,1,41652.6,0
6009,15700937,Romano,Gateway & Procurement Team Leader- Air Logistics,28/11/1980,27/02/2012,,White Collar,Permanent,Full Time,Fixed,Active,Low,Female,42,"10  Years, 9 Months",10,32775.15,3,0.29,0.65,0.85,2,0,1,1,1,40463.15,0
6010,15766659,Okwudilichukwu,Accounts Payable,25/04/1977,22/06/2016,,White Collar,Permanent,Full Time,Fixed,Active,High,Male,45,"6 Years, 5 Months",6,31474.73,2,0.27,0.7,0.8,2,1,0,1,0,36177.85,0
6011,15814033,Milano,Sea Logistics Pricing Coordinator,17/09/1985,16/11/2021,,White Collar,Permanent,Full Time,Fixed,Active,Low,Male,37,"1 Years, 1 Months",1,33003.45,4,0.21,0.59,0.59,1,0,0,1,0,36670.5,0
6012,15783007,Parker,National Service Excellence Specialist- Air Logistics,30/11/1980,07/04/2014,28/01/2020,White Collar,Permanent,Full Time,Flex and Fixed,Voluntarily Terminated,Low,Female,42,"5 Years, 9 Months",5,30874.54,1,0.2,0.56,0.76,3,0,1,1,1,32845.25,1
6013,15654183,Aitken,Regional Air logistics Trainer Specialist,16/01/1975,14/05/2012,,White Collar,Permanent,Full Time,Fixed,Active,High,Female,48,"10  Years, 7 Months",10,30110.57,4,0.73,0.17,0.94,3,0,0,1,0,35424.2,0
6014,15609899,Obiora,Perishable Apprentice- Air Logistics,10/07/2001,31/05/2022,,Blue Collar,Apprentice,Full Time,Fixed,Active,Low,Male,21,"0 Years, 6 Months",0,22515.75,4,0.49,0.8,0.89,0,0,0,1,0,22515.75,0
6015,15747323,Vasilyeva,Sales Account Manager,12/08/1980,08/11/2018,12/12/2022,White Collar,Permanent,Full Time,Fixed,Voluntarily Terminated,Medium,Male,42,"4 Years, 1 Months",4,36103.06,3,0.14,0.42,0.62,3,1,0,1,0,37607.35,1
6016,15582591,Chiabuotu,Warehouse Quality Control Specialist - Air Logistics,31/12/1985,25/05/1987,,Blue Collar,Permanent,Full Time,Fixed,Active,Low,Male,37,"35  Years, 6 Months",35,21725.87,2,0.36,0.51,0.54,1,0,1,1,1,26175.75,0
6017,15738835,Slater,Gateway & Procurement Specialist - Air Logistics,10/06/2001,21/04/2016,,Blue Collar,Permanent,Full Time,Fixed,Active,Low,Male,21,"6 Years, 7 Months",6,27036.49,2,0.38,0.76,0.59,1,0,0,0,0,32186.3,0
6018,15782404,Hughes,Data Engineer,23/02/1960,01/10/2008,,White Collar,Permanent,Full Time,Flex and Fixed,Active,Low,Female,63,"14 Years, 2 Months",14,68043.99,4,0.28,0.82,0.59,3,1,0,0,0,71625.25,0
6019,15697480,Menkens,National Air Logistics Pharma Compliance Specialist,05/06/1980,15/08/2020,,Blue Collar,Permanent,Full Time,Fixed,Active,High,Male,42,"2 Years, 4 Months",2,36059.84,1,0.15,0.44,0.66,5,0,1,0,1,36795.75,0
6020,15697045,Pisani,Business Analyst,27/01/1958,24/06/2019,,White Collar,Permanent,Full Time,Flex and Fixed,Active,Low,Female,65,"3 Years, 5 Months",3,45907.35,3,0.17,0.5,0.48,0,1,1,0,1,45907.35,0
6021,15781234,Y?an,National Air Logistics Pharma Compliance Specialist,24/06/1982,06/11/2019,,Blue Collar,Permanent,Full Time,Fixed,Active,High,Female,40,"3 Years, 1 Months",3,31056.3,4,0.27,0.54,0.49,1,0,0,1,0,32016.8,0
6022,15579891,Milani,National Perishable Air Logistics Development Manager Retail,29/12/1982,22/12/2015,,White Collar,Permanent,Full Time,Flex and Fixed,Active,Medium,Male,40,"6 Years, 11 Months",6,34273.15,1,0.49,0.56,0.63,3,1,1,1,1,34972.6,0
6023,15805690,Chin,Account Manager ,23/03/1983,28/11/2008,31/12/2016,White Collar,Permanent,Full Time,Fixed,Voluntarily Terminated,Low,Female,39,"8 Years, 1 Months",8,35393.44,1,0.51,0.43,0.66,5,1,0,1,1,36115.75,1
6024,15612139,Fu,Warehouse Specialist - Air Logistics,12/11/1959,13/04/2001,30/04/2013,Blue Collar,Temporary,Full Time,Fixed,Voluntarily Terminated,Low,Female,63,"12 Years, 0 Months",12,25667.92,3,0.42,0.39,0.38,6,0,1,0,1,27306.3,1
6025,15568834,Howells,Sea Logiscitcs Customer Care Specialist ,28/03/1963,15/08/1995,,Blue Collar,Permanent,Full Time,Fixed,Active,High,Male,59,"27 Years, 4 Months",27,28953.85,2,0.27,0.52,0.62,2,0,0,0,0,32902.1,0
6026,15709917,Ni,Customer Care Specialist-Key Accounts,30/07/1956,04/10/2003,,White Collar,Permanent,Full Time,Fixed,Active,High,Female,66,"19 Years, 2 Months",19,25470.44,3,0.56,0.63,0.91,5,0,0,0,0,33960.58,0
6027,15718843,Maslova,Finance Analyst,05/06/1980,25/02/2020,,White Collar,Permanent,Full Time,Flex and Fixed,Active,Low,Male,42,"2 Years, 9 Months",2,48033.99,2,0.27,0.49,0.46,1,1,0,1,0,51649.45,0
6028,15799494,Forster,Gateway & Procurement Team Leader- Air Logistics,23/03/1963,25/02/2007,,White Collar,Permanent,Full Time,Fixed,Active,Low,Male,59,"15  Years, 9 Months",15,32342,4,0.29,0.2,0.47,4,0,1,0,1,39928.4,0
6029,15673439,Sun,Accounts Payable,06/02/1978,18/02/2001,30/01/2013,White Collar,Permanent,Full Time,Fixed,Voluntarily Terminated,Low,Female,45,"11 Years, 11 Months",11,33429.86,3,0.3,0.21,0.94,11,1,1,1,1,36336.8,1
6030,15669011,Bocharova,Operations Specialist,26/06/1981,19/11/2013,06/05/2018,Blue Collar,Permanent,Full Time,Fixed,Voluntarily Terminated,High,Female,41,"4 Years, 5 Months",4,28161.82,3,0.55,0.35,0.98,5,0,1,0,1,33131.55,1
6031,15581388,Y?an,Accounting Coordinator,07/06/1995,17/08/2020,,White Collar,Permanent,Full Time,Fixed,Active,Medium,Male,27,"2 Years, 4 Months",2,33369.49,4,0.92,0.54,0.82,2,1,0,1,0,34050.5,0
6032,15743153,Singh,Perishable Customer Care Team Leader - Air Logistics,23/08/1958,31/08/1992,,White Collar,Permanent,Full Time,Fixed,Active,High,Female,64,"30 Years, 3 Months",30,28236.46,3,0.39,0.23,0.88,3,0,1,1,1,41524.2,0
6033,15579787,Nkemakonam,Human Resoruces Coordinator,07/02/1976,30/01/2020,,White Collar,Permanent,Full Time,Fixed,Active,Low,Male,47,"2 Years, 10 Months",2,33035.87,1,0.82,0.65,0.96,2,0,0,1,0,36303.15,0
6034,15759966,Chiemenam,IT-Support,25/01/1979,07/09/2014,,White Collar,Permanent,Full Time,Fixed,Active,High,Female,44,"8 Years, 3 Months",8,30873.08,4,0.13,0.19,0.85,2,0,0,1,0,35486.3,0
6035,15601045,Angelo,National Service Excellence Specialist- Air Logistics,18/11/1999,02/01/2017,,White Collar,Permanent,Full Time,Flex and Fixed,Active,Low,Male,23,"5 Years, 11 Months",5,31024.75,2,0.38,0.76,0.58,1,0,0,0,0,33359.95,0
6036,15764021,Frolov,Accounting Coordinator,04/03/1983,02/05/2017,,White Collar,Permanent,Full Time,Fixed,Active,Low,Male,40,"5 Years, 7 Months",5,31972.75,3,0.15,0.83,0.8,3,1,0,1,0,32625.25,0
6037,15687218,West,Cloud Service Analyst,22/08/1962,06/02/1987,,White Collar,Permanent,Full Time,Flex and Fixed,Active,Low,Female,60,"35 Years, 10 Months",35,56643.89,3,0.6,0.97,0.47,3,1,1,0,1,61569.45,0
6038,15626452,Beatham,Stock Investigator & Analyst,25/11/1984,24/10/2013,,White Collar,Permanent,Full Time,Flex and Fixed,Active,Medium,Male,38,"9 Years, 1 Months",9,41621.36,3,0.27,0.67,1,1,1,1,1,1,48966.3,0
6039,15700964,Pollard,Operations Specialist,21/09/1955,25/05/1985,,Blue Collar,Permanent,Full Time,Fixed,Active,Low,Female,67,"37  Years, 6 Months",37,19262.38,3,0.57,0.53,0.62,2,0,1,1,1,33793.65,0
6040,15768887,Hsing,Stock Investigator & Analyst,05/01/1979,29/11/2017,,White Collar,Permanent,Full Time,Flex and Fixed,Active,Low,Male,44,"5 Years, 0 Months",5,43858.23,4,0.27,0.34,0.71,2,1,1,0,1,49838.9,0
6041,15735358,Dowse,Trucking Team Leader- Air Logistics,13/10/1983,04/07/2014,,White Collar,Permanent,Full Time,Fixed,Active,Medium,Male,39,"8 Years, 5 Months",8,32495.93,3,0.44,0.58,0.48,1,0,1,1,1,38230.5,0
6042,15749472,Lucciano,Business Development Manager,18/05/1988,04/04/2021,,White Collar,Permanent,Full Time,Flex and Fixed,Active,Medium,Male,34,"1  Years, 8 Months",1,51676.8,4,0.7,0.96,0.68,0,1,0,1,0,51676.8,0
6043,15685872,Godfrey,Accountant,06/01/1991,15/01/2012,,White Collar,Permanent,Full Time,Fixed,Active,High,Female,32,"10  Years, 11 Months",10,26981.02,1,0.16,0.72,0.76,3,1,1,1,1,32120.26,0
6044,15760851,Gratton,Data Analyst,24/07/1986,28/01/2017,,White Collar,Permanent,Full Time,Flex and Fixed,Active,Low,Male,36,"5 Years, 10 Months",5,44298.75,2,0.14,0.58,0.62,1,1,0,1,0,48679.95,0
6045,15734588,Manning,Senior DevOps Engineer,28/11/1960,15/12/2002,,White Collar,Permanent,Full Time,Flex and Fixed,Active,High,Male,62,"20 Years, 0 Months",20,59718.36,2,0.16,0.39,0.67,4,1,1,1,1,69439.95,0
6046,15784594,Mazzi,Customer Brokerage Specialist,22/01/1976,09/02/2022,,Blue Collar,Permanent,Full Time,Fixed,Active,High,Female,47,"0 Years, 10 Months",0,32548.4,1,0.51,0.24,0.57,0,1,1,1,1,32548.4,0
6047,15606435,Wall,Project Coordinator,24/12/1989,08/06/2002,,White Collar,Permanent,Full Time,Fixed,Active,Low,Male,33,"20  Years, 6 Months",20,29939.36,2,0.45,0.64,0.73,4,0,1,0,1,37424.2,0
6048,15790247,Sims,National Service Excellence Specialist- Air Logistics,03/08/1983,27/06/2017,,White Collar,Permanent,Full Time,Flex and Fixed,Active,Medium,Male,39,"5 Years, 5 Months",5,34478.17,1,0.23,0.98,0.55,2,0,1,1,1,36678.9,0
6049,15676433,Allan,Transport Controller,04/11/1999,09/05/2016,,Blue Collar,Temporary,Full Time,Fixed,Active,Medium,Female,23,"6 Years, 7 Months",6,23927.01,2,0.5,0.64,0.99,2,0,0,0,0,27822.1,0
6050,15625905,Griffen,Revenue Care Specialist- Air Logistics,14/06/1969,10/03/2009,,White Collar,Permanent,Full Time,Fixed,Active,Low,Male,53,"13 Years, 9 Months",13,38125.07,3,0.26,0.56,0.41,2,1,0,1,0,40994.7,0
6051,15626414,Russell,IT-Support,04/01/1969,21/02/1985,,White Collar,Permanent,Full Time,Fixed,Active,Medium,Male,54,"37 Years, 9 Months",37,32653.67,4,0.4,0.53,0.74,2,0,0,1,0,34085.25,0
6052,15623220,Brown,Trucking Specialist - Air Logistics,28/03/1958,22/09/2006,,Blue Collar,Permanent,Full Time,Fixed,Active,High,Female,64,"16 Years, 2 Months",16,28565.7,3,0.12,0.62,0.57,1,0,0,1,0,35266.3,0
6053,15752857,Palerma,Sea Logiscitcs Customer Care Specialist ,11/10/1981,13/02/2013,,Blue Collar,Permanent,Full Time,Fixed,Active,High,Male,41,"9 Years, 10 Months",9,29684.63,4,0.27,0.85,0.69,1,0,0,0,0,34120.26,0
6054,15677908,Gilbert,Account Manager ,08/03/2001,29/07/2017,,White Collar,Permanent,Full Time,Fixed,Active,Low,Male,21,"5 Years, 4 Months",5,32527.45,1,0.12,0.76,0.85,2,1,0,0,0,34975.75,0
6055,15773013,Uvarov,Project Coordinator,10/06/1984,09/11/2015,15/01/2019,White Collar,Permanent,Full Time,Fixed,Voluntarily Terminated,Medium,Female,38,"3 Years, 2 Months",3,29978.26,3,0.44,0.69,0.5,5,0,1,1,1,35688.4,1
6056,15623972,Wisdom,Data Engineer,21/01/1980,26/04/2022,,White Collar,Permanent,Full Time,Flex and Fixed,Active,Low,Female,43,"0 Years, 7 Months",0,70257.85,1,0.21,0.35,0.67,0,1,1,0,1,70257.85,0
6057,15738627,Hussain,National Air Logistics Transport & QSHE Manager,02/07/1983,24/02/2019,,White Collar,Permanent,Full Time,Flex and Fixed,Active,High,Male,39,"3 Years, 9 Months",3,66013.35,4,0.15,0.54,0.47,1,1,1,1,1,70982.1,0
6058,15643392,Woods,Network Engineer,07/10/1970,08/11/2021,,White Collar,Permanent,Full Time,Flex and Fixed,Active,Medium,Male,52,"1  Years, 1 Months",1,62854,3,0.27,0.63,0.49,1,1,1,1,1,66162.1,0
6059,15684868,Cameron,Operations Specialist,08/11/1955,19/01/2021,23/11/2021,Blue Collar,Permanent,Full Time,Fixed,Voluntarily Terminated,Medium,Male,67,"0 Years, 10 Months",0,28883.45,2,0.57,0.58,0.58,5,0,0,1,1,32822.1,1
6060,15627854,Mai,Data Analyst,30/07/1983,26/04/2020,,White Collar,Permanent,Full Time,Flex and Fixed,Active,Medium,Male,39,"2 Years, 7 Months",2,40258.88,1,0.22,0.7,0.93,1,1,1,1,1,45234.7,0
6061,15669253,Gibson,IT System Engineer,23/12/1985,08/12/2012,20/12/2014,White Collar,Permanent,Full Time,Flex and Fixed,Voluntarily Terminated,Medium,Male,37,"10  Years, 0 Months",10,55483.78,1,0.41,0.48,0.51,5,1,0,1,1,67663.15,1
6062,15758023,Grigoryeva,Trucking Specialist - Air Logistics,19/08/1969,03/11/1988,31/07/2019,Blue Collar,Permanent,Full Time,Fixed,Voluntarily Terminated,High,Male,53,"30 Years, 8 Months",30,30591.94,1,0.22,0.59,0.92,6,0,0,0,0,35163.15,1
6063,15574558,Gunter,National Perishable Air Logistics Development Manager Seafood,01/11/1981,26/04/2022,,White Collar,Permanent,Full Time,Flex and Fixed,Active,Medium,Male,41,"0 Years, 7 Months",0,36844.2,3,0.28,0.96,0.8,0,1,1,1,1,36844.2,0
6064,15635256,Arcuri,Technical Support Engineer,23/10/1969,14/04/2018,,White Collar,Permanent,Full Time,Flex and Fixed,Active,High,Male,53,"4 Years, 8 Months",4,57863.98,2,0.11,0.99,0.77,3,1,1,1,0,60909.45,0
6065,15680399,Tung,Senior DevOps Engineer,02/12/1960,01/01/2013,,White Collar,Permanent,Full Time,Flex and Fixed,Active,Medium,Male,62,"9 Years, 11 Months",9,64252.03,4,0.95,0.73,0.59,1,1,0,1,0,68939.95,0
6066,15674720,Smith,Inventory Clerk,20/12/2002,21/11/2021,09/10/2022,Blue Collar,Temporary,Full Time,Fixed,Voluntarily Terminated,Medium,Female,20,"1  Years, 0 Months",1,25178.16,3,0.29,0.7,0.73,5,0,1,1,1,28611.55,1
6067,15580249,Lori,National Perishable Air Logistics Development Manager Seafood,17/08/1998,21/05/2013,,White Collar,Permanent,Full Time,Flex and Fixed,Active,Medium,Male,24,"9 Years, 6 Months",9,28897.28,4,0.12,0.85,0.88,1,1,0,0,0,33996.8,0
6068,15675431,Chidimma,Internal Trainer,18/12/1958,11/10/2011,,White Collar,Permanent,Full Time,Fixed,Active,Medium,Female,64,"11 Years, 2 Months",11,27821.82,3,0.53,0.66,0.61,1,0,0,0,0,32731.55,0
6069,15698285,Ting,Business Development Executive,30/04/1985,14/10/1991,,White Collar,Permanent,Full Time,Flex and Fixed,Active,High,Female,37,"31 Years, 2 Months",31,39945.98,1,0.45,0.94,0.97,1,0,1,1,1,42048.4,0
6070,15810775,Tsao,Transport Controller,09/03/2004,03/01/2021,,Blue Collar,Temporary,Full Time,Fixed,Active,Medium,Male,18,"1  Years, 11 Months",1,25432.6,2,0.79,0.54,0.64,0,0,1,1,1,25432.6,0
6071,15678173,Collee,Pricing Analyst,18/04/1982,17/03/2013,,White Collar,Permanent,Full Time,Flex and Fixed,Active,Low,Male,40,"9 Years, 9 Months",9,43299.89,4,0.28,0.78,0.47,1,1,1,0,1,50941.05,0
6072,15665222,Lettiere,Customer Servce Administrative Officer,26/01/1990,01/09/2021,,Blue Collar,Permanent,Full Time,Fixed,Active,High,Male,33,"1  Years, 3 Months",1,35200.6,1,0.14,0.64,0.85,0,0,0,1,0,35200.6,0
6073,15803908,Fu,Perishable Operational Care Specialist - Air Logistics,05/09/1957,08/09/2015,,Blue Collar,Permanent,Full Time,Fixed,Active,Medium,Male,65,"7 Years, 3 Months",7,33372.72,2,0.58,0.68,0.56,2,0,1,1,1,36274.7,0
6074,15586039,Bergamaschi,Analyst Programmer ,18/04/1961,06/10/2019,,White Collar,Permanent,Full Time,Flex and Fixed,Active,Medium,Female,61,"3 Years, 2 Months",3,58781.19,2,0.6,0.92,0.84,3,1,1,1,1,63892.6,0
6075,15802570,Dyer,National Air Logistics Consol & Planning Manager,11/09/1975,13/04/2020,,White Collar,Permanent,Full Time,Flex and Fixed,Active,Medium,Female,47,"2 Years, 8 Months",2,61311.78,1,0.56,0.72,0.73,1,1,1,1,1,68124.2,0
6076,15781451,Buccho,National Air Logistics Pharma Compliance Specialist,15/05/1985,13/10/2018,,Blue Collar,Permanent,Full Time,Fixed,Active,Low,Male,37,"4 Years, 2 Months",4,28962.47,3,0.88,0.78,0.74,2,0,0,0,0,32542.1,0
6077,15721019,Jones,Trucking Specialist - Air Logistics,27/06/2000,30/03/2019,,Blue Collar,Permanent,Full Time,Fixed,Active,Medium,Female,22,"3 Years, 8 Months",3,32640.24,3,0.27,0.35,0.54,2,0,0,1,0,35868.4,0
6078,15738588,Nebechi,Transport Controller,07/10/2001,22/03/2016,,Blue Collar,Temporary,Full Time,Fixed,Active,Low,Female,21,"6 Years, 8 Months",6,23416.51,3,0.36,0.97,0.77,2,0,0,0,0,27876.8,0
6079,15730657,Ibekwe,Operations Specialist,04/12/1980,10/09/2018,,Blue Collar,Permanent,Full Time,Fixed,Active,High,Female,42,"4 Years, 3 Months",4,32704.66,4,0.56,0.57,0.65,2,0,1,0,0,35166.3,0
6080,15739292,Gorshkov,Analyst Programmer ,11/11/1973,20/12/2014,,White Collar,Permanent,Full Time,Flex and Fixed,Active,Low,Male,49,"7 Years, 11 Months",7,55076.18,4,0.44,0.9,0.66,2,1,1,1,0,61195.75,0
6081,15725945,Nweke,Operations Specialist,18/04/2001,30/05/2009,12/10/2013,Blue Collar,Permanent,Full Time,Fixed,Voluntarily Terminated,High,Female,21,"4 Years, 4 Months",4,29470.72,3,0.6,0.31,0.61,5,0,0,0,1,33489.45,1
6082,15813159,Hairston,National Perishable Air Logistics Development Manager Retail,03/01/1989,22/04/2009,10/05/2017,White Collar,Permanent,Full Time,Flex and Fixed,Voluntarily Terminated,High,Male,34,"8 Years, 0 Months",8,32770.73,1,0.29,0.17,0.5,4,1,1,0,1,36821.05,1
6083,15636820,Loggia,Software Engineer,31/01/1976,08/09/2021,,White Collar,Permanent,Full Time,Flex and Fixed,Active,High,Male,47,"1  Years, 3 Months",1,63339.74,4,0.26,0.8,0.4,1,1,0,1,0,65978.9,0
6084,15603880,Morgan,Sea Logistics Pricing Coordinator,12/08/1987,04/12/2017,23/11/2019,White Collar,Permanent,Full Time,Fixed,Voluntarily Terminated,Medium,Male,35,"1 Years, 11 Months",1,28553.67,2,0.27,0.19,0.76,5,0,1,1,1,32447.35,1
6085,15619494,Abdulov,IT-Support,17/06/1982,05/09/2017,,White Collar,Permanent,Full Time,Fixed,Active,High,Female,40,"5 Years, 3 Months",5,38904.62,4,0.86,0.57,0.65,2,0,1,1,1,43227.35,0
6086,15596992,Norris,Accounting Coordinator,21/09/1985,29/11/2012,22/07/2019,White Collar,Permanent,Full Time,Fixed,Voluntarily Terminated,Low,Male,37,"10  Years, 0 Months",10,28766.68,3,0.35,0.22,0.96,6,1,0,1,0,33843.15,1
6087,15735025,Clark,Human Resoruces Coordinator,20/10/1980,08/08/2017,,White Collar,Permanent,Full Time,Fixed,Active,Low,Male,42,"5 Years, 4 Months",5,30880.15,4,0.88,0.15,0.9,1,0,1,1,1,34696.8,0
6088,15730759,Chukwudi,Aerospace International Logistics Specialist,22/09/1981,23/08/2014,02/01/2016,Blue Collar,Permanent,Full Time,Fixed,Voluntarily Terminated,Low,Female,41,"1 Years, 4 Months",1,33970.57,4,0.3,0.62,0.67,3,0,0,1,0,36138.9,1
6089,15752912,Perkin,Network Engineer,01/08/1992,20/09/2016,,White Collar,Permanent,Full Time,Flex and Fixed,Active,High,Female,30,"6 Years, 2 Months",6,64512.95,4,0.08,0.61,0.41,2,1,0,1,0,71681.05,0
6090,15711316,Ch'ang,Perishable Warehouse Specialist - Air Logistics,14/05/1998,04/12/2019,,Blue Collar,Permanent,Full Time,Fixed,Active,High,Male,24,"3 Years, 0 Months",3,33070.19,4,0.84,0.87,0.81,2,0,1,1,0,35181.05,0
6091,15738785,Kang,Trucking Specialist - Air Logistics,21/03/1961,28/05/1986,,Blue Collar,Permanent,Full Time,Fixed,Active,Low,Male,61,"36 Years, 6 Months",36,28619.72,3,0.23,0.54,0.75,2,0,1,0,0,34902.1,0
6092,15777896,Chukwudi,Business Analyst,06/09/1957,23/11/2005,,White Collar,Permanent,Full Time,Flex and Fixed,Active,Low,Female,65,"17 Years, 0 Months",17,40490.19,1,0.27,0.71,0.54,5,1,1,0,0,51910.5,0
6093,15628963,Frolova,National Air Logistics Pharma Compliance Specialist,08/01/1968,26/04/2010,,Blue Collar,Permanent,Full Time,Fixed,Active,Medium,Male,55,"12  Years, 7 Months",12,34864.11,1,0.26,0.66,0.67,3,0,1,1,1,36392.6,0
6094,15742126,Chiu,Warehouse Specialist - Air Logistics,28/06/1983,24/06/2021,,Blue Collar,Temporary,Full Time,Fixed,Active,Medium,Male,39,"1  Years, 5 Months",1,24577.85,4,0.29,0.7,0.68,0,0,1,1,1,24577.85,0
6095,15575623,Simpson,National Perishable Air Logistics Development Manager Retail,01/03/1975,30/11/2017,,White Collar,Permanent,Full Time,Flex and Fixed,Active,Low,Female,48,"5 Years, 0 Months",5,31849.95,3,0.39,0.53,0.5,1,1,0,1,0,34999.95,0
6096,15741652,McLean,Sea Logiscitcs Customer Care Specialist ,29/11/1971,16/04/2016,,Blue Collar,Permanent,Full Time,Fixed,Active,Low,Male,51,"6 Years, 8 Months",6,31674.01,2,0.28,0.92,0.54,3,0,1,1,1,33695.75,0
6097,15738884,Hu,Sea Logistics Pricing Coordinator,10/11/1962,04/01/1990,,White Collar,Permanent,Full Time,Fixed,Active,Medium,Male,60,"32  Years, 11 Months",32,35010.97,4,0.86,0.93,0.73,1,0,0,1,0,36853.65,0
6098,15615050,Savage,Project Coordinator,30/09/1978,16/03/2013,01/01/2017,White Collar,Permanent,Full Time,Fixed,Voluntarily Terminated,High,Male,44,"3 Years, 9 Months",3,32421.05,1,0.22,0.62,0.7,5,0,1,1,1,36842.1,1
6099,15803005,Wallace,National Service Excellence Specialist- Air Logistics,24/04/1955,23/02/2018,,White Collar,Permanent,Full Time,Flex and Fixed,Active,Low,Female,67,"4 Years, 9 Months",4,34260.75,3,0.26,0.65,0.53,2,0,1,0,1,34959.95,0
6100,15743498,Winter,Sea Logistics Pricing Coordinator,01/04/1962,10/11/2005,03/03/2015,White Collar,Permanent,Full Time,Fixed,Voluntarily Terminated,Low,Male,60,"17  Years, 1 Months",17,29498.99,3,0.19,0.39,0.98,5,0,0,1,0,35117.85,1
6101,15720463,Ho,Human Resoruces Coordinator,14/01/1989,15/02/2019,,White Collar,Permanent,Full Time,Fixed,Active,Medium,Male,34,"3 Years, 10 Months",3,30958.15,4,0.29,0.97,0.89,1,0,0,1,0,34019.95,0
6102,15588695,Su,National Perishable Air Logistics Development Manager Retail,20/11/1978,15/08/2009,01/02/2022,White Collar,Permanent,Full Time,Flex and Fixed,Voluntarily Terminated,Medium,Male,44,"12 Years, 5 Months",12,31908.44,2,0.35,0.49,0.77,5,1,1,1,1,33307.35,1
6103,15665802,Li Fonti,Gateway & Procurement Team Leader- Air Logistics,24/06/1994,29/08/2021,,White Collar,Permanent,Full Time,Fixed,Active,Low,Female,28,"1  Years, 3 Months",1,40243.15,4,0.91,0.96,0.55,0,0,1,1,1,40243.15,0
6104,15571144,Ives,National Air Logistics Healthcare Manager ,20/11/1979,28/09/2021,,White Collar,Permanent,Full Time,Flex and Fixed,Active,Medium,Male,43,"1  Years, 2 Months",1,70722.1,2,0.43,1,0.8,0,1,1,0,1,70722.1,0
6105,15750731,Trevisani,Senior DevOps Engineer,05/05/1982,09/02/2017,16/07/2018,White Collar,Permanent,Full Time,Flex and Fixed,Voluntarily Terminated,Low,Male,40,"1 Years, 5 Months",1,62280.812,1,0.38,0.48,0.85,2,1,0,1,0,70773.65,1
6106,15605134,Bond,IT System Engineer,28/06/1985,11/01/1992,,White Collar,Permanent,Full Time,Flex and Fixed,Active,Medium,Female,37,"30 Years, 11 Months",30,60477.12,1,0.7,0.67,0.84,2,1,0,1,0,67196.8,0
6107,15626044,Lettiere,Regional Air logistics Trainer Specialist,28/03/1996,22/12/2015,,White Collar,Permanent,Full Time,Fixed,Active,High,Male,26,"6 Years, 11 Months",6,26912.68,4,0.67,0.61,0.52,2,0,1,1,1,32038.9,0
6108,15737910,Houghton,Senior DevOps Engineer,29/09/1980,11/12/2013,,White Collar,Permanent,Full Time,Flex and Fixed,Active,Low,Male,42,"9 Years, 0 Months",9,59416.79,4,0.48,0.62,0.92,3,1,0,1,0,69902.1,0
6109,15761076,Lei,Internal Trainer,22/01/1962,06/10/2009,,White Collar,Permanent,Full Time,Fixed,Active,High,Male,61,"13 Years, 2 Months",13,28169.95,4,0.83,0.62,0.79,1,0,1,1,1,32755.75,0
6110,15710105,Stirling,Accounting Coordinator,19/01/1985,07/10/2009,26/05/2019,White Collar,Permanent,Full Time,Fixed,Voluntarily Terminated,Low,Female,38,"9 Years, 7 Months",9,35765.64,2,0.3,0.4,0.76,6,1,1,1,1,37333.65,1
6111,15577402,Grant,National Air Logistics Pharma Compliance Specialist,19/01/1982,13/04/2010,,Blue Collar,Permanent,Full Time,Fixed,Active,Medium,Male,41,"12 Years, 8 Months",12,30462.85,3,0.39,0.86,0.56,1,0,1,0,1,32755.75,0
6112,15803337,Baresi,National Perishable Air Logistics Development Manager Retail,07/07/1979,29/11/2016,,White Collar,Permanent,Full Time,Flex and Fixed,Active,Medium,Male,43,"6 Years, 0 Months",6,31229.74,3,0.25,0.15,0.44,1,1,0,1,0,36313.65,0
6113,15654372,Pearce,Operations Specialist,04/09/1979,25/07/2015,,Blue Collar,Permanent,Full Time,Fixed,Active,High,Male,43,"7 Years, 4 Months",7,27747.21,3,0.82,0.14,0.95,1,0,0,1,0,32264.2,0
6114,15585867,Rutledge,Data Analyst,04/05/1980,21/05/2014,,White Collar,Permanent,Full Time,Flex and Fixed,Active,High,Male,42,"8 Years, 6 Months",8,41943.38,2,0.8,0.7,0.98,3,1,1,0,1,49932.6,0
6115,15662488,Udegbunam,Cloud Service Analyst,08/02/1957,06/11/1987,27/06/2020,White Collar,Permanent,Full Time,Flex and Fixed,Voluntarily Terminated,High,Female,66,"32 Years, 7 Months",32,36709.21,3,0.49,0.38,0.7,4,1,0,1,0,59208.4,1
6116,15604813,Zaytseva,Trucking Team Leader- Air Logistics,27/11/1982,31/10/2019,,White Collar,Permanent,Full Time,Fixed,Active,Low,Male,40,"3 Years, 1 Months",3,37881.84,4,0.87,0.63,0.86,1,0,1,0,1,41628.4,0
6117,15611644,Onyemauchechukwu,Business Development Executive,16/11/1979,06/10/2017,,White Collar,Permanent,Full Time,Flex and Fixed,Active,Low,Male,43,"5  Years, 2 Months",5,38833.96,4,0.85,0.45,0.75,1,0,1,0,1,40877.85,0
6118,15674928,Mullah,Inventory Clerk,28/04/2002,13/03/2016,,Blue Collar,Temporary,Full Time,Fixed,Active,Low,Male,20,"6 Years, 9 Months",6,24861.5,4,0.99,0.9,0.6,2,0,0,1,0,26448.4,0
6119,15656100,Candler,Apprentice,15/09/2003,28/08/2022,,Blue Collar,Apprentice,Full Time,Fixed,Active,Low,Female,19,"0 Years, 3 Months",0,21734.7,4,0.59,0.15,0.87,0,0,0,1,0,21734.7,0
6120,15764293,Konovalova,Account Manager ,09/12/1979,05/11/2013,,White Collar,Permanent,Full Time,Fixed,Active,Low,Male,43,"9 Years, 1 Months",9,31178.14,1,0.65,0.75,0.86,2,1,1,1,1,36253.65,0
6121,15636423,Lei,Customer Brokerage Specialist,31/07/1960,02/01/2012,,Blue Collar,Permanent,Full Time,Fixed,Active,Low,Male,62,"10  Years, 11 Months",10,32395.29,1,0.26,0.14,0.52,2,1,1,1,1,34758.9,0
6122,15607629,Hollis,Account Manager ,01/10/1971,15/01/2018,,White Collar,Permanent,Full Time,Fixed,Active,Low,Male,51,"4 Years, 11 Months",4,34598.76,3,0.78,0.5,0.94,2,1,0,1,0,37607.35,0
6123,15577313,Lionel,Revenue Care Specialist- Air Logistics,19/01/1982,16/06/2015,05/09/2020,White Collar,Permanent,Full Time,Fixed,Voluntarily Terminated,High,Male,41,"5 Years, 2 Months",5,37539.43,3,0.14,0.45,0.45,3,1,0,1,0,43650.5,1
6124,15714493,Francis,Human Resoruces Coordinator,23/06/1996,03/04/2017,,White Collar,Permanent,Full Time,Fixed,Active,High,Female,26,"5 Years, 8 Months",5,29288.38,4,0.3,0.86,0.92,2,0,1,1,1,31157.85,0
6125,15643359,Carter,Network Engineer,03/07/1988,15/08/2021,,White Collar,Permanent,Full Time,Flex and Fixed,Active,Low,Male,34,"1  Years, 4 Months",1,69662.1,1,0.23,0.52,0.62,0,1,1,0,1,69662.1,0
6126,15687913,Mai,Data Analyst,20/05/1983,04/08/2021,,White Collar,Permanent,Full Time,Flex and Fixed,Active,High,Female,39,"1  Years, 4 Months",1,50995.75,3,0.67,0.79,0.48,0,1,1,0,1,50995.75,0
6127,15790935,Johnson,Warehouse Quality Control Specialist - Air Logistics,07/04/1957,21/06/2008,,Blue Collar,Permanent,Full Time,Fixed,Active,Low,Female,65,"14 Years, 5 Months",14,21243.76,3,0.43,0.47,0.56,3,0,1,0,1,26554.7,0
6128,15708693,Sherman,Sea Logistics Pricing Coordinator,14/12/1995,10/04/2017,,White Collar,Permanent,Full Time,Fixed,Active,Low,Female,27,"5 Years, 8 Months",5,32178.66,4,0.42,0.76,0.64,2,0,0,1,0,34976.8,0
6129,15672016,Sabbatini,Network Engineer,28/06/1962,02/07/2020,,White Collar,Permanent,Full Time,Flex and Fixed,Active,Low,Male,60,"2 Years, 5 Months",2,58788.95,3,0.57,0.52,0.72,1,1,1,0,1,65321.05,0
6130,15727605,Shih,National Air Logistics Pharma Compliance Specialist,17/12/1971,06/05/2018,,Blue Collar,Permanent,Full Time,Fixed,Active,Low,Male,51,"4 Years, 7 Months",4,31101.12,4,0.27,0.84,0.54,1,0,1,0,1,33086.3,0
6131,15651144,Yao,Account Manager ,15/03/1982,24/03/1988,,White Collar,Permanent,Full Time,Fixed,Active,High,Female,40,"34 Years, 8 Months",34,33028.85,4,0.69,0.5,0.7,1,1,0,0,0,37964.2,0
6132,15749401,Ko,Accounting Coordinator,14/11/1984,10/01/2013,,White Collar,Permanent,Full Time,Fixed,Active,Medium,Male,38,"9 Years, 11 Months",9,27698.7,3,0.12,0.52,0.63,1,1,1,1,1,33778.9,0
6133,15691874,Kazakova,Java Software Engineer ,07/04/1983,03/09/2012,,White Collar,Permanent,Full Time,Flex and Fixed,Active,High,Female,39,"10  Years, 3 Months",10,60186.42,4,0.98,0.76,0.37,3,1,0,1,0,71650.5,0
6134,15620735,Chiganu,National Perishable Air Logistics Development Manager Retail,31/07/1961,15/06/2017,,White Collar,Permanent,Full Time,Flex and Fixed,Active,High,Female,61,"5 Years, 6 Months",5,29188.9,3,0.11,0.59,0.58,2,1,0,1,0,35167.35,0
6135,15769781,Nucci,National Perishable Air Logistics Development Manager Seafood,17/07/1960,01/10/2002,,White Collar,Permanent,Full Time,Flex and Fixed,Active,High,Female,62,"20 Years, 2 Months",20,34473.67,4,0.3,0.65,0.79,4,1,1,1,1,37883.15,0
6136,15624611,Marsden,National Service Excellence Specialist- Air Logistics,09/12/1995,02/01/2014,,White Collar,Permanent,Full Time,Flex and Fixed,Active,Medium,Male,27,"8 Years, 11 Months",8,29982.03,2,0.15,0.68,0.83,2,0,1,1,1,34462.1,0
6137,15773071,Serena,Customer Care Specialist-Key Accounts,02/09/1991,14/03/2018,,White Collar,Permanent,Full Time,Fixed,Active,Medium,Female,31,"4 Years, 9 Months",4,34833.84,4,0.43,0.52,0.72,2,0,1,1,1,36285.25,0
6138,15720371,McLean,National Perishable Air Logistics Development Manager Seafood,12/03/1958,18/12/1984,26/11/2020,White Collar,Permanent,Full Time,Flex and Fixed,Voluntarily Terminated,Medium,Female,65,"35 Years, 11 Months",35,23977.46,1,0.28,0.38,0.5,5,1,0,1,0,36888.4,1
6139,15717984,Longo,Account Manager ,25/06/1981,11/09/2017,05/01/2022,White Collar,Permanent,Full Time,Fixed,Voluntarily Terminated,Low,Male,41,"4 Years, 3 Months",4,31067.83,3,0.44,0.53,0.84,3,1,0,1,0,34140.47,1
6140,15806407,Wilson,Warehouse Quality Control Specialist - Air Logistics,04/04/1968,04/05/1999,,Blue Collar,Permanent,Full Time,Fixed,Active,High,Female,54,"23 Years, 7 Months",23,24458.41,2,0.52,0.5,0.95,2,0,0,1,0,27793.65,0
6141,15785042,Hsiung,National Air Logistics Pharma Compliance Specialist,03/05/1980,02/12/2016,,Blue Collar,Permanent,Full Time,Fixed,Active,Low,Female,42,"6 Years, 0 Months",6,31890.08,2,0.66,0.98,0.77,1,0,0,0,0,35831.55,0
6142,15809302,Wright,Business Analyst,08/06/1978,11/07/2020,,White Collar,Permanent,Full Time,Flex and Fixed,Active,Medium,Male,44,"2 Years, 5 Months",2,44028.8,4,0.49,0.85,0.6,1,1,1,1,1,44927.35,0
6143,15677550,Folliero,Customer Brokerage Specialist,26/12/1971,09/11/2019,,Blue Collar,Permanent,Full Time,Fixed,Active,High,Female,51,"3 Years, 1 Months",3,32754.8,3,0.47,0.49,0.83,2,1,0,1,0,36803.15,0
6144,15654096,Johnston,Java Software Engineer ,18/04/1974,07/09/2019,,White Collar,Permanent,Full Time,Flex and Fixed,Active,Medium,Female,48,"3 Years, 3 Months",3,59538.89,3,0.16,0.52,0.73,1,1,0,1,0,65427.35,0
6145,15617320,Palermo,Customer Care Specialist-Key Accounts,09/12/1996,05/02/2015,,White Collar,Permanent,Full Time,Fixed,Active,Medium,Female,26,"7 Years, 10 Months",7,30530.41,3,0.39,0.96,0.77,3,0,0,1,0,32828.4,0
6146,15653065,Nwabugwu,Software Engineer,07/07/1960,23/10/1989,,White Collar,Permanent,Full Time,Flex and Fixed,Active,High,Female,62,"33 Years, 1 Months",33,57641.23,1,0.3,0.86,0.85,4,1,0,1,0,68620.51,0
6147,15649112,Endrizzi,Pricing Analyst,28/03/1956,01/01/2006,,White Collar,Permanent,Full Time,Flex and Fixed,Active,Medium,Female,66,"16  Years, 11 Months",16,39300.78,4,0.66,0.35,0.59,3,1,1,0,1,51711.55,0
6148,15690526,Tuan,Business Analyst,04/07/1984,20/01/2015,,White Collar,Permanent,Full Time,Flex and Fixed,Active,High,Male,38,"7 Years, 10 Months",7,42438.22,3,0.66,0.99,0.97,3,1,0,1,0,48225.25,0
6149,15806945,Udobata,Regional Air logistics Trainer Specialist,29/01/1959,27/02/1993,,White Collar,Permanent,Full Time,Fixed,Active,High,Female,64,"29 Years, 9 Months",29,25170.5,3,0.51,0.52,0.92,4,0,0,1,0,35957.85,0
6150,15670066,Ibezimako,Software Engineer,26/12/1988,19/09/2018,,White Collar,Permanent,Full Time,Flex and Fixed,Active,High,Male,34,"4 Years, 2 Months",4,58005.86,3,0.12,0.75,0.91,1,1,1,1,1,65915.75,0
6151,15625761,Maclean,Revenue Care Specialist- Air Logistics,15/04/1978,18/11/2012,,White Collar,Permanent,Full Time,Fixed,Active,High,Male,44,"10  Years, 1 Months",10,34264.7,3,0.5,0.67,0.66,1,1,0,1,0,42302.1,0
6152,15761525,Shaw,National Air Logistics Pharma Compliance Specialist,13/10/1998,08/03/2019,,Blue Collar,Permanent,Full Time,Fixed,Active,Low,Female,24,"3 Years, 9 Months",3,31581.11,2,0.28,0.49,0.37,3,0,0,0,0,32557.85,0
6153,15735080,Cummins,Perishable Customer Care Team Leader - Air Logistics,28/12/1974,21/03/2022,,White Collar,Permanent,Full Time,Fixed,Active,Medium,Female,48,"0 Years, 8 Months",0,43975.75,2,0.26,0.51,0.62,0,0,1,1,1,43975.75,0
6154,15619537,Lavrentiev,Network Engineer,04/03/1969,19/10/2001,,White Collar,Permanent,Full Time,Flex and Fixed,Active,Low,Male,54,"21 Years, 1 Months",21,61181.67,2,0.26,0.65,0.6,1,1,1,1,1,67232.6,0
6155,15598162,Saunders,Gateway & Procurement Team Leader- Air Logistics,16/04/1972,02/06/2014,,White Collar,Permanent,Full Time,Fixed,Active,Low,Female,50,"8 Years, 6 Months",8,36287.96,3,0.27,0.73,0.8,3,0,1,1,1,43199.95,0
6156,15694300,Fiorentino,Pricing Analyst,03/07/1985,27/07/1988,,White Collar,Permanent,Full Time,Flex and Fixed,Active,High,Male,37,"34 Years, 4 Months",34,48858.19,1,0.66,0.46,0.75,3,1,0,1,0,51976.8,0
6157,15637235,Knight,Operations Specialist,03/01/1970,10/10/2014,,Blue Collar,Permanent,Full Time,Fixed,Active,Medium,Male,53,"8 Years, 2 Months",8,31056.62,2,0.87,0.94,0.82,1,0,0,0,0,34507.35,0
6158,15612444,Manfrin,Perishable Customer Care Team Leader - Air Logistics,11/09/2000,19/06/2012,,White Collar,Permanent,Full Time,Fixed,Active,Low,Male,22,"10  Years, 5 Months",10,36267.25,4,0.1,0.53,0.69,2,0,0,1,0,42667.35,0
6159,15626457,Zetticci,Perishable Operational Care Specialist - Air Logistics,23/10/1971,29/09/2017,,Blue Collar,Permanent,Full Time,Fixed,Active,Low,Male,51,"5 Years, 2 Months",5,34003.23,4,0.26,0.6,0.79,1,0,0,1,0,36173.65,0
6160,15627995,Angelo,Inside Sales Executive/ Account Manager,27/05/1991,25/09/1996,03/10/2021,White Collar,Permanent,Full Time,Flex and Fixed,Voluntarily Terminated,High,Female,31,"25 Years, 0 Months",25,32728.38,2,0.42,0.63,0.97,4,1,1,0,1,35965.25,1
6161,15706128,Zhdanov,Customer Care Specialist-Key Accounts,03/06/1969,17/11/2017,,White Collar,Permanent,Full Time,Fixed,Active,Low,Female,53,"5 Years, 1 Months",5,30037.17,2,0.27,0.75,0.77,1,0,0,1,0,35337.85,0
6162,15666430,Peck,Sea Logiscitcs Customer Care Specialist ,18/05/1969,31/07/1996,,Blue Collar,Permanent,Full Time,Fixed,Active,High,Male,53,"26 Years, 4 Months",26,29929.806,3,0.38,0.69,0.53,1,0,0,0,0,34802.1,0
6163,15627385,Uwaezuoke,Gateway & Procurement Specialist - Air Logistics,20/07/1984,28/05/2022,,Blue Collar,Permanent,Full Time,Fixed,Active,Medium,Male,38,"0 Years, 6 Months",0,33396.8,3,0.28,0.81,0.5,0,0,1,1,1,33396.8,0
6164,15581323,White,Project Coordinator,07/07/1955,12/11/1996,,White Collar,Permanent,Full Time,Fixed,Active,High,Female,67,"26 Years, 1 Months",26,26393.66,4,0.56,0.74,0.84,2,0,0,1,0,35191.55,0
6165,15608109,Greco,National Service Excellence Specialist- Air Logistics,02/06/1998,27/04/2013,,White Collar,Permanent,Full Time,Flex and Fixed,Active,Low,Male,24,"9 Years, 7 Months",9,30421.59,4,0.16,0.72,0.55,2,0,1,0,1,34967.35,0
6166,15801942,Chu,Project Coordinator,05/06/1988,04/07/2011,05/03/2017,White Collar,Permanent,Full Time,Fixed,Voluntarily Terminated,High,Female,34,"5 Years, 8 Months",5,34909.58,3,0.27,0.27,0.39,5,0,1,1,1,37137.85,1
6167,15567431,Kodilinyechukwu,Perishable Customer Care Team Leader - Air Logistics,16/05/1961,23/09/2009,,White Collar,Permanent,Full Time,Fixed,Active,High,Male,61,"13 Years, 2 Months",13,39589.99,4,0.2,0.86,0.74,1,0,1,0,1,43032.6,0
6168,15810167,Scott,National Perishable Air Logistics Development Manager Retail,05/02/1995,01/04/2014,,White Collar,Permanent,Full Time,Flex and Fixed,Active,High,Male,28,"8 Years, 8 Months",8,32030.11,3,0.27,0.5,0.59,3,1,1,0,1,36397.85,0
6169,15644501,Enyinnaya,Account Manager ,10/07/1970,25/06/2022,,White Collar,Permanent,Full Time,Fixed,Active,High,Female,52,"0 Years, 5 Months",0,34593.65,2,0.36,0.82,0.5,0,1,1,1,1,34593.65,0
6170,15785290,Hao,Finance Analyst,24/06/1988,11/01/2017,,White Collar,Permanent,Full Time,Flex and Fixed,Active,High,Male,34,"5 Years, 11 Months",5,45488.72,3,0.49,0.73,0.51,5,1,0,1,0,48912.6,0
6171,15611157,McElhone,Customer Care Specialist-Key Accounts,08/04/1968,08/06/1996,,White Collar,Permanent,Full Time,Fixed,Active,Low,Female,54,"26  Years, 6 Months",26,26091.98,4,0.3,0.7,0.72,5,0,0,1,0,34331.55,0
6172,15673837,Ko,Sea Logiscitcs Customer Care Specialist ,12/06/1994,21/03/2018,,Blue Collar,Permanent,Full Time,Fixed,Active,Low,Male,28,"4 Years, 8 Months",4,32426.88,1,0.24,0.9,0.72,1,0,1,1,1,36434.7,0
6173,15656822,Day,Warehouse Quality Control Specialist - Air Logistics,23/10/1969,24/03/2014,25/12/2021,Blue Collar,Permanent,Full Time,Fixed,Voluntarily Terminated,High,Male,53,"7 Years, 9 Months",7,26639.49,4,0.59,0.48,0.95,5,0,1,1,1,27183.15,1
6174,15580560,Harris,National Service Excellence Specialist- Air Logistics,12/10/1998,10/07/2018,,White Collar,Permanent,Full Time,Flex and Fixed,Active,Low,Female,24,"4 Years, 5 Months",4,33389.81,3,0.4,0.63,0.85,1,0,1,1,1,34781.05,0
6175,15760641,Gerald,National Air Logistics Consol & Planning Manager,15/09/1973,19/04/2013,,White Collar,Permanent,Full Time,Flex and Fixed,Active,Medium,Male,49,"9 Years, 7 Months",9,59662.14,3,0.5,0.84,0.99,3,1,1,0,1,71882.1,0
6176,15587584,Nebeuwa,Human Resoruces Coordinator,27/02/1981,10/02/2019,,White Collar,Permanent,Full Time,Fixed,Active,High,Male,42,"3 Years, 10 Months",3,32998.33,1,0.18,0.98,0.92,1,0,1,1,1,34018.9,0
6177,15604146,Kaodilinakachukwu,Recruiter,02/12/1977,01/05/2020,,White Collar,Permanent,Full Time,Fixed,Active,High,Female,45,"2 Years, 7 Months",2,40918.58,2,0.28,0.41,0.48,1,0,1,1,1,41753.65,0
6178,15813974,Maruff,Data Engineer,27/01/1980,10/08/2016,29/12/2020,White Collar,Permanent,Full Time,Flex and Fixed,Voluntarily Terminated,High,Male,43,"4 Years, 4 Months",4,67452.38,2,0.25,0.4,0.58,3,1,0,0,1,71757.85,1
6179,15746986,Howe,Internal Trainer,22/04/1980,17/06/2019,,White Collar,Permanent,Full Time,Fixed,Active,Medium,Female,42,"3 Years, 6 Months",3,34993.48,1,0.19,0.87,0.89,11,0,0,0,0,36075.75,0
6180,15759741,Knepper,Apprentice,13/01/2003,28/12/2021,,Blue Collar,Apprentice,Full Time,Fixed,Active,High,Female,20,"0  Years, 11 Months",0,21664.2,2,0.44,0.63,0.71,0,0,1,1,1,21664.2,0
6181,15734892,Fennell,Business Development Manager,19/02/1969,25/01/1991,,White Collar,Permanent,Full Time,Flex and Fixed,Active,Low,Male,54,"31 Years, 10 Months",31,47178.37,3,0.24,0.6,0.96,3,1,1,1,1,52420.41,0
6182,15797194,T'ao,Aerospace International Logistics Specialist,22/03/2000,02/06/2015,,Blue Collar,Permanent,Full Time,Fixed,Active,Low,Male,22,"7 Years, 6 Months",7,31971.62,3,0.7,0.58,0.79,3,0,0,1,0,35133.65,0
6183,15723786,Morris,National Air Logistics Gateway Trade Lane Specialist,22/02/1979,29/09/2018,,White Collar,Permanent,Full Time,Fixed,Active,Low,Female,44,"4 Years, 2 Months",4,31261.47,3,0.9,0.64,0.52,1,0,0,1,0,35125.25,0
6184,15642726,Holmes,Business Analyst,24/09/1968,15/11/2013,,White Collar,Permanent,Full Time,Flex and Fixed,Active,Low,Male,54,"9 Years, 1 Months",9,43262.52,2,0.58,0.74,0.62,2,1,0,0,0,50305.25,0
6185,15664339,Yu,Sales Account Manager,16/03/2000,23/03/2021,16/07/2022,White Collar,Permanent,Full Time,Fixed,Voluntarily Terminated,Low,Male,22,"1  Years, 8 Months",1,32912.616,3,0.23,0.37,0.7,2,1,0,0,0,37400.7,1
6186,15754526,Walker,Accounts Payable,06/05/1999,03/03/2016,,White Collar,Permanent,Full Time,Fixed,Active,Medium,Male,23,"6 Years, 9 Months",6,30106.7,4,0.57,0.74,0.75,3,1,1,1,0,32028.4,0
6187,15703037,Edwards,Sales Account Manager,27/11/1985,11/02/2012,06/08/2016,White Collar,Permanent,Full Time,Fixed,Voluntarily Terminated,High,Male,37,"10  Years, 10 Months",10,32297.28,1,0.1,0.43,0.6,5,1,1,0,1,37996.8,1
6188,15751412,Harvey,Transport Controller,28/12/2004,15/07/2022,,Blue Collar,Temporary,Full Time,Fixed,Active,Medium,Male,18,"0 Years, 5 Months",0,28905.25,2,0.08,0.87,0.82,0,0,1,0,1,28905.25,0
6189,15609558,McDonald,Data Engineer,21/01/1990,09/04/1985,29/07/2022,White Collar,Permanent,Full Time,Flex and Fixed,Voluntarily Terminated,Low,Female,33,"37 Years, 3 Months",37,43667,2,0.52,0.43,0.99,3,1,1,1,1,71585.25,1
6190,15572408,Chambers,Aerospace International Logistics Specialist,17/07/1994,11/08/2017,,Blue Collar,Permanent,Full Time,Fixed,Active,High,Male,28,"5 Years, 4 Months",5,31649.96,4,0.73,0.15,0.91,3,0,0,1,0,33315.75,0
6191,15613923,Reed,Account Manager ,26/06/1986,08/09/2012,,White Collar,Permanent,Full Time,Fixed,Active,High,Female,36,"10  Years, 3 Months",10,29520,3,0.26,0.18,0.57,3,1,1,0,1,36000,0
6192,15747000,Shih,Aerospace International Logistics Specialist,15/06/1984,14/05/2021,,Blue Collar,Permanent,Full Time,Fixed,Active,Medium,Male,38,"1  Years, 7 Months",1,33797.42,4,0.71,1,0.67,1,0,1,1,1,35954.7,0
6193,15731781,Onyemachukwu,Customer Care Specialist-Key Accounts,11/09/1994,18/03/2022,,White Collar,Permanent,Full Time,Fixed,Active,Low,Male,28,"0 Years, 9 Months",0,32913.65,1,0.29,0.98,0.63,0,0,0,1,0,32913.65,0
6194,15727198,Teng,National Perishable Air Logistics Development Manager Retail,02/12/1981,25/06/2020,,White Collar,Permanent,Full Time,Flex and Fixed,Active,High,Female,41,"2 Years, 5 Months",2,31842.63,4,0.3,0.73,0.97,1,1,0,0,0,34611.55,0
6195,15794273,Hand,IT System Engineer,21/11/1979,10/06/2019,,White Collar,Permanent,Full Time,Flex and Fixed,Active,Low,Female,43,"3 Years, 6 Months",3,63058.15,2,0.28,0.67,0.72,1,1,1,0,1,65008.4,0
6196,15804950,Onyemauchechukwu,Recruiter,10/04/1985,12/01/2015,,White Collar,Permanent,Full Time,Fixed,Active,Medium,Female,37,"7 Years, 11 Months",7,37841.39,3,0.92,0.9,0.74,1,0,1,1,1,40256.8,0
6197,15576304,Bailey,Warehouse Quality Control Specialist - Air Logistics,29/11/1971,11/10/2016,,Blue Collar,Permanent,Full Time,Fixed,Active,Medium,Male,51,"6 Years, 2 Months",6,23170.73,3,0.26,0.54,0.53,2,0,1,1,0,27584.2,0
6198,15645200,Chiang,Apprentice,16/07/2004,07/08/2009,17/07/2018,Blue Collar,Apprentice,Full Time,Fixed,Voluntarily Terminated,Medium,Female,18,"8 Years, 11 Months",8,22301.27,1,0.26,0.15,0.39,3,0,0,1,1,23928.4,1
6199,15779627,Maclean,Finance Analyst,09/12/1990,22/10/2014,,White Collar,Permanent,Full Time,Flex and Fixed,Active,High,Male,32,"8 Years, 1 Months",8,43951.25,2,0.4,0.58,0.54,1,1,1,1,1,51707.35,0
6200,15750755,Yobachi,Human Resoruces Coordinator,10/10/1985,19/04/2021,,White Collar,Permanent,Full Time,Fixed,Active,High,Female,37,"1 Years, 7 Months",1,34699.95,3,0.87,0.81,0.51,0,0,0,0,0,34699.95,0
6201,15569654,Munro,Inside Sales Executive/ Account Manager,10/07/1981,07/12/2013,,White Collar,Permanent,Full Time,Flex and Fixed,Active,High,Female,41,"9 Years, 0 Months",9,33400.82,4,0.3,0.17,0.51,3,1,0,0,0,36704.2,0
6202,15753079,Chidi,Sea Logistics Pricing Coordinator,23/07/1999,01/08/2016,,White Collar,Permanent,Full Time,Fixed,Active,Low,Male,23,"6 Years, 4 Months",6,31790.9,1,0.12,0.68,0.73,1,0,0,0,0,33820.11,0
6203,15684995,Chamberlain,Perishable Warehouse Specialist - Air Logistics,28/05/1995,10/07/2012,,Blue Collar,Permanent,Full Time,Fixed,Active,Medium,Male,27,"10  Years, 5 Months",10,27736.76,1,0.11,0.68,0.49,4,0,1,0,0,33019.95,0
6204,15790763,Trujillo,Recruiter,11/11/1977,21/09/2021,,White Collar,Permanent,Full Time,Fixed,Active,Low,Female,45,"1  Years, 2 Months",1,39440.38,1,0.3,0.7,0.93,1,0,0,1,0,41957.85,0
6205,15766458,Tang,Warehouse Specialist - Air Logistics,30/07/1974,08/09/2020,,Blue Collar,Temporary,Full Time,Fixed,Active,Medium,Male,48,"2 Years, 3 Months",2,22878.28,3,0.88,0.49,0.68,1,0,0,1,0,25140.97,0
6206,15616221,Wilson,Internal Trainer,31/12/1978,18/10/2008,02/04/2016,White Collar,Permanent,Full Time,Fixed,Voluntarily Terminated,Low,Female,44,"7 Years, 5 Months",7,30232.11,3,0.46,0.55,0.96,3,0,0,0,0,33222.1,1
6207,15776124,Mann,Revenue Care Specialist- Air Logistics,24/11/1970,16/10/2017,,White Collar,Permanent,Full Time,Fixed,Active,Medium,Male,52,"5 Years, 2 Months",5,38759.27,3,0.54,0.48,0.84,2,1,1,0,0,42592.6,0
6208,15665811,Parry,Human Resoruces Coordinator,18/10/1955,11/05/1990,,White Collar,Permanent,Full Time,Fixed,Active,Medium,Male,67,"32 Years, 7 Months",32,22245.08,1,0.19,0.63,0.98,2,0,0,1,0,36467.35,0
6209,15729804,Manfrin,Customer Care Specialist-Key Accounts,20/04/1992,23/04/2022,,White Collar,Permanent,Full Time,Fixed,Active,Medium,Male,30,"0 Years, 7 Months",0,36929.45,3,0.08,0.83,0.69,0,0,1,1,0,36929.45,0
6210,15714062,Millar,Data Analyst,25/06/1959,24/11/1991,17/05/2022,White Collar,Permanent,Full Time,Flex and Fixed,Voluntarily Terminated,Medium,Female,63,"31  Years, 0 Months",31,28259.43,1,0.28,0.48,0.87,4,1,0,0,0,48723.15,1
6211,15592197,Simmons,Sea Logiscitcs Customer Care Specialist ,19/03/1996,29/01/2012,,Blue Collar,Permanent,Full Time,Fixed,Active,Low,Male,26,"10  Years, 10 Months",10,28941.07,3,0.6,0.98,0.96,1,0,0,1,0,34453.65,0
6212,15793116,Beneventi,Software Engineer,08/12/1982,15/02/2020,,White Collar,Permanent,Full Time,Flex and Fixed,Active,Low,Female,40,"2 Years, 10 Months",2,65063.72,3,0.43,0.57,0.72,1,1,0,0,0,66391.55,0
6213,15638231,Chung,Java Software Engineer ,06/03/1991,12/02/2019,,White Collar,Permanent,Full Time,Flex and Fixed,Active,Low,Female,32,"3 Years, 10 Months",3,60299.47,4,0.53,0.72,0.66,1,1,1,1,0,66263.15,0
6214,15697678,Maxwell,Perishable Operational Care Specialist - Air Logistics,11/11/1957,30/04/1995,,Blue Collar,Permanent,Full Time,Fixed,Active,Medium,Male,65,"27 Years, 7 Months",27,24476.84,3,0.3,0.9,0.8,2,0,1,1,1,36532.6,0
6215,15800412,Dale,Operations Specialist,09/07/1971,06/01/2022,,Blue Collar,Permanent,Full Time,Fixed,Active,Low,Male,51,"0 Years, 11 Months",0,33557.85,4,0.26,0.64,0.59,0,0,1,1,1,33557.85,0
6216,15597610,Stevens,Accounts Payable,28/11/1988,01/09/2014,,White Collar,Permanent,Full Time,Fixed,Active,Medium,Male,34,"8 Years, 3 Months",8,30751.28,3,0.1,0.55,0.98,2,1,1,1,1,35346.3,0
6217,15726634,Wei,Business Development Manager,16/09/1982,19/11/2018,,White Collar,Permanent,Full Time,Flex and Fixed,Active,Medium,Male,40,"4 Years, 0 Months",4,48578.67,4,0.12,0.56,0.59,1,1,0,1,0,53383.15,0
6218,15670866,Chiu,BI Developer,06/11/1985,25/08/2012,,White Collar,Permanent,Full Time,Flex and Fixed,Active,High,Male,37,"10  Years, 3 Months",10,51052.84,4,0.25,0.8,0.55,2,1,1,1,1,61509.45,0
6219,15667462,Duncan,BI Developer,04/12/1960,05/02/1992,,White Collar,Permanent,Full Time,Flex and Fixed,Active,Low,Male,62,"30 Years, 10 Months",30,55084.33,1,0.79,0.65,0.76,3,1,0,1,0,64051.55,0
6220,15662574,Brady,IT-Support,07/05/1955,03/12/1988,,White Collar,Permanent,Full Time,Fixed,Active,High,Male,67,"34 Years, 0 Months",34,25587.15,3,0.37,0.75,0.78,4,0,0,1,0,42645.25,0
6221,15716926,Macleod,Cloud Service Analyst,09/08/1969,16/03/2010,,White Collar,Permanent,Full Time,Flex and Fixed,Active,Low,Male,53,"12 Years, 9 Months",12,55468.13,4,0.17,0.69,0.79,2,1,0,1,0,59643.15,0
6222,15603554,Berkeley,Warehouse Specialist - Air Logistics,16/05/1975,31/01/2017,08/08/2019,Blue Collar,Temporary,Full Time,Fixed,Voluntarily Terminated,Low,Female,47,"2 Years, 6 Months",2,21896.25,1,0.47,0.47,0.76,3,0,0,1,1,24882.1,1
6223,15716800,Kaur,National Perishable Air Logistics Development Manager Retail,01/10/1985,13/05/2022,,White Collar,Permanent,Full Time,Flex and Fixed,Active,High,Male,37,"0 Years, 7 Months",0,35905.25,2,0.29,0.78,0.63,0,1,1,1,1,35905.25,0
6224,15679429,Bell,IT System Engineer,25/02/1991,08/05/2013,,White Collar,Permanent,Full Time,Flex and Fixed,Active,Low,Male,32,"9 Years, 7 Months",9,55660.67,2,0.74,0.71,0.68,3,1,1,1,1,67061.05,0
6225,15616122,Nwokike,Business Analyst,25/09/1979,05/09/2020,,White Collar,Permanent,Full Time,Flex and Fixed,Active,Low,Male,43,"2 Years, 3 Months",2,41906.78,1,0.59,0.79,0.96,1,1,1,1,1,45061.05,0
6226,15742172,Williamson,Customer Care Specialist-Key Accounts,06/09/1980,05/06/2020,,White Collar,Permanent,Full Time,Fixed,Active,Medium,Male,42,"2 Years, 6 Months",2,31018.59,3,0.21,0.86,0.72,1,0,0,1,0,35248.4,0
6227,15792305,Mountgarrett,Perishable Customer Care Team Leader - Air Logistics,18/02/1988,18/03/2014,31/08/2017,White Collar,Permanent,Full Time,Fixed,Voluntarily Terminated,Medium,Male,35,"3 Years, 5 Months",3,35726.5,1,0.3,0.4,0.82,4,0,1,0,1,42531.55,1
6228,15636016,Wreford,Sea Logiscitcs Customer Care Specialist ,31/01/1998,03/02/2014,,Blue Collar,Permanent,Full Time,Fixed,Active,High,Female,25,"8 Years, 10 Months",8,31001.06,1,0.28,0.76,0.99,3,0,1,1,1,33696.8,0
6229,15733138,Paterson,Transport Controller,05/06/1961,27/08/2020,,Blue Collar,Temporary,Full Time,Fixed,Active,Medium,Male,61,"2 Years, 3 Months",2,25131.46,1,0.13,0.76,0.8,1,0,1,1,1,27316.8,0
6230,15669741,Hou,Pricing Analyst,01/05/1970,10/01/2014,,White Collar,Permanent,Full Time,Flex and Fixed,Active,Low,Male,52,"8  Years, 11 Months",8,42559.69,3,0.35,0.74,0.66,2,1,0,1,0,50666.3,0
6231,15616954,Smith,Project Coordinator,19/09/1963,06/01/1993,,White Collar,Permanent,Full Time,Fixed,Active,Medium,Male,59,"29 Years, 11 Months",29,32913.17,1,0.67,0.56,0.81,1,0,1,0,1,35390.5,0
6232,15729238,Peng,Business Development Executive,06/01/1982,07/03/2014,12/05/2019,White Collar,Permanent,Full Time,Flex and Fixed,Voluntarily Terminated,High,Male,41,"5 Years, 2 Months",5,34248.98,1,0.28,0.54,0.91,4,0,1,1,1,40772.6,1
6233,15718242,Wollstonecraft,Human Resoruces Coordinator,23/05/1981,30/03/2013,31/07/2017,White Collar,Permanent,Full Time,Fixed,Voluntarily Terminated,Medium,Female,41,"4 Years, 4 Months",4,33353.87,2,0.4,0.38,0.79,4,0,0,0,0,36652.6,1
6234,15682914,Bolton,Accountant,04/07/1996,27/06/2017,,White Collar,Permanent,Full Time,Fixed,Active,Medium,Male,26,"5 Years, 5 Months",5,31705.92,2,0.37,0.55,0.69,1,1,1,1,1,36029.45,0
6235,15654274,Corrie,Warehouse Quality Control Specialist - Air Logistics,19/11/1973,29/01/2021,,Blue Collar,Permanent,Full Time,Fixed,Active,Low,Male,49,"1  Years, 10 Months",1,25890.97,3,0.11,0.69,0.51,1,0,0,1,0,27253.65,0
6236,15691457,Boyle,Trucking Team Leader- Air Logistics,14/06/1990,02/12/2018,,White Collar,Permanent,Full Time,Fixed,Active,Low,Male,32,"4 Years, 0 Months",4,36133.96,4,0.14,0.79,0.88,1,0,1,1,1,40599.95,0
6237,15719649,Lambie,Analyst Programmer ,26/04/1982,24/06/2016,,White Collar,Permanent,Full Time,Flex and Fixed,Active,Medium,Male,40,"6 Years, 5 Months",6,56485.07,4,0.11,0.21,0.38,2,1,0,0,0,60090.5,0
6238,15778897,Cartwright,Sea Logistics Pricing Coordinator,30/03/1979,07/07/2012,,White Collar,Permanent,Full Time,Fixed,Active,High,Female,43,"10  Years, 5 Months",10,28877.6,2,0.72,0.57,0.58,5,0,1,1,1,33973.65,0
6239,15589437,Lu,Sales Account Manager,25/08/1994,15/08/2022,,White Collar,Permanent,Full Time,Fixed,Active,Low,Male,28,"0 Years, 4 Months",0,35332.6,4,0.25,0.89,0.95,0,1,1,1,1,35332.6,0
6240,15682369,Pisano,Customer Brokerage Specialist,22/12/1991,18/11/2017,,Blue Collar,Permanent,Full Time,Fixed,Active,High,Male,31,"5 Years, 1 Months",5,30963.55,3,0.26,0.72,0.98,1,1,1,1,1,34790.5,0
6241,15626507,Chukwubuikem,Operations Specialist,10/06/1972,21/11/2014,,Blue Collar,Permanent,Full Time,Fixed,Active,Low,Male,50,"8 Years, 0 Months",8,30742.49,4,0.1,0.56,0.58,3,0,0,1,0,33415.75,0
6242,15571995,Harper,Perishable Apprentice- Air Logistics,12/01/2003,05/04/2022,,Blue Collar,Apprentice,Full Time,Fixed,Active,High,Female,20,"0 Years, 8 Months",0,22448.4,3,0.68,0.84,0.68,0,0,1,1,1,22448.4,0
6243,15673333,Wilson,Warehouse Shift Team Leader Healthcare- Air Logistics,07/10/1985,05/05/1985,,White Collar,Permanent,Full Time,Fixed,Active,Medium,Male,37,"37  Years, 7 Months",37,32379.63,4,0.47,0.94,0.76,3,0,1,1,1,39487.35,0
6244,15748752,Ch'in,Project Manager,21/11/1959,24/12/1997,,White Collar,Permanent,Full Time,Flex and Fixed,Active,Low,Male,63,"24  Years, 11 Months",24,36916.36,1,0.16,0.29,0.88,4,1,0,1,0,45019.95,0
6245,15725302,Streeton,National Perishable Air Logistics Development Manager Seafood,14/12/1995,20/04/2018,,White Collar,Permanent,Full Time,Flex and Fixed,Active,Low,Female,27,"4 Years, 7 Months",4,32340.94,2,0.85,0.54,0.93,2,1,0,1,0,34405.25,0
6246,15722083,Ch'ang,Sea Logiscitcs Customer Care Specialist ,11/07/1973,24/06/2020,,Blue Collar,Permanent,Full Time,Fixed,Active,Medium,Male,49,"2 Years, 5 Months",2,33228.95,4,0.25,0.93,0.73,1,0,0,0,0,36921.05,0
6247,15771442,Pennington,Warehouse Quality Control Specialist - Air Logistics,08/05/1998,14/04/2012,13/04/2015,Blue Collar,Permanent,Full Time,Fixed,Voluntarily Terminated,High,Male,24,"2 Years, 11 Months",2,26528.06,3,0.3,0.42,0.68,4,0,1,0,1,27069.45,1
6248,15803633,T'ien,Warehouse Quality Control Specialist - Air Logistics,22/03/1984,22/11/2017,,Blue Collar,Permanent,Full Time,Fixed,Active,Low,Female,38,"5 Years, 0 Months",5,21598.88,2,0.2,1,0.73,2,0,0,0,0,24268.4,0
6249,15672185,Liu,Human Resoruces Coordinator,28/02/2001,14/10/2019,,White Collar,Permanent,Full Time,Fixed,Active,Low,Male,22,"3 Years, 2 Months",3,32558.29,4,0.29,0.89,0.56,3,0,0,1,0,33565.25,0
6250,15806486,Cunningham,Trucking Team Leader- Air Logistics,26/05/1980,23/07/2011,,White Collar,Permanent,Full Time,Fixed,Active,Medium,Female,42,"11 Years, 4 Months",11,37265.14,4,0.28,0.6,0.78,3,0,0,0,0,38817.85,0
6251,15570895,Ch'in,National Service Excellence Specialist- Air Logistics,09/09/1983,24/02/2019,,White Collar,Permanent,Full Time,Flex and Fixed,Active,High,Male,39,"3 Years, 9 Months",3,35791.93,2,0.18,0.49,0.94,1,0,0,1,0,36898.9,0
6252,15614520,Smith,Perishable Warehouse Specialist - Air Logistics,19/12/1985,30/05/2009,,Blue Collar,Permanent,Full Time,Fixed,Active,Low,Female,37,"13  Years, 6 Months",13,32963.31,1,0.1,0.65,0.75,1,0,0,1,0,35067.35,0
6253,15687492,Anderson,Trucking Team Leader- Air Logistics,20/04/1981,24/02/2013,,White Collar,Permanent,Full Time,Fixed,Active,High,Male,41,"9 Years, 9 Months",9,33664.51,1,0.26,0.6,0.71,2,0,0,0,0,40076.8,0
6254,15675337,Forbes,National Perishable Air Logistics Development Manager Retail,24/06/1991,20/08/2014,17/09/2018,White Collar,Permanent,Full Time,Flex and Fixed,Terminated for Cause,High,Female,31,"4 Years, 0 Months",4,35982.82,3,0.43,0.51,1,3,1,1,1,1,37482.1,1
6255,15721047,Ansell,BI Developer,13/10/1969,18/05/2010,,White Collar,Permanent,Full Time,Flex and Fixed,Active,High,Male,53,"12 Years, 7 Months",12,54092.43,4,0.87,0.74,0.89,1,1,0,1,0,64395.75,0
6256,15589017,Chiu,National Perishable Air Logistics Development Manager Seafood,07/03/1959,01/02/2005,28/06/2020,White Collar,Permanent,Full Time,Flex and Fixed,Terminated for Cause,Medium,Male,64,"15 Years, 4 Months",15,24360.03,2,0.18,0.57,0.42,3,1,0,1,0,32480.04,1
6257,15611186,Yevdokimova,IT System Engineer,07/12/1986,07/09/2009,03/10/2015,White Collar,Permanent,Full Time,Flex and Fixed,Voluntarily Terminated,Medium,Male,36,"6 Years, 0 Months",6,58831.21,1,0.27,0.39,0.84,3,1,1,1,1,66853.65,1
6258,15617301,Chamberlin,Data Engineer,24/03/1989,24/09/2019,,White Collar,Permanent,Full Time,Flex and Fixed,Active,Medium,Male,33,"3 Years, 2 Months",3,67810.13,3,0.54,0.19,0.63,2,1,0,1,0,69907.35,0
6259,15726046,Johnston,Software Engineer,12/12/1970,02/10/2020,,White Collar,Permanent,Full Time,Flex and Fixed,Active,Medium,Female,52,"2 Years, 2 Months",2,67361.04,4,0.75,0.5,0.64,2,1,0,1,0,68735.75,0
6260,15585748,McDonald,Human Resoruces Coordinator,20/03/1973,30/09/2015,,White Collar,Permanent,Full Time,Fixed,Active,Low,Female,49,"7 Years, 2 Months",7,32967.92,1,0.97,0.91,0.68,1,0,1,1,1,35834.7,0
6261,15672826,Chen,Regional Air logistics Trainer Specialist,28/12/1981,29/12/2014,,White Collar,Permanent,Full Time,Fixed,Active,Low,Female,41,"7 Years, 11 Months",7,31911.69,1,0.3,0.19,0.86,2,0,1,1,1,34313.65,0
6262,15595162,Cattaneo,National Air Logistics Consol & Planning Manager,28/08/1970,21/12/2012,,White Collar,Permanent,Full Time,Flex and Fixed,Active,Medium,Female,52,"9 Years, 11 Months",9,56525.59,3,0.26,0.94,0.84,2,1,0,0,0,68933.65,0
6263,15650026,Barclay-Harvey,National Perishable Air Logistics Development Manager Seafood,08/11/1996,03/10/2019,06/01/2020,White Collar,Permanent,Full Time,Flex and Fixed,Voluntarily Terminated,Low,Male,26,"0 Years, 3 Months",0,29415.144,2,0.27,0.88,0.67,2,1,1,0,1,33426.3,1
6264,15745826,Dawson,Cloud Service Analyst,21/10/1960,10/05/1994,,White Collar,Permanent,Full Time,Flex and Fixed,Active,Low,Male,62,"28 Years, 7 Months",28,55996.27,1,0.27,0.9,0.87,3,1,1,1,1,59570.5,0
6265,15708610,Costa,Trucking Team Leader- Air Logistics,19/12/1959,25/12/2006,,White Collar,Permanent,Full Time,Fixed,Active,High,Male,63,"15 Years, 11 Months",15,38676.44,1,0.29,0.49,0.96,2,0,0,0,0,43950.5,0
6266,15624471,Chikwado,Software Engineer,20/06/1979,05/05/2020,,White Collar,Permanent,Full Time,Flex and Fixed,Active,Low,Male,43,"2 Years, 7 Months",2,60280.15,2,0.73,0.99,0.55,1,1,0,1,0,67730.5,0
6267,15590097,Ch'eng,Data Analyst,14/11/1991,21/05/2016,,White Collar,Permanent,Full Time,Flex and Fixed,Active,Low,Female,31,"6 Years, 6 Months",6,48582.16,2,0.3,0.72,0.81,2,1,0,1,0,51683.15,0
6268,15689328,Harrison,Accounting Coordinator,10/02/1995,22/11/2012,27/05/2014,White Collar,Permanent,Full Time,Fixed,Voluntarily Terminated,Low,Male,28,"10  Years, 0 Months",10,32027.67,3,0.19,0.66,0.69,3,1,0,0,1,35586.3,1
6269,15582154,Crawford,Perishable Operational Care Specialist - Air Logistics,27/03/1994,03/10/2016,,Blue Collar,Permanent,Full Time,Fixed,Active,Medium,Female,28,"6 Years, 2 Months",6,33422.13,2,0.99,0.96,0.51,2,0,1,1,1,36328.4,0
6270,15734626,Gibson,Business Development Executive,26/12/1981,15/07/2016,,White Collar,Permanent,Full Time,Flex and Fixed,Active,Medium,Female,41,"6 Years, 5 Months",6,40787.07,3,0.28,0.49,0.69,1,0,1,1,1,43390.5,0
6271,15702806,Martin,Customer Care Specialist-Key Accounts,10/01/1981,15/10/2013,,White Collar,Permanent,Full Time,Fixed,Active,High,Male,42,"9 Years, 2 Months",9,30632.17,3,0.27,0.73,0.49,2,0,0,0,0,36037.85,0
6272,15620756,Stokes,National Perishable Air Logistics Development Manager Retail,10/04/1992,29/07/2016,11/03/2021,White Collar,Permanent,Full Time,Flex and Fixed,Voluntarily Terminated,Medium,Male,30,"4 Years, 7 Months",4,32920.77,2,0.16,0.48,0.98,3,1,1,1,1,35022.1,1
6273,15611331,Niu,IT-Support,03/02/1959,06/02/1989,27/10/2021,White Collar,Permanent,Full Time,Fixed,Terminated for Cause,Low,Female,64,"32 Years, 8 Months",32,22797.05,2,0.23,0.57,0.78,5,0,1,1,1,39305.25,1
6274,15576935,Ampt,Trucking Specialist - Air Logistics,09/12/1985,18/12/2010,28/08/2021,Blue Collar,Permanent,Full Time,Fixed,Voluntarily Terminated,Low,Male,37,"10 Years, 8 Months",10,29819.9,1,0.11,0.63,0.82,3,0,1,0,1,34275.75,1
6275,15661275,Wynn,Customer Servce Administrative Officer,22/06/1983,01/03/2019,26/11/2020,Blue Collar,Permanent,Full Time,Fixed,Voluntarily Terminated,Low,Male,39,"1 Years, 8 Months",1,29342.896,3,0.21,0.46,0.87,2,0,0,1,0,33344.2,1
6276,15814940,Lawrence,Customer Servce Administrative Officer,23/02/1974,28/03/2015,,Blue Collar,Permanent,Full Time,Fixed,Active,Medium,Female,49,"7 Years, 8 Months",7,31181.38,3,0.2,0.64,0.5,3,0,1,1,1,34265.25,0
6277,15768471,Wagner,Warehouse Quality Control Specialist - Air Logistics,07/02/2001,28/10/2011,06/06/2014,Blue Collar,Permanent,Full Time,Fixed,Terminated for Cause,Medium,Female,22,"2 Years, 7 Months",2,23560.07,4,0.26,0.56,0.73,4,0,0,1,0,26177.85,1
6278,15697391,Argyle,Analyst Programmer ,25/03/1991,13/11/2021,,White Collar,Permanent,Full Time,Flex and Fixed,Active,High,Female,31,"1  Years, 1 Months",1,63624.2,3,0.36,0.97,0.75,0,1,0,1,0,63624.2,0
6279,15793346,Ofodile,Sea Logistics Pricing Coordinator,10/10/1960,01/06/1983,,White Collar,Permanent,Full Time,Fixed,Active,Medium,Female,62,"39 Years, 6 Months",39,31897.63,3,0.27,0.69,0.68,1,0,1,1,1,33933.65,0
6280,15608338,Chiemenam,Operations Specialist,02/10/1980,02/08/2012,30/08/2020,Blue Collar,Permanent,Full Time,Fixed,Voluntarily Terminated,High,Female,42,"10  Years, 4 Months",10,29480.68,2,0.18,0.23,0.97,4,0,0,1,0,34683.15,1
6281,15578546,Akobundu,Warehouse Apprentice- Air Logistics,04/11/2004,27/02/2022,,Blue Collar,Apprentice,Full Time,Fixed,Active,Medium,Male,18,"0 Years, 9 Months",0,23896.8,3,0.81,0.77,0.48,0,0,1,1,1,23896.8,0
6282,15656921,Locke,Customer Brokerage Specialist,27/09/1958,23/04/1997,,Blue Collar,Permanent,Full Time,Fixed,Active,Low,Male,64,"25 Years, 7 Months",25,22906.52,3,0.16,0.76,0.57,4,1,0,0,0,33197.85,0
6283,15761340,Bullen,National Air Logistics Pharma Compliance Specialist,29/09/1981,20/03/2017,,Blue Collar,Permanent,Full Time,Fixed,Active,Medium,Male,41,"5 Years, 8 Months",5,30859.56,4,0.26,0.98,0.66,1,0,1,1,1,34288.4,0
6284,15591135,Forster,Accountant,17/05/1970,16/05/1984,,White Collar,Permanent,Full Time,Fixed,Active,High,Male,52,"38 Years, 7 Months",38,30798.66,2,0.99,0.92,0.77,1,1,0,1,0,33476.8,0
6285,15623219,Smith,Regional Air logistics Trainer Specialist,22/08/1998,16/01/2018,27/07/2022,White Collar,Permanent,Full Time,Fixed,Voluntarily Terminated,High,Male,24,"4 Years, 6 Months",4,32195.58,1,0.27,0.63,0.67,3,0,0,1,1,34618.9,1
6286,15655229,Craig,Perishable Apprentice- Air Logistics,01/11/2003,02/02/2022,,Blue Collar,Apprentice,Full Time,Fixed,Active,Low,Female,19,"0 Years, 10 Months",0,21557.85,4,0.13,0.91,0.69,0,0,1,1,1,21557.85,0
6287,15805884,Archer,Transport Controller,07/01/1979,26/12/2014,,Blue Collar,Temporary,Full Time,Fixed,Active,Medium,Female,44,"7 Years, 11 Months",7,22634.2,2,0.49,0.4,0.67,2,0,0,1,0,24337.85,0
6288,15668289,McWilliams,Business Development Manager,03/08/1972,18/08/2015,,White Collar,Permanent,Full Time,Flex and Fixed,Active,High,Male,50,"7 Years, 4 Months",7,43859.88,4,0.87,0.82,0.62,1,1,1,0,1,50413.65,0
6289,15568562,Moss,Sea Logistics Pricing Coordinator,02/01/1970,02/08/2020,,White Collar,Permanent,Full Time,Fixed,Active,Low,Male,53,"2  Years, 4 Months",2,31244.2,2,0.29,0.81,0.88,0,0,0,1,0,31244.2,0
6290,15773276,Townsend,Trucking Team Leader- Air Logistics,29/04/1969,06/03/2014,10/01/2017,White Collar,Permanent,Full Time,Fixed,Voluntarily Terminated,Low,Male,53,"2 Years, 10 Months",2,40342.97,3,0.55,0.61,0.69,4,0,0,1,0,41166.3,1
6291,15622801,Brown,Sales Account Manager,18/10/1960,02/02/1985,,White Collar,Permanent,Full Time,Fixed,Active,Low,Female,62,"37 Years, 10 Months",37,27205.84,4,0.29,0.3,0.57,3,1,1,1,1,33177.85,0
6292,15779886,Munson,Perishable Warehouse Specialist - Air Logistics,30/03/1980,30/10/2019,,Blue Collar,Permanent,Full Time,Fixed,Active,Medium,Male,42,"3 Years, 1 Months",3,32134.73,4,0.25,0.59,0.72,2,0,0,0,0,35705.25,0
6293,15713673,T'ien,Sea Logistics Pricing Coordinator,18/04/1994,04/06/2014,,White Collar,Permanent,Full Time,Fixed,Active,Low,Female,28,"8 Years, 6 Months",8,28515.7,4,0.47,0.2,0.56,3,0,1,0,1,32404.2,0
6294,15783083,Shubin,National Perishable Air Logistics Development Manager Retail,19/10/1955,28/02/2015,,White Collar,Permanent,Full Time,Flex and Fixed,Active,Medium,Male,67,"7 Years, 9 Months",7,31031.36,4,0.21,0.75,0.56,1,1,0,1,0,36942.1,0
6295,15742824,Isayeva,National Perishable Air Logistics Development Manager Seafood,15/02/1995,21/10/2012,,White Collar,Permanent,Full Time,Flex and Fixed,Active,Low,Male,28,"10  Years, 1 Months",10,28230.72,3,0.35,0.59,0.79,5,1,0,1,0,35288.4,0
6296,15621550,Hung,IT-Support,21/01/1959,27/11/1997,21/02/2020,White Collar,Permanent,Full Time,Fixed,Terminated for Cause,Low,Female,64,"22 Years, 2 Months",22,27755.68,3,0.18,0.63,0.53,5,0,0,0,0,42701.05,1
6297,15799480,Webb,Customer Servce Administrative Officer,12/02/1956,30/03/2016,,Blue Collar,Permanent,Full Time,Fixed,Active,Low,Male,67,"6 Years, 8 Months",6,35279.47,1,0.17,0.77,0.68,3,0,1,0,1,36749.45,0
6298,15625247,Scott,Regional Air logistics Trainer Specialist,24/04/2001,24/11/2012,,White Collar,Permanent,Full Time,Fixed,Active,Medium,Female,21,"10  Years, 0 Months",10,29626.34,2,0.19,0.82,0.6,1,0,0,0,0,35269.45,0
6299,15755241,Rahman,National Perishable Air Logistics Development Manager Seafood,14/11/1980,22/05/2016,04/11/2018,White Collar,Permanent,Full Time,Flex and Fixed,Voluntarily Terminated,Low,Female,42,"2 Years, 5 Months",2,31357.54,3,0.36,0.6,0.85,2,1,1,0,1,36043.15,1
6300,15575679,Lori,Senior DevOps Engineer,26/01/1956,24/12/2008,,White Collar,Permanent,Full Time,Flex and Fixed,Active,High,Male,67,"13  Years, 11 Months",13,56377.7,4,0.8,0.83,0.72,1,1,0,1,0,69602.1,0
6301,15668235,Cooke,Gateway & Procurement Specialist - Air Logistics,26/06/1980,08/02/2018,,Blue Collar,Permanent,Full Time,Fixed,Active,Medium,Female,42,"4 Years, 10 Months",4,33096.72,1,0.27,0.67,0.6,2,0,1,1,1,34475.75,0
6302,15683183,Volkova,BI Developer,27/11/1980,04/05/2022,,White Collar,Permanent,Full Time,Flex and Fixed,Active,High,Female,42,"0 Years, 7 Months",0,59672.6,4,0.93,0.84,0.56,0,1,0,1,0,59672.6,0
6303,15684592,Lamb,Forklift Operator,20/02/2002,08/09/2019,,Blue Collar,Temporary,Full Time,Fixed,Active,Low,Male,21,"3 Years, 3 Months",3,23086.35,3,0.72,0.68,0.79,1,0,1,0,1,24559.95,0
6304,15591169,Hawes,Internal Trainer,05/08/1989,10/04/2020,13/05/2022,White Collar,Permanent,Full Time,Fixed,Terminated for Cause,Low,Female,33,"2 Years, 1 Months",2,35339.83,1,0.27,0.74,0.92,4,0,0,1,0,36061.05,1
6305,15653455,Smith,Human Resoruces Coordinator,30/01/1996,29/09/2020,,White Collar,Permanent,Full Time,Fixed,Active,High,Female,27,"2 Years, 2 Months",2,28365.68,4,0.22,0.63,0.64,1,0,1,0,1,31871.55,0
6306,15732563,Swanton,Software Engineer,11/08/1962,14/09/1991,,White Collar,Permanent,Full Time,Flex and Fixed,Active,Low,Female,60,"31 Years, 3 Months",31,63116.02,3,0.27,0.88,0.9,3,1,1,1,1,67721.05,0
6307,15656471,Mitchell,Transport Controller,07/07/1996,31/03/2022,,Blue Collar,Temporary,Full Time,Fixed,Active,Low,Male,26,"0 Years, 8 Months",0,27519.95,4,0.51,1,0.81,0,0,1,1,1,27519.95,0
6308,15598510,Colombo,National Perishable Air Logistics Development Manager Seafood,13/10/1970,05/11/2018,,White Collar,Permanent,Full Time,Flex and Fixed,Active,Medium,Male,52,"4 Years, 1 Months",4,31139.96,2,0.42,0.7,0.87,2,1,1,1,1,34599.95,0
6309,15766427,Shaw,Warehouse Specialist - Air Logistics,20/01/1987,05/04/2016,06/05/2018,Blue Collar,Temporary,Full Time,Fixed,Voluntarily Terminated,High,Male,36,"2 Years, 1 Months",2,23615.47,3,0.28,0.5,0.71,2,0,0,1,0,28113.65,1
6310,15785342,Shipp,Material Handler ,11/07/2002,21/06/2022,,Blue Collar,Temporary,Full Time,Fixed,Active,Medium,Male,20,"0 Years, 5 Months",0,26281.05,4,0.2,0.94,0.66,0,0,1,0,1,26281.05,0
6311,15641595,Jonathan,BI Developer,18/09/1977,01/07/2013,,White Collar,Permanent,Full Time,Flex and Fixed,Active,High,Male,45,"9 Years, 5 Months",9,59839.64,4,0.47,0.67,0.54,5,1,0,1,0,65757.85,0
6312,15798429,Hernandez,Perishable Operational Care Specialist - Air Logistics,11/10/1955,07/02/1993,,Blue Collar,Permanent,Full Time,Fixed,Active,Low,Male,67,"29 Years, 10 Months",29,21953.42,1,0.7,0.8,0.88,5,0,1,1,1,32766.3,0
6313,15648136,Green,Apprentice,29/03/2003,03/08/2022,,Blue Collar,Apprentice,Full Time,Fixed,Active,Low,Female,19,"0 Years, 4 Months",0,23673.65,4,0.78,0.7,0.88,0,0,0,1,0,23673.65,0
6314,15812482,Young,Finance Analyst,18/10/1983,25/03/2013,,White Collar,Permanent,Full Time,Flex and Fixed,Active,Low,Male,39,"9 Years, 8 Months",9,42220.82,1,0.18,0.24,0.73,1,1,0,1,0,49671.55,0
6315,15790810,Han,Trucking Specialist - Air Logistics,09/02/1963,08/11/2018,24/08/2019,Blue Collar,Permanent,Full Time,Fixed,Voluntarily Terminated,Low,Female,60,"0 Years, 9 Months",0,28212.756,2,0.22,0.98,1,2,0,1,1,1,32059.95,1
6316,15687421,Highland,National Air Logistics Pharma Compliance Specialist,25/11/1963,27/01/1990,31/03/2015,Blue Collar,Permanent,Full Time,Fixed,Voluntarily Terminated,High,Male,59,"32  Years, 10 Months",32,28980.21,2,0.27,0.76,0.65,5,0,0,1,0,34500.25,1
6317,15765643,Hamilton,Sea Logistics Pricing Coordinator,25/02/1971,24/09/2013,,White Collar,Permanent,Full Time,Fixed,Active,Low,Male,52,"9 Years, 2 Months",9,30294.31,4,0.66,0.78,0.5,1,0,1,0,1,34821.05,0
6318,15654878,Yobanna,Trucking Team Leader- Air Logistics,26/04/1958,18/05/2021,,White Collar,Permanent,Full Time,Fixed,Active,Low,Male,64,"1 Years, 7 Months",1,43235.75,1,0.3,0.42,0.91,0,0,1,1,1,43235.75,0
6319,15686835,Crawford,Network Engineer,22/04/1991,03/11/2018,09/05/2022,White Collar,Permanent,Full Time,Flex and Fixed,Voluntarily Terminated,Medium,Female,31,"3 Years, 6 Months",3,62551.89,2,0.55,0.83,0.64,4,1,0,0,0,69502.1,1
6320,15768340,Beavers,National Air Logistics Pharma Compliance Specialist,28/11/1985,31/01/2021,,Blue Collar,Permanent,Full Time,Fixed,Active,High,Female,37,"1 Years, 10 Months",1,31564.4,2,0.84,0.98,0.81,1,0,1,1,1,35071.55,0
6321,15673599,Williamson,Perishable Warehouse Specialist - Air Logistics,03/04/1955,07/10/1990,,Blue Collar,Permanent,Full Time,Fixed,Active,Medium,Male,67,"32 Years, 2 Months",32,20533.72,3,0.48,0.64,0.81,4,0,1,0,1,36667.35,0
6322,15689096,Beneventi,Gateway & Procurement Specialist - Air Logistics,30/03/1970,04/08/1987,,Blue Collar,Permanent,Full Time,Fixed,Active,Medium,Male,52,"35 Years, 4 Months",35,34033.66,3,0.46,0.67,0.75,1,0,1,1,1,36516.8,0
6323,15684294,Chidumaga,Finance Analyst,09/06/1983,19/11/2021,,White Collar,Permanent,Full Time,Flex and Fixed,Active,Medium,Male,39,"1  Years, 0 Months",1,51444.2,3,0.2,0.26,0.39,0,1,1,0,1,51444.2,0
6324,15615828,Mitchell,Trucking Specialist - Air Logistics,29/04/1971,23/04/2015,,Blue Collar,Permanent,Full Time,Fixed,Active,Medium,Male,51,"7 Years, 7 Months",7,32015.32,4,0.21,0.97,0.64,1,0,0,0,0,36381.05,0
6325,15746012,Chibugo,Aerospace International Logistics Specialist,18/07/1985,29/05/2016,04/05/2022,Blue Collar,Permanent,Full Time,Fixed,Voluntarily Terminated,Medium,Female,37,"5 Years, 11 Months",5,30594.34,3,0.52,0.48,0.6,4,0,1,1,1,34766.3,1
6326,15615797,Hyde,Customer Care Specialist-Key Accounts,31/03/1960,20/01/2014,24/09/2014,White Collar,Permanent,Full Time,Fixed,Voluntarily Terminated,Low,Male,62,"0 Years, 8 Months",0,28732.44,2,0.52,0.84,0.55,2,0,1,1,1,32650.5,1
6327,15788494,Alekseeva,Business Analyst,06/07/1960,20/03/2011,,White Collar,Permanent,Full Time,Flex and Fixed,Active,Low,Male,62,"11 Years, 8 Months",11,45537.97,3,0.65,0.71,0.74,3,1,0,1,0,47934.7,0
6328,15793856,Abdulov,Sea Logiscitcs Customer Care Specialist ,24/02/1979,02/12/2017,,Blue Collar,Permanent,Full Time,Fixed,Active,High,Female,44,"5 Years, 0 Months",5,31924.44,3,0.41,1,0.84,2,0,1,1,0,34327.35,0
6329,15629545,Buckley,National Perishable Air Logistics Development Manager Retail,05/03/1984,23/11/2020,,White Collar,Permanent,Full Time,Flex and Fixed,Active,High,Female,39,"2 Years, 0 Months",2,33420.93,4,0.94,0.6,0.76,2,1,0,0,0,36726.3,0
6330,15661198,Howard,National Perishable Air Logistics Development Manager Seafood,27/07/1978,13/11/2017,,White Collar,Permanent,Full Time,Flex and Fixed,Active,High,Male,44,"5 Years, 1 Months",5,30710.98,4,0.29,0.95,0.37,2,1,1,1,1,32327.35,0
6331,15715117,Peel,Sea Logistics Pricing Coordinator,27/11/1999,07/08/2017,,White Collar,Permanent,Full Time,Fixed,Active,High,Female,23,"5 Years, 4 Months",5,31132.4,4,0.28,0.56,0.56,1,0,0,0,0,34591.55,0
6332,15701074,Herz,Senior DevOps Engineer,21/05/1974,21/11/2013,,White Collar,Permanent,Full Time,Flex and Fixed,Active,Low,Male,48,"9 Years, 0 Months",9,61000.7,1,0.46,0.75,0.49,1,1,1,1,1,70115.75,0
6333,15793046,Holden,Project Coordinator,19/12/1959,18/12/2020,,White Collar,Permanent,Full Time,Fixed,Active,Medium,Female,63,"2  Years, 0 Months",2,29622.03,1,0.92,0.98,0.53,2,0,1,1,0,34849.45,0
6334,15623744,McLean,Senior DevOps Engineer,25/10/1987,24/05/2022,,White Collar,Permanent,Full Time,Flex and Fixed,Active,High,Male,35,"0 Years, 6 Months",0,69100.55,4,0.53,0.7,0.72,0,1,1,1,1,69100.55,0
6335,15611329,Findlay,Transport Controller,29/08/1974,20/06/2020,,Blue Collar,Temporary,Full Time,Fixed,Active,High,Female,48,"2 Years, 5 Months",2,23508.88,1,0.45,0.65,0.92,1,0,1,1,1,25009.45,0
6336,15740428,Wyatt,Java Software Engineer ,23/11/1957,30/09/1997,,White Collar,Permanent,Full Time,Flex and Fixed,Active,Medium,Female,65,"25 Years, 2 Months",25,46434.79,1,0.58,0.8,0.81,4,1,0,0,0,67296.8,0
6337,15781534,Rapuluolisa,Customer Servce Administrative Officer,08/05/1980,30/10/2012,,Blue Collar,Permanent,Full Time,Fixed,Active,Medium,Female,42,"10  Years, 1 Months",10,29527.75,2,0.21,0.49,0.78,10,0,0,0,0,36009.45,0
6338,15618243,Buckland,Analyst Programmer ,14/09/1974,16/01/2015,,White Collar,Permanent,Full Time,Flex and Fixed,Active,Low,Female,48,"7 Years, 11 Months",7,51515.16,3,1,0.32,0.73,3,1,1,1,1,58539.95,0
6339,15784161,Hargreaves,Business Analyst,15/08/1963,14/07/1992,,White Collar,Permanent,Full Time,Flex and Fixed,Active,High,Male,59,"30 Years, 5 Months",30,40533.12,2,0.26,0.88,0.54,2,1,0,0,0,45036.8,0
6340,15700325,Onyeoruru,Perishable Operational Care Specialist - Air Logistics,01/10/1990,14/08/2017,,Blue Collar,Permanent,Full Time,Fixed,Active,Medium,Female,32,"5  Years, 4 Months",5,35339.09,2,0.18,0.8,0.97,1,0,0,1,0,36811.55,0
6341,15659064,Salas,Perishable Operational Care Specialist - Air Logistics,02/04/1998,13/05/2022,,Blue Collar,Permanent,Full Time,Fixed,Active,Medium,Male,24,"0 Years, 7 Months",0,34415.75,1,0.14,0.73,0.74,0,0,1,1,0,34415.75,0
6342,15658364,Laney,Accountant,21/12/1970,10/10/2012,,White Collar,Permanent,Full Time,Fixed,Active,Medium,Female,52,"10  Years, 2 Months",10,26951.56,4,0.1,0.72,0.58,3,1,1,1,1,33689.45,0
6343,15704340,Fu,Warehouse Quality Control Specialist - Air Logistics,06/04/1981,04/09/2019,,Blue Collar,Permanent,Full Time,Fixed,Active,High,Female,41,"3 Years, 3 Months",3,24747.77,4,0.36,0.58,0.78,1,0,0,1,0,26610.5,0
6344,15793455,Tien,Customer Servce Administrative Officer,23/06/1962,04/02/1993,05/07/2013,Blue Collar,Permanent,Full Time,Fixed,Voluntarily Terminated,High,Female,60,"20 Years, 5 Months",20,31294.24,3,0.21,0.66,0.96,2,0,0,0,0,32262.1,1
6345,15579777,Sazonova,Business Analyst,27/05/1957,04/11/2019,,White Collar,Permanent,Full Time,Flex and Fixed,Active,High,Male,65,"3 Years, 1 Months",3,48482.1,3,0.28,0.63,0.79,0,1,0,1,0,48482.1,0
6346,15632345,Tuan,Project Manager,20/06/1990,04/01/2020,,White Collar,Permanent,Full Time,Flex and Fixed,Active,Medium,Female,32,"2 Years, 11 Months",2,43594.52,3,0.56,0.69,0.56,2,1,0,1,0,44484.2,0
6347,15814468,Wei,National Perishable Air Logistics Development Manager Retail,20/10/1979,23/09/2016,10/08/2019,White Collar,Permanent,Full Time,Flex and Fixed,Voluntarily Terminated,High,Male,43,"2 Years, 10 Months",2,32899.02,3,0.59,0.49,0.59,2,1,1,0,1,37385.25,1
6348,15754820,Bergamaschi,Technical Support Engineer,16/06/1963,31/10/2017,,White Collar,Permanent,Full Time,Flex and Fixed,Active,High,Male,59,"5 Years, 1 Months",5,49541.57,3,0.55,0.6,0.45,2,1,1,1,0,58284.2,0
6349,15707505,Taylor,Internal Trainer,24/07/1956,25/05/2004,,White Collar,Permanent,Full Time,Fixed,Active,High,Male,66,"18 Years, 6 Months",18,25138.52,1,0.28,0.5,0.63,5,0,0,1,0,31423.15,0
6350,15699507,Messersmith,Gateway & Procurement Specialist - Air Logistics,29/01/1987,18/01/2013,,Blue Collar,Permanent,Full Time,Fixed,Active,High,Female,36,"9 Years, 11 Months",9,31131.46,4,0.15,0.34,0.81,3,0,1,0,0,36625.25,0
6351,15799600,Coles,Analyst Programmer ,19/02/1976,25/12/2021,,White Collar,Permanent,Full Time,Flex and Fixed,Active,Medium,Male,47,"0 Years, 11 Months",0,60631.55,2,0.15,0.79,0.6,0,1,1,0,0,60631.55,0
6352,15794472,Brookes,Operations Specialist,22/06/1961,24/06/2000,,Blue Collar,Permanent,Full Time,Fixed,Active,Low,Female,61,"22  Years, 5 Months",22,28967.57,1,0.54,0.98,0.68,1,0,0,0,0,35326.3,0
6353,15646632,Reid,Data Engineer,26/03/1981,04/05/2019,,White Collar,Permanent,Full Time,Flex and Fixed,Active,Low,Male,41,"3 Years, 7 Months",3,69665.51,4,0.29,0.96,0.97,1,1,0,1,0,71820.11,0
6354,15676353,Etheridge,Inventory Clerk,25/05/2003,09/11/2021,,Blue Collar,Temporary,Full Time,Fixed,Active,Medium,Male,19,"1  Years, 1 Months",1,26377.85,1,0.51,0.88,0.89,0,0,1,1,1,26377.85,0
6355,15566312,Jolly,Perishable Operational Care Specialist - Air Logistics,17/12/1984,25/06/2019,30/01/2020,Blue Collar,Permanent,Full Time,Fixed,Voluntarily Terminated,High,Female,38,"0 Years, 7 Months",0,31428.01,1,0.17,0.6,0.61,3,0,1,1,1,35713.65,1
6356,15570414,Chizoba,Accounts Payable,13/01/1975,02/06/2022,,White Collar,Permanent,Full Time,Fixed,Active,High,Male,48,"0 Years, 6 Months",0,35156.8,1,0.47,0.62,0.73,0,1,0,0,0,35156.8,0
6357,15776743,Eberegbulam,"Branch Air Logistics QSHE, Facilities and Security Specialist",27/06/1971,17/05/2020,,White Collar,Permanent,Full Time,Fixed,Active,Low,Male,51,"2 Years, 7 Months",2,33793.49,1,0.14,0.4,0.72,1,0,1,1,1,34483.15,0
6358,15674637,Pagnotto,Human Resoruces Coordinator,09/03/1974,04/05/2014,,White Collar,Permanent,Full Time,Fixed,Active,Low,Female,49,"8 Years, 7 Months",8,29475.34,1,0.56,0.16,0.82,2,0,1,0,1,33494.7,0
6359,15730418,Lucchesi,Regional Air logistics Trainer Specialist,09/03/1994,29/07/2016,,White Collar,Permanent,Full Time,Fixed,Active,High,Female,28,"6 Years, 4 Months",6,27696.98,3,0.19,0.81,0.98,2,0,0,1,0,32972.6,0
6360,15739972,Hughes,Customer Servce Administrative Officer,09/12/1995,21/07/2015,,Blue Collar,Permanent,Full Time,Fixed,Active,High,Female,27,"7 Years, 4 Months",7,29620.96,2,1,0.69,0.69,2,0,0,1,0,32550.5,0
6361,15661591,Panicucci,Customer Servce Administrative Officer,29/03/1986,23/05/2000,,Blue Collar,Permanent,Full Time,Fixed,Active,Medium,Male,36,"22  Years, 6 Months",22,26384.89,4,0.48,0.66,0.51,1,0,1,1,1,31041.05,0
6362,15675585,Burns,Apprentice,08/08/2001,16/07/2022,,Blue Collar,Apprentice,Full Time,Fixed,Active,Medium,Female,21,"0 Years, 5 Months",0,22905.25,4,0.14,0.66,0.62,0,0,1,1,1,22905.25,0
6363,15814750,Ricci,Business Development Manager,16/09/1959,31/01/1992,,White Collar,Permanent,Full Time,Flex and Fixed,Active,Low,Male,63,"30  Years, 10 Months",30,40264.58,4,0.36,0.61,0.53,2,1,1,1,1,49103.15,0
6364,15593454,Lambert,Inside Sales Executive/ Account Manager,28/03/1985,07/08/1990,,White Collar,Permanent,Full Time,Flex and Fixed,Active,Medium,Female,37,"32 Years, 4 Months",32,28818.95,1,0.36,0.99,0.77,2,1,0,1,0,32021.05,0
6365,15663421,Esposito,Business Analyst,23/11/1979,19/05/2012,,White Collar,Permanent,Full Time,Flex and Fixed,Active,High,Male,43,"10  Years, 6 Months",10,40894.73,3,0.24,0.73,0.54,1,1,0,1,0,48684.2,0
6366,15576196,Benson,Accounts Payable,04/08/1982,31/03/1991,21/12/2013,White Collar,Permanent,Full Time,Fixed,Voluntarily Terminated,High,Female,40,"22 Years, 8 Months",22,29480.924,3,0.5,0.63,0.72,2,1,0,0,0,33501.05,1
6367,15677324,Botts,Customer Servce Administrative Officer,06/12/1963,21/10/2008,,Blue Collar,Permanent,Full Time,Fixed,Active,High,Male,59,"14 Years, 1 Months",14,30849.77,4,1,0.6,0.91,2,0,1,1,1,32818.9,0
6368,15568742,Parkes,Material Handler ,01/04/2004,27/01/2021,,Blue Collar,Temporary,Full Time,Fixed,Active,Low,Female,18,"1  Years, 10 Months",1,23563.31,4,0.23,0.44,0.44,1,0,0,1,0,25067.35,0
6369,15693764,Mai,Sea Logiscitcs Customer Care Specialist ,17/09/1994,12/05/2012,30/05/2020,Blue Collar,Permanent,Full Time,Fixed,Voluntarily Terminated,High,Male,28,"10  Years, 7 Months",10,27334.72,3,0.26,0.64,0.95,5,0,0,1,0,34168.4,1
6370,15714260,Castiglione,Sales Specialist-Air Logitics ,21/02/2003,11/03/2021,,Blue Collar,Permanent,Full Time,Fixed,Active,High,Female,20,"1  Years, 9 Months",1,31618.99,4,0.27,0.91,0.81,1,0,0,0,0,33283.15,0
6371,15798200,Manna,Road Logistics Sales Representative,12/07/2003,25/07/2020,,White Collar,Permanent,Full Time,Fixed,Active,Low,Male,19,"2 Years, 4 Months",2,33312.75,3,0.21,0.55,0.59,2,0,1,1,1,33992.6,0
6372,15656627,Lin,Customer Care Specialist-Key Accounts,15/04/1970,04/04/2015,,White Collar,Permanent,Full Time,Fixed,Active,Low,Male,52,"7 Years, 8 Months",7,31087.97,2,0.29,0.7,0.73,2,0,1,1,1,32049.45,0
6373,15791111,Fink,Recruiter,06/02/1990,28/11/2020,,White Collar,Permanent,Full Time,Fixed,Active,Low,Female,33,"2 Years, 0 Months",2,37797.46,3,0.18,0.37,0.59,1,0,0,1,0,41084.2,0
6374,15638269,Baresi,National Perishable Air Logistics Development Manager Seafood,13/08/1985,18/05/2020,,White Collar,Permanent,Full Time,Flex and Fixed,Active,High,Male,37,"2 Years, 7 Months",2,32946.23,3,0.3,0.16,0.56,2,1,1,0,1,37438.9,0
6375,15807473,Morehead,Accounting Coordinator,18/09/1999,05/08/2017,,White Collar,Permanent,Full Time,Fixed,Active,High,Male,23,"5 Years, 4 Months",5,31417.85,4,0.2,0.69,0.97,1,1,1,1,1,35702.1,0
6376,15708534,Afamefuna,National Air Logistics Consol & Planning Manager,26/11/1979,14/05/2016,04/01/2017,White Collar,Permanent,Full Time,Flex and Fixed,Voluntarily Terminated,High,Female,43,"0 Years, 7 Months",0,60558.784,3,0.42,0.96,0.47,2,1,0,1,0,68816.8,1
6377,15640686,Greco,Technical Support Engineer,30/10/1985,02/09/2017,26/08/2018,White Collar,Permanent,Full Time,Flex and Fixed,Voluntarily Terminated,High,Male,37,"0 Years, 11 Months",0,51256.744,3,0.45,0.62,0.91,2,1,0,1,0,58246.3,1
6378,15588904,Balashova,National Perishable Air Logistics Development Manager Seafood,28/10/1977,01/07/2019,03/07/2020,White Collar,Permanent,Full Time,Flex and Fixed,Voluntarily Terminated,Low,Male,45,"1 Years, 0 Months",1,30241.42,3,0.36,0.94,0.45,2,1,0,1,0,34365.25,1
6379,15768763,Bogdanov,Data Analyst,07/04/1974,22/11/2008,13/05/2017,White Collar,Permanent,Full Time,Flex and Fixed,Voluntarily Terminated,Low,Male,48,"8 Years, 5 Months",8,42711.12,2,0.6,0.67,0.83,5,1,1,0,1,47456.8,1
6380,15770543,Lowe,Analyst Programmer ,15/12/1982,05/02/2015,,White Collar,Permanent,Full Time,Flex and Fixed,Active,Low,Male,40,"7 Years, 10 Months",7,52968.73,3,1,0.89,0.57,1,1,0,1,0,61591.55,0
6381,15642162,Ponce,Warehouse Quality Control Specialist - Air Logistics,15/12/2000,01/06/2014,04/02/2019,Blue Collar,Permanent,Full Time,Fixed,Voluntarily Terminated,Low,Male,22,"4 Years, 8 Months",4,22227.28,4,0.08,0.6,0.63,4,0,0,1,1,26461.05,1
6382,15714046,Trevisano,Apprentice,12/03/2004,30/09/2022,,Blue Collar,Apprentice,Full Time,Fixed,Active,High,Male,18,"0 Years, 2 Months",0,21659.95,1,0.24,0.89,0.62,0,0,1,1,1,21659.95,0
6383,15575060,Gardner,Recruiter,10/01/1980,11/05/2012,,White Collar,Permanent,Full Time,Fixed,Active,Low,Male,43,"10  Years, 7 Months",10,32411.76,1,0.19,0.6,0.89,2,0,0,1,0,40514.7,0
6384,15812040,Lorenzo,Internal Trainer,26/08/1973,17/02/2019,,White Collar,Permanent,Full Time,Fixed,Active,High,Male,49,"3 Years, 10 Months",3,31377.62,4,0.28,0.93,0.95,1,0,0,0,0,35255.75,0
6385,15812073,Palmer,Warehouse Quality Control Specialist - Air Logistics,03/04/1989,02/08/2015,,Blue Collar,Permanent,Full Time,Fixed,Active,Medium,Female,33,"7 Years, 4 Months",7,20450.96,4,0.4,0.38,0.78,1,0,1,1,1,24059.95,0
6386,15706810,Zuyeva,Sales Account Manager,23/06/1959,02/01/2000,,White Collar,Permanent,Full Time,Fixed,Active,Low,Female,63,"22 Years, 11 Months",22,26412.82,2,0.82,0.62,0.57,2,1,1,0,1,37732.6,0
6387,15584090,Jen,Operations Specialist,11/04/1985,27/11/2010,28/09/2022,Blue Collar,Permanent,Full Time,Fixed,Voluntarily Terminated,Medium,Female,37,"11 Years, 10 Months",11,27556.96,3,0.57,0.86,0.86,5,0,1,0,1,32419.95,1
6388,15810807,Alekseeva,Java Software Engineer ,25/04/1957,19/12/2000,,White Collar,Permanent,Full Time,Flex and Fixed,Active,High,Female,65,"21 Years, 11 Months",21,47015.42,4,0.3,0.61,0.62,1,1,0,1,0,66218.9,0
6389,15582033,Manfrin,Sea Logiscitcs Customer Care Specialist ,13/03/1994,24/04/2015,24/04/2019,Blue Collar,Permanent,Full Time,Fixed,Voluntarily Terminated,Low,Male,28,"4 Years, 0 Months",4,28751.13,3,0.48,0.77,0.64,5,0,0,1,0,33431.55,1
6390,15687607,Chiemenam,National Perishable Air Logistics Development Manager Retail,12/11/1956,13/04/1991,,White Collar,Permanent,Full Time,Flex and Fixed,Active,High,Female,66,"31 Years, 8 Months",31,17932.31,3,0.08,0.85,0.73,3,1,1,0,1,32604.2,0
6391,15588406,Chiemenam,Regional Air logistics Trainer Specialist,23/07/1988,27/01/2016,,White Collar,Permanent,Full Time,Fixed,Active,Low,Female,34,"6 Years, 10 Months",6,33049.37,3,0.89,0.94,0.62,3,0,0,1,0,35158.9,0
6392,15784099,Clark,Internal Trainer,04/01/1958,07/03/2016,,White Collar,Permanent,Full Time,Fixed,Active,High,Female,65,"6 Years, 9 Months",6,32531.81,4,0.26,0.59,0.59,2,0,0,1,0,36552.6,0
6393,15701352,Fanucci,Sea Logistics Pricing Coordinator,21/06/1999,10/01/2021,,White Collar,Permanent,Full Time,Fixed,Active,Medium,Female,23,"1  Years, 11 Months",1,34411.9,3,0.58,0.9,0.92,1,0,0,1,0,36608.4,0
6394,15789371,Cattaneo,Gateway & Procurement Specialist - Air Logistics,21/01/1995,18/03/2019,,Blue Collar,Permanent,Full Time,Fixed,Active,Medium,Female,28,"3 Years, 9 Months",3,32073.04,4,0.72,0.86,0.65,1,0,1,1,1,34120.26,0
6395,15602845,Udinesi,Recruiter,04/01/1959,17/05/1990,,White Collar,Permanent,Full Time,Fixed,Active,Low,Male,64,"32  Years, 7 Months",32,26093.32,1,0.24,0.72,0.7,8,0,0,1,0,38945.25,0
6396,15707918,Bentley,Gateway & Procurement Team Leader- Air Logistics,13/05/1984,15/03/2017,,White Collar,Permanent,Full Time,Fixed,Active,Medium,Female,38,"5 Years, 9 Months",5,34870.73,1,0.4,0.84,0.52,2,0,0,1,0,38745.25,0
6397,15602812,Holmes,Transport Controller,13/07/2003,28/11/2020,,Blue Collar,Temporary,Full Time,Fixed,Active,Low,Female,19,"2 Years, 0 Months",2,25306.76,3,0.29,0.64,0.5,2,0,1,0,1,27507.35,0
6398,15675888,Austin,Perishable Customer Care Team Leader - Air Logistics,06/01/1985,14/09/1995,,White Collar,Permanent,Full Time,Fixed,Active,Low,Female,38,"27 Years, 3 Months",27,36895.7,3,0.99,0.81,0.75,1,0,1,1,1,38036.8,0
6399,15591822,Mackenzie,Warehouse Quality Control Specialist - Air Logistics,02/04/1992,28/08/2015,,Blue Collar,Permanent,Full Time,Fixed,Active,Low,Male,30,"7 Years, 3 Months",7,22521.55,3,0.5,0.66,0.7,2,0,0,1,0,24479.95,0
6400,15738501,Booth,Account Manager ,09/07/1982,08/05/1996,,White Collar,Permanent,Full Time,Fixed,Active,Medium,Male,40,"26 Years, 7 Months",26,34487.04,4,0.57,0.75,0.55,3,1,1,0,1,35553.65,0
6401,15585907,Collier,National Perishable Air Logistics Development Manager Retail,01/10/1978,04/09/2019,,White Collar,Permanent,Full Time,Flex and Fixed,Active,Low,Female,44,"3 Years, 3 Months",3,30701.39,3,0.26,0.54,0.67,2,1,0,0,0,32661.05,0
6402,15579040,Hs?,National Perishable Air Logistics Development Manager Retail,24/03/1962,29/09/2002,,White Collar,Permanent,Full Time,Flex and Fixed,Active,Medium,Female,60,"20  Years, 2 Months",20,30489.93,3,0.72,0.98,0.76,5,1,0,0,0,35870.5,0
6403,15804211,Oluchukwu,Accounting Coordinator,24/11/1979,23/02/2014,,White Collar,Permanent,Full Time,Fixed,Active,Medium,Male,43,"8 Years, 9 Months",8,28865.64,2,0.97,0.8,0.85,1,1,1,1,1,33178.9,0
6404,15736126,Sung,Human Resoruces Coordinator,25/06/1994,28/08/2016,13/02/2019,White Collar,Permanent,Full Time,Fixed,Voluntarily Terminated,Medium,Male,28,"2 Years, 5 Months",2,33876.33,2,0.28,0.68,0.7,4,0,1,1,1,36822.1,1
6405,15745399,Marino,Warehouse Specialist - Air Logistics,05/03/1969,13/08/2015,06/09/2016,Blue Collar,Temporary,Full Time,Fixed,Voluntarily Terminated,High,Female,54,"7  Years, 4 Months",7,26970.06,3,0.29,0.54,0.57,4,0,0,1,1,28691.55,1
6406,15760749,Vinogradov,National Service Excellence Specialist- Air Logistics,29/07/1999,11/07/2012,,White Collar,Permanent,Full Time,Flex and Fixed,Active,Medium,Male,23,"10  Years, 5 Months",10,27271.44,2,0.76,0.88,0.84,5,0,1,0,1,33257.85,0
6407,15637118,Burns,Customer Brokerage Specialist,29/12/1957,19/03/2018,,Blue Collar,Permanent,Full Time,Fixed,Active,Medium,Male,65,"4 Years, 8 Months",4,32500.92,3,0.18,0.71,0.62,3,1,0,1,0,33164.2,0
6408,15657829,Fanucci,National Service Excellence Specialist- Air Logistics,04/02/1985,26/03/2012,25/10/2014,White Collar,Permanent,Full Time,Flex and Fixed,Voluntarily Terminated,Medium,Male,38,"2 Years, 6 Months",2,34791.33,1,0.26,0.77,0.58,2,0,0,1,0,35867.35,1
6409,15738497,Chukwujamuike,Account Manager ,10/01/1960,06/10/1984,,White Collar,Permanent,Full Time,Fixed,Active,Medium,Male,63,"38 Years, 2 Months",38,27074.5,4,0.58,0.6,0.6,2,1,0,1,0,32231.55,0
6410,15690695,Flynn,Trucking Specialist - Air Logistics,24/11/1996,21/06/2013,,Blue Collar,Permanent,Full Time,Fixed,Active,Medium,Female,26,"9 Years, 5 Months",9,32746.13,2,0.17,0.53,0.75,3,0,1,1,1,33758.9,0
6411,15762351,Chao,Software Engineer,22/09/1987,19/10/2013,,White Collar,Permanent,Full Time,Flex and Fixed,Active,Medium,Female,35,"9 Years, 1 Months",9,59479.94,4,0.93,0.85,0.5,1,1,1,1,1,70809.45,0
6412,15791172,Yeh,Customer Care Specialist-Key Accounts,17/01/1982,30/04/2015,,White Collar,Permanent,Full Time,Fixed,Active,Medium,Female,41,"7 Years, 7 Months",7,28708.51,3,0.26,0.59,0.75,1,0,0,1,0,34176.8,0
6413,15598982,Klein,Stock Investigator & Analyst,03/12/1964,14/05/1987,19/12/2014,White Collar,Permanent,Full Time,Flex and Fixed,Voluntarily Terminated,High,Female,58,"27 Years, 7 Months",27,49608.72,3,0.26,0.23,0.77,2,1,1,0,1,51675.75,1
6414,15734765,Mahmood,Warehouse Specialist - Air Logistics,31/05/1978,20/12/2013,,Blue Collar,Temporary,Full Time,Fixed,Active,High,Female,44,"8 Years, 11 Months",8,26054.73,4,0.21,0.7,0.6,1,0,1,0,1,28320.36,0
6415,15642912,Tu,Project Manager,10/07/1981,30/09/2014,,White Collar,Permanent,Full Time,Flex and Fixed,Active,High,Female,41,"8 Years, 2 Months",8,35636.55,1,0.15,0.92,0.49,2,1,0,0,0,41437.85,0
6416,15769516,Shcherbakov,National Perishable Air Logistics Development Manager Seafood,10/04/1994,14/06/2022,,White Collar,Permanent,Full Time,Flex and Fixed,Active,Medium,Female,28,"0 Years, 6 Months",0,36393.65,3,0.72,0.95,0.37,0,1,0,1,0,36393.65,0
6417,15789379,Zetticci,Sea Logiscitcs Customer Care Specialist ,25/03/1975,06/04/2022,,Blue Collar,Permanent,Full Time,Fixed,Active,High,Male,47,"0 Years, 8 Months",0,32944.2,2,0.27,0.39,0.43,0,0,0,1,0,32944.2,0
6418,15695103,Carr,Gateway & Procurement Team Leader- Air Logistics,05/12/1975,02/11/2018,,White Collar,Permanent,Full Time,Fixed,Active,High,Male,47,"4 Years, 1 Months",4,36216.41,3,0.29,0.85,0.8,2,0,1,1,1,40692.6,0
6419,15801924,Browne,Pricing Analyst,03/07/1985,27/02/2021,,White Collar,Permanent,Full Time,Flex and Fixed,Active,Low,Female,37,"1  Years, 9 Months",1,50456.8,2,0.29,0.98,0.7,0,1,0,0,0,50456.8,0
6420,15767804,Feng,Perishable Warehouse Specialist - Air Logistics,26/04/1961,17/12/2002,,Blue Collar,Permanent,Full Time,Fixed,Active,High,Male,61,"20 Years, 0 Months",20,32029.7,2,0.27,0.15,0.48,1,0,0,1,0,36815.75,0
6421,15718039,Ferguson,IT System Engineer,27/06/1985,22/08/2015,,White Collar,Permanent,Full Time,Flex and Fixed,Active,Medium,Female,37,"7 Years, 3 Months",7,59368.76,4,0.27,0.68,0.54,2,1,1,0,1,68239.95,0
6422,15579994,Shaw,Warehouse Quality Control Specialist - Air Logistics,20/09/1992,02/10/2015,,Blue Collar,Permanent,Full Time,Fixed,Active,Medium,Male,30,"7 Years, 2 Months",7,24636.72,3,0.35,0.24,0.91,3,0,1,1,1,28647.35,0
6423,15595037,Palermo,Stock Investigator & Analyst,01/04/1963,02/09/1991,,White Collar,Permanent,Full Time,Flex and Fixed,Active,Medium,Male,59,"31 Years, 3 Months",31,44548.33,1,0.84,0.77,0.59,1,1,1,0,1,48422.1,0
6424,15600720,Moore,Sales Specialist-Air Logitics ,11/07/2002,29/06/2022,,Blue Collar,Permanent,Full Time,Fixed,Active,Medium,Male,20,"0 Years, 5 Months",0,33553.65,4,0.42,0.36,0.69,0,0,0,1,0,33553.65,0
6425,15782608,Huang,Software Engineer,02/10/1985,20/10/2012,,White Collar,Permanent,Full Time,Flex and Fixed,Active,Low,Male,37,"10  Years, 1 Months",10,57670.14,4,0.78,0.5,0.89,4,1,0,0,0,69482.1,0
6426,15566894,Gray,Accountant,24/08/1977,20/06/2019,,White Collar,Permanent,Full Time,Fixed,Active,High,Male,45,"3 Years, 5 Months",3,33090.55,3,0.28,0.2,0.98,2,1,0,0,0,37180.39,0
6427,15749123,Sokolova,Customer Servce Administrative Officer,29/07/1996,22/08/2019,,Blue Collar,Permanent,Full Time,Fixed,Active,Low,Male,26,"3 Years, 3 Months",3,34697.39,3,0.53,0.86,0.56,2,0,0,1,0,35770.5,0
6428,15668943,Henderson,Sales Specialist-Air Logitics ,27/07/2003,05/06/2021,,Blue Collar,Permanent,Full Time,Fixed,Active,Low,Male,19,"1  Years, 6 Months",1,33278.9,4,0.09,0.84,0.63,0,0,0,1,0,33278.9,0
6429,15577423,Mosley,Customer Care Specialist-Key Accounts,22/09/1955,27/07/1996,22/10/2021,White Collar,Permanent,Full Time,Fixed,Voluntarily Terminated,Medium,Female,67,"25 Years, 2 Months",25,24491.88,2,0.22,0.9,0.98,5,0,0,1,0,34988.4,1
6430,15623102,Nnaemeka,Business Development Manager,27/09/1972,22/01/2022,,White Collar,Permanent,Full Time,Flex and Fixed,Active,Medium,Male,50,"0 Years, 10 Months",0,48057.85,2,0.28,0.4,0.51,0,1,1,0,1,48057.85,0
6431,15728012,Everett,Account Manager ,14/08/1999,07/03/2017,,White Collar,Permanent,Full Time,Fixed,Active,Low,Female,23,"5 Years, 9 Months",5,33323.37,2,0.42,0.63,0.62,1,1,0,1,0,36221.05,0
6432,15683363,Goddard,Software Engineer,30/03/1985,14/01/2022,,White Collar,Permanent,Full Time,Flex and Fixed,Active,Medium,Male,37,"0 Years, 11 Months",0,69303.15,1,0.35,0.73,0.95,0,1,1,0,1,69303.15,0
6433,15699335,Kuo,Java Software Engineer ,31/10/1982,09/12/2004,,White Collar,Permanent,Full Time,Flex and Fixed,Active,Medium,Female,40,"18 Years, 0 Months",18,63231.02,4,0.1,0.25,0.67,2,1,1,1,1,66003.15,0
6434,15574369,Bianchi,Accounts Payable,16/11/1981,03/12/2016,,White Collar,Permanent,Full Time,Fixed,Active,Medium,Male,41,"6 Years, 0 Months",6,31757.67,2,0.09,0.7,0.57,2,1,1,1,1,35286.3,0
6435,15703167,Rouse,Data Analyst,13/06/1960,13/11/2000,,White Collar,Permanent,Full Time,Flex and Fixed,Active,Medium,Female,62,"22 Years, 1 Months",22,38959.12,4,0.13,0.6,0.97,1,1,0,1,0,48698.9,0
6436,15754874,Nwoye,Senior DevOps Engineer,21/11/1985,09/09/2018,,White Collar,Permanent,Full Time,Flex and Fixed,Active,Low,Male,37,"4  Years, 3 Months",4,55386.92,4,0.14,0.99,0.66,2,1,0,1,0,69233.65,0
6437,15723216,Greco,Java Software Engineer ,17/07/1966,25/06/2005,,White Collar,Permanent,Full Time,Flex and Fixed,Active,Medium,Male,56,"17  Years, 5 Months",17,54654.27,2,0.39,0.29,0.86,1,1,1,1,1,66651.55,0
6438,15725094,Fang,Cloud Service Analyst,29/11/1961,11/10/1984,,White Collar,Permanent,Full Time,Flex and Fixed,Active,Medium,Female,61,"38 Years, 2 Months",38,55571.77,4,0.18,0.53,0.63,2,1,1,1,1,59118.9,0
6439,15647974,Chiemenam,Accounting Coordinator,19/05/2000,27/08/2015,,White Collar,Permanent,Full Time,Fixed,Active,Medium,Female,22,"7 Years, 3 Months",7,31977.35,3,0.27,0.83,0.76,2,1,0,1,0,35139.95,0
6440,15583371,Artemiev,Gateway & Procurement Specialist - Air Logistics,30/08/1956,18/10/2019,,Blue Collar,Permanent,Full Time,Fixed,Active,Low,Male,66,"3  Years, 2 Months",3,30797.27,3,0.09,0.18,0.92,2,0,0,1,0,33843.15,0
6441,15772559,Burrows,IT System Engineer,04/08/1979,23/07/2015,14/03/2019,White Collar,Permanent,Full Time,Flex and Fixed,Voluntarily Terminated,High,Female,43,"3 Years, 7 Months",3,61855.92,3,0.39,0.14,0.74,4,1,1,0,1,67234.7,1
6442,15711251,Chizuoke,Business Analyst,31/01/1960,22/10/1996,,White Collar,Permanent,Full Time,Flex and Fixed,Active,Medium,Male,63,"26 Years, 1 Months",26,37983.018,2,0.14,0.5,0.66,3,1,0,1,0,44166.3,0
6443,15719212,T'ien,Trucking Specialist - Air Logistics,08/01/1973,11/03/2015,,Blue Collar,Permanent,Full Time,Fixed,Active,Low,Male,50,"7 Years, 9 Months",7,29547.96,4,0.27,0.36,0.89,1,0,0,1,0,33199.95,0
6444,15764927,Rogova,Recruiter,31/03/1974,06/06/2017,,White Collar,Permanent,Full Time,Fixed,Active,High,Male,48,"5 Years, 6 Months",5,37689.46,3,0.76,0.34,0.56,2,0,1,0,1,40526.3,0
6445,15731412,Trevisano,Accounts Payable,25/01/1979,01/08/2021,,White Collar,Permanent,Full Time,Fixed,Active,High,Female,44,"1  Years, 4 Months",1,30927.96,3,0.29,0.51,0.75,1,1,1,1,1,32555.75,0
6446,15719170,Sagese,Cloud Service Analyst,04/02/1968,24/02/2021,,White Collar,Permanent,Full Time,Flex and Fixed,Active,High,Female,55,"1 Years, 9 Months",1,62765.25,4,0.9,0.5,0.52,0,1,1,1,1,62765.25,0
6447,15596011,Artyomova,Perishable Customer Care Team Leader - Air Logistics,27/12/1982,25/09/1985,,White Collar,Permanent,Full Time,Fixed,Active,High,Male,40,"37 Years, 2 Months",37,35549.65,3,0.55,0.69,0.93,2,0,1,1,1,41336.8,0
6448,15614834,Long,Trucking Specialist - Air Logistics,09/01/1980,08/04/2020,,Blue Collar,Permanent,Full Time,Fixed,Active,Medium,Female,43,"2 Years, 8 Months",2,33317.55,3,0.57,0.52,0.51,2,0,1,0,1,35444.2,0
6449,15600510,Hsueh,Analyst Programmer ,01/10/1984,20/09/2017,,White Collar,Permanent,Full Time,Flex and Fixed,Active,Low,Female,38,"5 Years, 2 Months",5,60669,1,0.2,0.32,0.5,2,1,0,1,0,63862.1,0
6450,15625706,White,Customer Care Specialist-Key Accounts,01/04/1990,15/06/2015,25/06/2019,White Collar,Permanent,Full Time,Fixed,Voluntarily Terminated,Low,Male,32,"4 Years, 0 Months",4,31491.75,3,0.28,0.88,0.99,4,0,0,0,0,33862.1,1
6451,15781409,Lazarev,Account Manager ,30/10/1991,13/09/2021,,White Collar,Permanent,Full Time,Fixed,Active,Medium,Female,31,"1  Years, 3 Months",1,37365.25,3,0.91,0.6,0.87,0,1,0,1,0,37365.25,0
6452,15722583,Benjamin,Pricing Analyst,31/07/1982,13/11/1991,,White Collar,Permanent,Full Time,Flex and Fixed,Active,High,Female,40,"31 Years, 1 Months",31,46586.26,2,0.48,0.72,0.8,2,1,1,1,1,48527.35,0
6453,15677243,Wan,Java Software Engineer ,22/04/1963,27/06/2014,,White Collar,Permanent,Full Time,Flex and Fixed,Active,Low,Male,59,"8 Years, 5 Months",8,61072.92,3,0.56,0.65,0.9,1,1,0,1,0,69401.05,0
6454,15815070,Romano,Sales Account Manager,07/08/1995,02/09/2012,,White Collar,Permanent,Full Time,Fixed,Active,Medium,Female,27,"10  Years, 3 Months",10,27796.02,4,0.55,0.82,0.78,5,1,0,0,0,33090.5,0
6455,15705899,Craig,Perishable Operational Care Specialist - Air Logistics,04/02/1956,23/02/1986,,Blue Collar,Permanent,Full Time,Fixed,Active,Low,Male,67,"36 Years, 9 Months",36,20822.86,1,0.54,0.67,0.92,3,0,1,1,1,33585.25,0
6456,15701522,Yermolayeva,Sea Logiscitcs Customer Care Specialist ,28/09/2000,18/08/2017,,Blue Collar,Permanent,Full Time,Fixed,Active,Low,Female,22,"5 Years, 4 Months",5,30704.65,3,0.21,0.44,0.87,1,0,1,0,1,33015.75,0
6457,15755978,Tseng,Java Software Engineer ,15/03/1991,04/12/2020,,White Collar,Permanent,Full Time,Flex and Fixed,Active,Medium,Male,31,"2 Years, 0 Months",2,65657,1,0.37,0.52,0.85,1,1,0,1,0,71366.3,0
6458,15722090,Tseng,National Perishable Air Logistics Development Manager Seafood,09/11/1996,03/10/2022,,White Collar,Permanent,Full Time,Flex and Fixed,Active,Low,Male,26,"0 Years, 2 Months",0,33188.4,4,0.27,0.54,0.51,0,1,1,1,1,33188.4,0
6459,15783526,Le Hunte,Sea Logiscitcs Customer Care Specialist ,08/02/1986,04/02/2019,,Blue Collar,Permanent,Full Time,Fixed,Active,Medium,Male,37,"3 Years, 10 Months",3,28715.76,4,0.28,0.67,0.76,2,0,1,1,1,32631.55,0
6460,15632125,Blake,IT System Engineer,11/08/1966,16/08/1988,,White Collar,Permanent,Full Time,Flex and Fixed,Active,High,Male,56,"34 Years, 4 Months",34,65406.73,3,0.15,0.16,0.64,1,1,1,1,1,70178.9,0
6461,15688395,Lane,Analyst Programmer ,25/03/1960,23/10/1985,,White Collar,Permanent,Full Time,Flex and Fixed,Active,Medium,Male,62,"37 Years, 1 Months",37,53978.23,4,0.41,0.81,0.73,4,1,0,0,0,61338.9,0
6462,15666975,Sparks,Perishable Operational Care Specialist - Air Logistics,09/09/1996,23/08/2014,,Blue Collar,Permanent,Full Time,Fixed,Active,Low,Female,26,"8 Years, 3 Months",8,27916.5,3,0.55,0.77,0.85,1,0,0,1,0,32461.05,0
6463,15682211,Tu,Business Development Manager,07/07/1981,06/08/2019,,White Collar,Permanent,Full Time,Flex and Fixed,Active,High,Male,41,"3 Years, 4 Months",3,50825.91,4,0.48,0.84,0.99,3,1,1,1,0,52397.85,0
6464,15637411,Tochukwu,IT-Support,11/03/1971,27/12/2014,,White Collar,Permanent,Full Time,Fixed,Active,Medium,Male,52,"7 Years, 11 Months",7,33288.74,4,0.27,0.56,0.56,5,0,1,0,1,39629.45,0
6465,15591512,Whittaker,Human Resoruces Coordinator,28/01/1999,24/12/2012,26/10/2013,White Collar,Permanent,Full Time,Fixed,Voluntarily Terminated,High,Female,24,"0 Years, 10 Months",0,31027.832,2,0.25,0.67,0.97,2,0,1,0,1,35258.9,1
6466,15606855,Wang,Sales Account Manager,20/02/1999,16/03/2022,,White Collar,Permanent,Full Time,Fixed,Active,Medium,Male,24,"0 Years, 9 Months",0,37115.75,3,1,0.65,0.7,0,1,1,1,0,37115.75,0
6467,15763683,Northern,Sales Account Manager,18/09/1991,03/12/2012,14/06/2020,White Collar,Permanent,Full Time,Fixed,Voluntarily Terminated,Low,Male,31,"10  Years, 0 Months",10,30820.93,3,0.28,0.39,0.57,5,1,1,1,1,37133.65,1
6468,15641782,Humphries,Data Engineer,26/10/1988,31/07/2015,17/12/2020,White Collar,Permanent,Full Time,Flex and Fixed,Voluntarily Terminated,High,Female,34,"5 Years, 4 Months",5,64852.29,3,0.09,0.77,0.75,4,1,1,0,1,69733.65,1
6469,15677184,Cremonesi,Road Logistics Sales Representative,17/09/2001,06/11/2021,,White Collar,Permanent,Full Time,Fixed,Active,Medium,Female,21,"1  Years, 1 Months",1,33517.39,3,0.26,0.41,0.96,1,0,1,0,0,35656.8,0
6470,15775042,Ku,Sales Account Manager,17/12/1999,22/10/2016,,White Collar,Permanent,Full Time,Fixed,Active,High,Female,23,"6 Years, 1 Months",6,34088.9,4,0.28,0.59,0.67,2,1,0,1,0,37460.33,0
6471,15616630,Tobenna,National Air Logistics Consol & Planning Manager,31/07/1978,28/11/2012,,White Collar,Permanent,Full Time,Flex and Fixed,Active,Medium,Female,44,"10  Years, 0 Months",10,56519.47,1,0.59,0.14,0.72,3,1,0,1,0,68095.75,0
6472,15800233,Okwuadigbo,National Air Logistics Gateway Trade Lane Specialist,20/12/1960,12/03/2017,,White Collar,Permanent,Full Time,Fixed,Active,Medium,Female,62,"5 Years, 9 Months",5,34987.98,3,0.29,0.6,0.82,1,0,0,1,0,36829.45,0
6473,15588419,Johnston,Customer Servce Administrative Officer,03/01/2001,22/12/2018,30/05/2019,Blue Collar,Permanent,Full Time,Fixed,Voluntarily Terminated,High,Female,22,"0 Years, 5 Months",0,28989.048,2,0.19,0.14,0.98,2,0,0,1,1,32942.1,1
6474,15595557,Li,Material Handler ,06/12/2004,31/10/2022,,Blue Collar,Temporary,Full Time,Fixed,Active,Low,Male,18,"0 Years, 1 Months",0,28762.1,3,0.26,0.88,0.8,0,0,0,1,0,28762.1,0
6475,15626143,Talbot,Perishable Operational Care Specialist - Air Logistics,30/08/1970,27/11/2012,,Blue Collar,Permanent,Full Time,Fixed,Active,High,Male,52,"10  Years, 0 Months",10,27040.49,3,0.43,0.6,0.91,3,0,1,1,1,32578.9,0
6476,15566030,Tu,Transport Controller,27/07/1986,03/10/2009,17/06/2018,Blue Collar,Temporary,Full Time,Fixed,Voluntarily Terminated,Low,Male,36,"8 Years, 8 Months",8,27871.81,1,0.09,1,0.49,4,0,0,0,0,28440.62,1
6477,15701412,T'ien,Trucking Team Leader- Air Logistics,13/11/1989,03/03/2020,,White Collar,Permanent,Full Time,Fixed,Active,High,Male,33,"2 Years, 9 Months",2,38188.69,1,0.25,0.56,0.98,1,0,0,0,0,41509.45,0
6478,15702464,Ross,Accounts Payable,20/03/1968,17/06/1987,,White Collar,Permanent,Full Time,Fixed,Active,High,Female,54,"35 Years, 6 Months",35,29389.51,3,0.26,0.72,0.54,2,1,0,0,0,33781.05,0
6479,15573348,Maclean,Technical Support Engineer,31/10/1985,08/08/1986,,White Collar,Permanent,Full Time,Flex and Fixed,Active,Medium,Male,37,"36 Years, 4 Months",36,52957.43,4,0.92,0.59,0.83,4,1,1,1,0,60178.9,0
6480,15704160,Wan,Customer Care Specialist-Key Accounts,01/02/1972,03/03/2013,06/05/2020,White Collar,Permanent,Full Time,Fixed,Voluntarily Terminated,High,Male,51,"7 Years, 2 Months",7,30526.18,1,0.39,0.74,0.75,4,0,0,1,1,33545.25,1
6481,15693704,Tsou,Regional Air logistics Trainer Specialist,23/06/1992,24/10/2012,,White Collar,Permanent,Full Time,Fixed,Active,Medium,Female,30,"10  Years, 1 Months",10,28224.36,2,0.84,0.52,0.69,1,0,1,0,0,34005.25,0
6482,15664752,Jack,Perishable Customer Care Team Leader - Air Logistics,10/06/1983,06/10/2020,,White Collar,Permanent,Full Time,Fixed,Active,Low,Male,39,"2 Years, 2 Months",2,35746.07,3,0.3,0.77,0.74,2,0,0,1,0,39717.85,0
6483,15628292,Lucchesi,Technical Support Engineer,05/10/1960,13/11/2011,,White Collar,Permanent,Full Time,Flex and Fixed,Active,Low,Male,62,"11 Years, 1 Months",11,52204.57,3,0.84,0.48,0.81,1,1,1,1,1,60005.25,0
6484,15621195,Ch'eng,Senior DevOps Engineer,25/11/1988,26/06/2021,,White Collar,Permanent,Full Time,Flex and Fixed,Active,High,Male,34,"1  Years, 5 Months",1,70870.5,1,0.98,0.99,0.56,0,1,0,1,0,70870.5,0
6485,15668629,Saunders,Sales Account Manager,29/09/1978,02/04/2014,,White Collar,Permanent,Full Time,Fixed,Active,Low,Male,44,"8 Years, 8 Months",8,30689.22,2,0.57,0.23,0.78,1,1,0,1,0,33357.85,0
6486,15635197,Glover,Aerospace International Logistics Specialist,23/10/1963,17/07/2011,,Blue Collar,Permanent,Full Time,Fixed,Active,High,Male,59,"11 Years, 5 Months",11,28523.28,1,0.45,0.63,1,3,0,1,1,0,33556.8,0
6487,15592761,Tung,Inside Sales Executive/ Account Manager,02/08/1955,11/03/2015,,White Collar,Permanent,Full Time,Flex and Fixed,Active,Low,Male,67,"7 Years, 9 Months",7,33369.09,1,0.29,0.51,0.83,2,1,0,0,0,35880.74,0
6488,15574283,Padovano,Aerospace International Logistics Specialist,13/04/1981,19/02/2000,,Blue Collar,Permanent,Full Time,Fixed,Active,Medium,Male,41,"22  Years, 9 Months",22,29452.23,2,0.28,0.54,0.55,3,0,1,0,1,36360.78,0
6489,15598097,Johnstone,Road Logistics Sales Representative,01/06/2004,02/05/2021,,White Collar,Permanent,Full Time,Fixed,Active,Medium,Male,18,"1  Years, 7 Months",1,34230.5,4,0.6,0.53,0.73,0,0,0,1,0,34230.5,0
6490,15711352,Endrizzi,Human Resoruces Coordinator,19/12/1974,01/02/2016,,White Collar,Permanent,Full Time,Fixed,Active,Low,Female,48,"6 Years, 10 Months",6,31317.77,2,0.12,0.72,0.84,1,0,1,1,1,34041.05,0
6491,15620751,Secombe,Accountant,09/02/1980,28/04/2015,,White Collar,Permanent,Full Time,Fixed,Active,Medium,Male,43,"7 Years, 7 Months",7,30866.66,3,0.53,0.57,0.61,3,1,0,1,0,35075.75,0
6492,15656717,Elewechi,Operations Specialist,04/04/1998,10/06/2013,,Blue Collar,Permanent,Full Time,Fixed,Active,Low,Female,24,"9 Years, 6 Months",9,28419.34,4,0.16,0.81,0.77,3,0,0,0,0,32294.7,0
6493,15643121,Chu,Business Development Executive,24/09/1985,01/09/2016,,White Collar,Permanent,Full Time,Flex and Fixed,Active,Low,Female,37,"6 Years, 3 Months",6,38427.43,4,0.08,0.64,0.57,8,0,0,0,0,40880.24,0
6494,15723671,Lucciano,Trucking Team Leader- Air Logistics,22/12/1956,14/10/2013,,White Collar,Permanent,Full Time,Fixed,Active,Low,Male,66,"9 Years, 2 Months",9,39085.46,1,0.46,0.77,0.57,2,0,0,1,0,42484.2,0
6495,15752846,Pinto,Apprentice,07/07/2004,17/07/2022,,Blue Collar,Apprentice,Full Time,Fixed,Active,Low,Male,18,"0 Years, 5 Months",0,21900.95,4,0.9,0.83,0.55,0,0,1,1,1,21900.95,0
6496,15640852,McGregor,IT-Support,22/01/1979,03/08/2018,20/05/2019,White Collar,Permanent,Full Time,Fixed,Voluntarily Terminated,High,Female,44,"0 Years, 9 Months",0,36054.964,2,0.41,0.6,0.71,2,0,0,1,0,40971.55,1
6497,15789313,Ugorji,Perishable Customer Care Team Leader - Air Logistics,21/02/1955,11/02/1993,04/04/2016,White Collar,Permanent,Full Time,Fixed,Voluntarily Terminated,High,Female,68,"23 Years, 1 Months",23,26079.05,4,0.28,0.86,0.87,4,0,0,1,0,38351.55,1
6498,15793688,Bancks,Warehouse Quality Control Specialist - Air Logistics,31/10/1956,04/08/2015,03/04/2020,Blue Collar,Permanent,Full Time,Fixed,Voluntarily Terminated,High,Male,66,"4 Years, 7 Months",4,26023.35,2,0.25,0.5,0.55,4,0,0,1,0,27982.1,1
6499,15770405,Warlow-Davies,Perishable Customer Care Team Leader - Air Logistics,20/05/1980,20/01/2022,,White Collar,Permanent,Full Time,Fixed,Active,High,Female,42,"0 Years, 10 Months",0,42776.8,2,0.49,0.6,0.75,0,0,0,1,0,42776.8,0
6500,15702561,Dale,IT-Support,01/03/1979,16/09/2019,,White Collar,Permanent,Full Time,Fixed,Active,High,Male,44,"3 Years, 3 Months",3,33331.23,3,0.77,0.85,0.73,1,0,1,1,1,37034.7,0
6501,15625964,Buckley,National Air Logistics Gateway Trade Lane Specialist,06/06/1985,09/04/2007,,White Collar,Permanent,Full Time,Fixed,Active,Medium,Female,37,"15 Years, 8 Months",15,30722.18,2,0.3,0.4,0.87,3,0,0,0,0,34135.75,0
6502,15761364,Nkemjika,Gateway & Procurement Specialist - Air Logistics,03/09/1957,09/03/1996,,Blue Collar,Permanent,Full Time,Fixed,Active,Medium,Male,65,"26 Years, 9 Months",26,22583.22,4,0.46,0.38,0.79,4,0,0,1,0,33706.3,0
6503,15590286,Fairley,Data Analyst,15/09/1991,18/02/2017,,White Collar,Permanent,Full Time,Flex and Fixed,Active,Medium,Female,31,"5 Years, 10 Months",5,43857.45,2,0.1,0.96,0.59,1,1,0,1,0,48730.5,0
6504,15587978,Boothby,National Service Excellence Specialist- Air Logistics,16/03/2000,01/09/2012,,White Collar,Permanent,Full Time,Flex and Fixed,Active,Low,Female,22,"10  Years, 3 Months",10,27176.52,1,0.72,0.59,0.57,5,0,1,0,1,33142.1,0
6505,15773242,Chukwuhaenye,Java Software Engineer ,05/08/1981,02/02/2021,,White Collar,Permanent,Full Time,Flex and Fixed,Active,Low,Male,41,"1  Years, 10 Months",1,67649.98,4,0.26,0.56,0.5,1,1,1,1,1,71210.5,0
6506,15761053,Lock,Project Manager,28/09/1980,02/03/2013,14/06/2013,White Collar,Permanent,Full Time,Flex and Fixed,Voluntarily Terminated,High,Male,42,"0 Years, 3 Months",0,35486.22,1,0.1,0.84,0.96,2,1,0,0,1,40325.25,1
6507,15702095,Clarke,Cloud Service Analyst,22/07/1981,15/07/2008,10/03/2016,White Collar,Permanent,Full Time,Flex and Fixed,Voluntarily Terminated,Medium,Female,41,"7 Years, 7 Months",7,54665.83,1,0.29,0.94,0.99,4,1,0,1,0,62120.26,1
6508,15764253,Ramsey,National Perishable Air Logistics Development Manager Seafood,23/10/1987,22/09/2017,,White Collar,Permanent,Full Time,Flex and Fixed,Active,Low,Male,35,"5 Years, 2 Months",5,33118.02,1,0.16,0.72,0.63,2,1,0,1,0,35997.85,0
6509,15700801,Eipper,Java Software Engineer ,15/10/1962,23/02/2011,22/01/2020,White Collar,Permanent,Full Time,Flex and Fixed,Voluntarily Terminated,High,Male,60,"8 Years, 10 Months",8,60414.39,2,0.36,0.82,0.7,4,1,1,0,1,71075.75,1
6510,15730590,Ko,Perishable Warehouse Specialist - Air Logistics,22/09/1979,17/11/2017,,Blue Collar,Permanent,Full Time,Fixed,Active,Low,Female,43,"5 Years, 1 Months",5,34111.98,2,0.17,1,0.95,2,0,0,0,0,35907.35,0
6511,15643916,Munro,Warehouse Specialist - Air Logistics,05/01/1971,22/07/2015,11/06/2017,Blue Collar,Temporary,Full Time,Fixed,Voluntarily Terminated,Medium,Male,52,"1 Years, 10 Months",1,24337.36,2,0.47,0.62,0.77,5,0,1,1,1,26453.65,1
6512,15720636,McGregor,Inside Sales Executive/ Account Manager,27/10/1994,15/05/2018,21/11/2019,White Collar,Permanent,Full Time,Flex and Fixed,Voluntarily Terminated,Low,Female,28,"1 Years, 6 Months",1,29341.048,2,0.39,0.76,0.89,2,1,1,0,1,33342.1,1
6513,15795429,Henderson,Sales Account Manager,04/04/1980,14/03/2015,,White Collar,Permanent,Full Time,Fixed,Active,High,Male,42,"7 Years, 9 Months",7,30407.08,1,0.56,0.23,0.74,2,1,1,1,1,36198.9,0
6514,15609254,Fernandez,BI Developer,21/10/1969,26/10/1986,,White Collar,Permanent,Full Time,Flex and Fixed,Active,High,Female,53,"36 Years, 1 Months",36,56884.56,3,0.78,0.7,0.99,2,1,1,1,1,62510.5,0
6515,15625141,Porter,Accounts Payable,22/04/1973,17/07/2012,,White Collar,Permanent,Full Time,Fixed,Active,Low,Male,49,"10  Years, 5 Months",10,29131.76,3,0.26,0.71,0.88,2,1,0,0,0,36414.7,0
6516,15810898,Pan,Trucking Specialist - Air Logistics,21/06/1972,12/03/2018,,Blue Collar,Permanent,Full Time,Fixed,Active,Low,Female,50,"4 Years, 9 Months",4,34837.87,2,0.26,0.32,0.37,2,0,1,0,1,36289.45,0
6517,15775797,Esposito,National Air Logistics Gateway Trade Lane Specialist,14/11/1960,18/03/2020,,White Collar,Permanent,Full Time,Fixed,Active,Medium,Female,62,"2 Years, 9 Months",2,32021.05,3,0.27,0.69,0.67,0,0,1,0,1,32021.05,0
6518,15795246,Kaeppel,Senior DevOps Engineer,06/11/1957,21/01/2005,,White Collar,Permanent,Full Time,Flex and Fixed,Active,Medium,Female,65,"17 Years, 10 Months",17,59327.28,4,0.88,0.66,0.59,3,1,1,1,1,69796.8,0
6519,15795275,Lamb,Stock Investigator & Analyst,23/04/1955,03/12/1991,19/04/2021,White Collar,Permanent,Full Time,Flex and Fixed,Voluntarily Terminated,High,Female,67,"29 Years, 4 Months",29,30276.29,3,0.14,0.7,0.67,4,1,0,0,0,46578.9,1
6520,15571869,Lei,Stock Investigator & Analyst,13/07/1990,07/02/2012,29/05/2022,White Collar,Permanent,Full Time,Flex and Fixed,Terminated for Cause,High,Female,32,"10  Years, 10 Months",10,45621.45,2,0.21,0.91,0.76,4,1,0,0,0,50690.5,1
6521,15694143,Conti,National Air Logistics Pharma Compliance Specialist,04/02/1982,14/06/2014,,Blue Collar,Permanent,Full Time,Fixed,Active,Medium,Female,41,"8 Years, 6 Months",8,33261.36,4,0.26,0.2,0.7,2,0,0,1,0,36153.65,0
6522,15748231,Hargreaves,Customer Servce Administrative Officer,02/12/1992,20/02/2019,,Blue Collar,Permanent,Full Time,Fixed,Active,Medium,Male,30,"3 Years, 9 Months",3,29438.87,3,0.3,0.72,0.83,2,0,0,1,0,31654.7,0
6523,15632185,Yermolayev,Perishable Warehouse Specialist - Air Logistics,29/03/1980,04/04/2021,,Blue Collar,Permanent,Full Time,Fixed,Active,High,Female,42,"1  Years, 8 Months",1,33305.66,4,0.83,0.74,0.93,1,0,0,1,0,35431.55,0
6524,15806249,Kerr,Accounts Payable,16/10/1970,04/05/2012,,White Collar,Permanent,Full Time,Fixed,Active,High,Female,52,"10  Years, 7 Months",10,27236.45,3,0.57,0.53,0.79,5,1,1,0,1,33625.25,0
6525,15743293,Waters,Revenue Care Specialist- Air Logistics,19/10/1978,20/01/2004,15/10/2013,White Collar,Permanent,Full Time,Fixed,Voluntarily Terminated,Low,Female,44,"9 Years, 8 Months",9,39693.2,3,0.26,0.99,0.92,5,1,1,1,1,43618.9,1
6526,15598157,Onyeorulu,Senior DevOps Engineer,01/03/1955,23/01/1998,,White Collar,Permanent,Full Time,Flex and Fixed,Active,Medium,Male,68,"24 Years, 10 Months",24,48299.97,3,0.7,0.75,0.85,4,1,0,1,0,69999.95,0
6527,15700946,Kolesnikova,BI Developer,23/04/1981,07/06/2017,,White Collar,Permanent,Full Time,Flex and Fixed,Active,Low,Female,41,"5 Years, 6 Months",5,59853.99,3,0.43,0.86,0.78,2,1,1,1,1,63004.2,0
6528,15722692,Kazakova,Stock Investigator & Analyst,25/11/1986,28/08/2016,,White Collar,Permanent,Full Time,Flex and Fixed,Active,Low,Male,36,"6 Years, 3 Months",6,48690.97,4,0.81,0.93,0.86,1,1,0,1,0,51798.9,0
6529,15696506,MacDonald,Perishable Warehouse Specialist - Air Logistics,01/08/1972,27/01/2016,,Blue Collar,Permanent,Full Time,Fixed,Active,Low,Male,50,"6 Years, 10 Months",6,33242.35,4,0.16,0.81,0.95,2,0,0,0,0,35364.2,0
6530,15728823,Sharwood,Software Engineer,07/10/1966,03/07/1994,,White Collar,Permanent,Full Time,Flex and Fixed,Active,High,Female,56,"28 Years, 5 Months",28,66237.66,4,0.25,0.49,0.67,3,1,0,1,0,67589.45,0
6531,15808851,Bufkin,National Air Logistics Pharma Compliance Specialist,18/08/1985,17/03/1997,,Blue Collar,Permanent,Full Time,Fixed,Active,Low,Female,37,"25 Years, 9 Months",25,32758.4,3,0.13,0.97,0.72,3,0,1,0,1,33771.55,0
6532,15675231,Nwankwo,Accounts Payable,03/09/1983,21/03/2022,,White Collar,Permanent,Full Time,Fixed,Active,High,Female,39,"0 Years, 8 Months",0,36504.2,1,0.59,0.62,0.89,0,1,1,1,1,36504.2,0
6533,15732299,Boniwell,National Air Logistics Gateway Trade Lane Specialist,15/03/1982,15/10/2020,,White Collar,Permanent,Full Time,Fixed,Active,Low,Male,40,"2 Years, 2 Months",2,36027.89,3,0.97,0.75,0.79,2,0,1,1,1,36763.15,0
6534,15706269,Willis,Warehouse Quality Control Specialist - Air Logistics,07/02/1996,12/08/2016,,Blue Collar,Permanent,Full Time,Fixed,Active,Medium,Female,27,"6 Years, 4 Months",6,23310.86,3,0.3,0.87,0.58,2,0,1,1,1,25900.95,0
6535,15590078,Burns,Transport Controller,17/11/1957,08/10/2016,,Blue Collar,Temporary,Full Time,Fixed,Active,Low,Male,65,"6 Years, 2 Months",6,25459.61,4,0.91,0.93,0.65,2,0,1,1,1,28606.3,0
6536,15776985,Kung,Operations Specialist,19/01/1963,22/01/2003,,Blue Collar,Permanent,Full Time,Fixed,Active,Low,Female,60,"19  Years, 10 Months",19,30906.09,1,0.78,0.74,0.68,1,0,1,0,1,32261.05,0
6537,15756743,Howells,Perishable Operational Care Specialist - Air Logistics,10/08/1973,20/02/2012,,Blue Collar,Permanent,Full Time,Fixed,Active,Low,Female,49,"10  Years, 9 Months",10,26615.44,4,0.88,0.68,0.57,4,0,0,1,0,32457.85,0
6538,15782364,Bevan,Perishable Warehouse Specialist - Air Logistics,21/07/1999,07/05/2019,,Blue Collar,Permanent,Full Time,Fixed,Active,High,Female,23,"3 Years, 7 Months",3,32362.98,2,0.29,0.49,0.63,2,0,0,0,0,34798.9,0
6539,15604093,Neitenstein,Accounts Payable,15/07/1998,06/12/2014,09/01/2019,White Collar,Permanent,Full Time,Fixed,Voluntarily Terminated,Low,Male,24,"4 Years, 1 Months",4,29768.68,3,0.28,0.75,0.84,4,1,1,1,1,35438.9,1
6540,15749328,Johnson,Business Development Manager,01/02/1969,19/05/2001,01/06/2021,White Collar,Permanent,Full Time,Flex and Fixed,Voluntarily Terminated,Medium,Female,54,"20 Years, 0 Months",20,43588.02,2,0.53,0.95,0.58,4,1,0,1,1,51890.5,1
6541,15656322,Sandover,Project Manager,20/08/1955,29/03/2014,,White Collar,Permanent,Full Time,Flex and Fixed,Active,High,Male,67,"8 Years, 8 Months",8,37366.49,2,0.52,0.95,0.75,2,1,0,1,0,43960.58,0
6542,15685564,Nnamutaezinwa,Software Engineer,15/10/1979,25/10/2014,,White Collar,Permanent,Full Time,Flex and Fixed,Active,Medium,Male,43,"8 Years, 1 Months",8,59044.85,3,0.53,0.67,0.65,2,1,1,1,1,68656.8,0
6543,15785831,Sinclair,Trucking Specialist - Air Logistics,02/12/1957,28/02/2007,,Blue Collar,Permanent,Full Time,Fixed,Active,High,Male,65,"15 Years, 9 Months",15,27049.71,1,0.58,0.71,0.6,2,0,1,1,1,33394.7,0
6544,15796218,Wei,Customer Care Specialist-Key Accounts,23/02/1964,25/01/1994,,White Collar,Permanent,Full Time,Fixed,Active,Medium,Male,59,"28 Years, 10 Months",28,31601.89,4,0.28,0.81,0.73,3,0,1,1,1,34727.35,0
6545,15716218,Higgins,Pricing Analyst,06/03/1973,14/03/2014,,White Collar,Permanent,Full Time,Flex and Fixed,Active,High,Female,50,"8 Years, 9 Months",8,46370.9,4,0.69,0.79,0.36,3,1,1,0,1,50403.15,0
6546,15572735,Chang,Regional Air logistics Trainer Specialist,24/12/1959,02/01/1990,,White Collar,Permanent,Full Time,Fixed,Active,Medium,Male,63,"32 Years, 11 Months",32,30877.13,3,0.93,0.57,0.52,1,0,1,1,1,33562.1,0
6547,15633840,Henderson,Business Development Manager,13/04/1984,25/08/2014,,White Collar,Permanent,Full Time,Flex and Fixed,Active,Low,Male,38,"8 Years, 3 Months",8,42405.14,3,0.12,0.85,0.65,1,1,1,1,1,49888.4,0
6548,15608760,Cox,Accounting Coordinator,01/03/2001,01/09/2018,,White Collar,Permanent,Full Time,Fixed,Active,Low,Female,22,"4 Years, 3 Months",4,33424.62,4,0.82,0.15,0.78,1,1,1,1,1,37555.75,0
6549,15627848,Tsui,Trucking Team Leader- Air Logistics,16/01/1991,02/04/2013,,White Collar,Permanent,Full Time,Fixed,Active,High,Male,32,"9 Years, 8 Months",9,32334.73,3,0.94,0.48,0.87,1,0,0,1,0,39432.6,0
6550,15792029,Lee,Data Analyst,12/02/1974,19/03/2012,,White Collar,Permanent,Full Time,Flex and Fixed,Active,Low,Male,49,"10  Years, 8 Months",10,38085.04,3,0.98,0.92,0.91,2,1,0,1,0,47606.3,0
6551,15617331,Sergeyeva,Java Software Engineer ,09/05/1956,16/02/1991,14/02/2021,White Collar,Permanent,Full Time,Flex and Fixed,Voluntarily Terminated,Medium,Female,66,"29 Years, 11 Months",29,46279.29,1,0.29,0.73,0.67,5,1,1,1,1,71198.9,1
6552,15651740,Napolitani,Inside Sales Executive/ Account Manager,18/12/1994,18/01/2018,,White Collar,Permanent,Full Time,Flex and Fixed,Active,Medium,Female,28,"4 Years, 11 Months",4,33602.51,4,0.78,0.68,0.71,2,1,1,0,1,35747.35,0
6553,15636407,Beatham,Customer Servce Administrative Officer,12/02/1961,22/08/2010,,Blue Collar,Permanent,Full Time,Fixed,Active,Medium,Female,62,"12 Years, 3 Months",12,28283.61,3,0.42,0.88,0.55,2,0,0,1,0,32140.47,0
6554,15607526,Lu,Sea Logiscitcs Customer Care Specialist ,25/08/1980,04/05/2015,17/01/2022,Blue Collar,Permanent,Full Time,Fixed,Voluntarily Terminated,Medium,Male,42,"6 Years, 8 Months",6,28109.05,3,0.37,0.8,0.55,4,0,0,1,0,33463.15,1
6555,15632576,Yashina,Pricing Analyst,09/10/1984,16/03/2019,,White Collar,Permanent,Full Time,Flex and Fixed,Active,Low,Male,38,"3 Years, 9 Months",3,43186.66,2,0.26,0.66,0.9,2,1,0,1,0,49075.75,0
6556,15581505,Bales,Perishable Apprentice- Air Logistics,22/01/2003,15/03/2022,,Blue Collar,Apprentice,Full Time,Fixed,Active,Low,Male,20,"0 Years, 9 Months",0,21568.4,3,0.18,0.19,0.8,0,0,0,1,0,21568.4,0
6557,15612207,Hill,Data Engineer,26/03/1979,27/04/2009,28/12/2014,White Collar,Permanent,Full Time,Flex and Fixed,Voluntarily Terminated,High,Female,43,"5 Years, 8 Months",5,65695.15,2,0.3,0.3,0.53,4,1,1,0,1,70639.95,1
6558,15707242,Ibeamaka,Revenue Care Specialist- Air Logistics,12/11/1973,07/07/2014,,White Collar,Permanent,Full Time,Fixed,Active,High,Male,49,"8 Years, 5 Months",8,36774.44,2,0.77,0.8,0.8,1,1,0,0,0,42760.98,0
6559,15721937,Romilly,Aerospace International Logistics Specialist,14/12/1970,19/08/2013,,Blue Collar,Permanent,Full Time,Fixed,Active,High,Male,52,"9 Years, 3 Months",9,27626.76,3,0.27,0.66,0.84,2,0,1,0,1,33285.25,0
6560,15773852,Hayes,Senior DevOps Engineer,31/07/1992,22/02/2017,,White Collar,Permanent,Full Time,Flex and Fixed,Active,High,Male,30,"5 Years, 9 Months",5,61417.48,2,0.51,0.22,0.67,1,1,1,1,1,69008.4,0
6561,15719778,Chiu,Pricing Analyst,15/01/1991,16/11/2020,,White Collar,Permanent,Full Time,Flex and Fixed,Active,High,Female,32,"2 Years, 1 Months",2,44716.73,1,0.51,0.57,0.59,2,1,0,1,0,49685.25,0
6562,15650538,Sun,Data Engineer,15/12/1969,26/03/2014,19/04/2020,White Collar,Permanent,Full Time,Flex and Fixed,Voluntarily Terminated,High,Female,53,"6 Years, 0 Months",6,65822.73,2,0.5,0.83,0.73,5,1,0,1,0,70625.25,1
6563,15797475,Brennan,Human Resoruces Coordinator,15/08/1956,17/04/1985,06/11/2020,White Collar,Permanent,Full Time,Fixed,Voluntarily Terminated,High,Male,66,"35 Years, 6 Months",35,20503.9,2,0.22,0.57,0.5,5,0,0,1,0,35351.55,1
6564,15780359,Storey,National Perishable Air Logistics Development Manager Seafood,31/08/1955,11/07/1985,,White Collar,Permanent,Full Time,Flex and Fixed,Active,High,Male,67,"37  Years, 5 Months",37,24472.14,3,0.24,0.78,0.54,2,1,1,1,1,37649.45,0
6565,15737104,Lawson,Customer Servce Administrative Officer,22/05/1974,21/10/2021,12/08/2022,Blue Collar,Permanent,Full Time,Fixed,Voluntarily Terminated,Low,Female,48,"1  Years, 1 Months",1,30184.924,1,0.26,0.88,0.89,2,0,1,1,1,34301.05,1
6566,15789936,T'ao,Trucking Specialist - Air Logistics,27/08/1979,29/10/2016,,Blue Collar,Permanent,Full Time,Fixed,Active,High,Female,43,"6 Years, 1 Months",6,31910.51,3,0.12,0.48,0.69,1,0,0,1,0,33947.35,0
6567,15709523,Yao,BI Developer,14/07/1960,15/11/1998,,White Collar,Permanent,Full Time,Flex and Fixed,Active,High,Female,62,"24  Years, 1 Months",24,49292.6,1,0.29,0.91,0.82,3,1,1,1,1,61615.75,0
6568,15593425,Bracewell,Finance Analyst,30/12/1981,20/01/2009,26/06/2021,White Collar,Permanent,Full Time,Flex and Fixed,Voluntarily Terminated,Low,Female,41,"12 Years, 5 Months",12,45371.72,3,0.09,0.3,0.97,5,1,0,0,0,48682.1,1
6569,15776725,Kerr,Perishable Operational Care Specialist - Air Logistics,06/09/1986,19/02/2021,,Blue Collar,Permanent,Full Time,Fixed,Active,Medium,Male,36,"1  Years, 9 Months",1,33938.9,2,0.29,0.63,0.98,0,0,1,1,1,33938.9,0
6570,15604706,Blake,Gateway & Procurement Team Leader- Air Logistics,28/01/1985,17/07/2018,24/11/2018,White Collar,Permanent,Full Time,Fixed,Voluntarily Terminated,Low,Male,38,"0 Years, 4 Months",0,33559.46,3,0.27,0.62,0.36,2,0,0,1,0,38135.75,1
6571,15790958,Sanders,Software Engineer,12/09/1968,27/05/2017,,White Collar,Permanent,Full Time,Flex and Fixed,Active,Medium,Male,54,"5 Years, 6 Months",5,53955.23,1,0.26,0.74,0.72,3,1,1,1,1,65006.3,0
6572,15747534,Torkelson,Transport Controller,12/07/2001,04/05/2021,24/12/2022,Blue Collar,Temporary,Full Time,Fixed,Voluntarily Terminated,Low,Male,21,"1  Years, 7 Months",1,26677,3,0.13,0.5,0.53,5,0,0,1,0,28081.05,1
6573,15574237,Hsueh,National Air Logistics Transport Manager,14/01/1979,18/03/2019,,White Collar,Permanent,Full Time,Flex and Fixed,Active,Medium,Female,44,"3 Years, 9 Months",3,64840.59,3,0.23,0.36,0.74,1,1,1,1,1,70478.9,0
6574,15690332,Wang,Perishable Customer Care Team Leader - Air Logistics,26/08/1985,05/11/2012,,White Collar,Permanent,Full Time,Fixed,Active,High,Male,37,"10  Years, 1 Months",10,30681.24,3,0.4,0.57,0.65,5,0,1,1,1,38351.55,0
6575,15661290,Hightower,IT System Engineer,09/02/1976,18/12/2021,,White Collar,Permanent,Full Time,Flex and Fixed,Active,Medium,Female,47,"1 Years, 0 Months",1,71562.1,3,0.29,0.73,0.55,0,1,0,0,0,71562.1,0
6576,15651883,Genovesi,Aerospace International Logistics Specialist,05/05/1957,23/10/1995,08/10/2020,Blue Collar,Permanent,Full Time,Fixed,Voluntarily Terminated,High,Female,65,"24 Years, 11 Months",24,22619.66,1,0.2,0.77,0.67,5,0,0,1,0,33264.2,1
6577,15808905,Levan,Aerospace International Logistics Specialist,18/06/1973,26/05/2015,,Blue Collar,Permanent,Full Time,Fixed,Active,High,Male,49,"7 Years, 6 Months",7,30741.85,4,0.26,0.86,0.5,2,0,1,1,1,33055.75,0
6578,15715532,Lai,Aerospace International Logistics Specialist,05/05/1972,05/03/2012,,Blue Collar,Permanent,Full Time,Fixed,Active,Low,Male,50,"10  Years, 9 Months",10,27773.81,2,0.24,0.24,0.55,1,0,1,0,1,33870.5,0
6579,15786078,Loginov,Finance Analyst,03/05/1984,28/10/2012,,White Collar,Permanent,Full Time,Flex and Fixed,Active,Medium,Female,38,"10  Years, 1 Months",10,41315.36,3,0.19,0.83,0.62,5,1,0,1,0,51644.2,0
6580,15652401,Lafleur,Analyst Programmer ,19/03/1956,21/07/1985,,White Collar,Permanent,Full Time,Flex and Fixed,Active,High,Female,66,"37 Years, 4 Months",37,35430.3,2,0.53,0.72,0.63,1,1,0,0,0,63268.4,0
6581,15673074,Obidimkpa,National Service Excellence Specialist- Air Logistics,01/10/1971,26/09/2018,,White Collar,Permanent,Full Time,Flex and Fixed,Active,Medium,Female,51,"4 Years, 2 Months",4,34576.13,2,0.27,0.52,0.82,1,0,1,1,1,36016.8,0
6582,15598744,Ch'ang,Gateway & Procurement Specialist - Air Logistics,16/05/1977,14/03/2014,22/06/2015,Blue Collar,Permanent,Full Time,Fixed,Voluntarily Terminated,High,Female,45,"1 Years, 3 Months",1,29882.908,2,0.57,0.99,0.54,2,0,1,1,1,33957.85,1
6583,15785975,Mason,Customer Servce Administrative Officer,09/05/1973,23/05/2020,,Blue Collar,Permanent,Full Time,Fixed,Active,High,Female,49,"2 Years, 6 Months",2,33425.03,3,0.08,0.15,0.68,1,0,1,0,1,36331.55,0
6584,15613180,Miranda,Forklift Operator,29/08/2001,13/12/2016,,Blue Collar,Temporary,Full Time,Fixed,Active,Low,Male,21,"6 Years, 0 Months",6,22223.34,4,0.87,0.79,0.94,1,0,1,1,1,24692.6,0
6585,15584229,Simon,Human Resoruces Coordinator,24/01/1963,31/08/1993,,White Collar,Permanent,Full Time,Fixed,Active,High,Female,60,"29 Years, 3 Months",29,28291.44,4,0.22,0.19,0.91,3,0,1,1,1,32518.9,0
6586,15773804,Golubeva,Trucking Team Leader- Air Logistics,30/10/1969,24/09/2020,,White Collar,Permanent,Full Time,Fixed,Active,Medium,Male,53,"2 Years, 2 Months",2,42296.8,3,0.29,0.59,0.62,0,0,0,1,0,42296.8,0
6587,15699515,Manfrin,Transport Controller,07/06/1961,04/06/2014,,Blue Collar,Temporary,Full Time,Fixed,Active,Medium,Male,61,"8 Years, 6 Months",8,23119.09,3,0.09,0.15,0.74,3,0,1,1,1,25129.45,0
6588,15705313,Stange,Perishable Customer Care Team Leader - Air Logistics,08/04/1982,19/12/2018,,White Collar,Permanent,Full Time,Fixed,Active,Medium,Female,40,"3 Years, 11 Months",3,40092.46,3,0.44,0.75,0.72,2,0,1,1,1,42651.55,0
6589,15693817,Ferrari,Project Manager,02/08/1983,15/08/2022,,White Collar,Permanent,Full Time,Flex and Fixed,Active,Low,Male,39,"0 Years, 4 Months",0,44274.7,4,0.15,0.47,0.71,0,1,0,1,0,44274.7,0
6590,15673790,Taylor,BI Developer,22/09/1978,04/12/2018,,White Collar,Permanent,Full Time,Flex and Fixed,Active,High,Male,44,"4 Years, 0 Months",4,55962.13,4,0.71,0.64,0.64,2,1,1,0,1,60828.4,0
6591,15674868,Wei,Accountant,21/10/1974,30/01/2012,,White Collar,Permanent,Full Time,Fixed,Active,Low,Female,48,"10  Years, 10 Months",10,26470.91,3,0.49,0.66,0.76,1,1,1,1,1,32680.14,0
6592,15692110,Ch'eng,Internal Trainer,06/02/1974,02/06/2019,,White Collar,Permanent,Full Time,Fixed,Active,Medium,Female,49,"3 Years, 6 Months",3,32312.84,4,0.29,0.8,0.91,2,0,0,1,0,35903.15,0
6593,15645904,Parsons,Aerospace International Logistics Specialist,06/12/1985,05/08/2018,,Blue Collar,Permanent,Full Time,Fixed,Active,Low,Female,37,"4 Years, 4 Months",4,32389.44,4,0.29,0.82,0.52,1,0,1,0,0,34827.35,0
6594,15581332,Pan,Analyst Programmer ,21/09/1978,28/01/2021,,White Collar,Permanent,Full Time,Flex and Fixed,Active,High,Female,44,"1  Years, 10 Months",1,59178.9,4,0.88,0.8,0.98,0,1,1,1,1,59178.9,0
6595,15808544,Cameron,Network Engineer,14/01/1987,11/10/2012,18/01/2018,White Collar,Permanent,Full Time,Flex and Fixed,Voluntarily Terminated,Medium,Female,36,"10  Years, 2 Months",10,53881.75,2,0.18,0.98,0.98,9,1,0,0,1,65709.45,1
6596,15734948,Igwebuike,Perishable Warehouse Specialist - Air Logistics,06/10/1991,12/12/2013,,Blue Collar,Permanent,Full Time,Fixed,Active,Low,Male,31,"9 Years, 0 Months",9,30374.5,3,0.59,0.95,0.96,2,0,0,0,0,35734.7,0
6597,15654531,Tuan,Operations Specialist,15/09/2000,11/12/2021,16/12/2022,Blue Collar,Permanent,Full Time,Fixed,Voluntarily Terminated,Medium,Male,22,"1  Years, 0 Months",1,31923.5,1,0.29,0.88,0.61,4,0,0,0,1,33253.65,1
6598,15637774,Fraser,Sea Logistics Pricing Coordinator,09/09/1995,27/09/1998,,White Collar,Permanent,Full Time,Fixed,Active,High,Male,27,"24  Years, 2 Months",24,25938.58,3,0.28,0.9,0.97,5,0,0,0,0,32833.65,0
6599,15677141,Turnbull,Perishable Warehouse Specialist - Air Logistics,30/01/1981,29/09/2022,,Blue Collar,Permanent,Full Time,Fixed,Active,Medium,Male,42,"0 Years, 2 Months",0,33933.65,3,0.13,0.66,0.83,0,0,1,1,0,33933.65,0
6600,15739578,Chiazagomekpere,Cloud Service Analyst,25/12/1978,07/01/2018,24/02/2018,White Collar,Permanent,Full Time,Flex and Fixed,Voluntarily Terminated,Medium,Male,44,"0 Years, 1 Months",0,54539.584,3,0.26,0.43,0.62,2,1,0,1,0,61976.8,1
6601,15697360,Yudina,Business Analyst,13/06/1983,04/06/2019,08/12/2022,White Collar,Permanent,Full Time,Flex and Fixed,Voluntarily Terminated,Medium,Female,39,"3 Years, 6 Months",3,44916.88,2,0.12,0.49,0.95,5,1,1,0,1,50468.4,1
6602,15655213,Udinese,Perishable Customer Care Team Leader - Air Logistics,08/06/1983,01/01/2009,07/07/2017,White Collar,Permanent,Full Time,Fixed,Voluntarily Terminated,High,Female,39,"13  Years, 11 Months",13,41894.61,2,0.37,0.42,0.95,5,0,1,1,1,43640.22,1
6603,15580872,Chinweike,Accountant,12/06/1973,24/04/2019,,White Collar,Permanent,Full Time,Fixed,Active,Medium,Female,49,"3 Years, 7 Months",3,34050.06,4,0.28,1,0.63,1,1,0,1,0,35103.15,0
6604,15683213,Bergamaschi,Network Engineer,17/07/1980,14/03/2016,,White Collar,Permanent,Full Time,Flex and Fixed,Active,High,Female,42,"6 Years, 9 Months",6,65135.04,4,0.84,0.46,0.38,3,1,1,0,0,69292.6,0
6605,15801188,Milliner,Perishable Warehouse Specialist - Air Logistics,03/04/1994,20/10/2014,,Blue Collar,Permanent,Full Time,Fixed,Active,High,Female,28,"8 Years, 1 Months",8,30922.63,4,0.08,0.19,0.85,2,0,1,0,1,33611.55,0
6606,15645029,Knowles,National Service Excellence Specialist- Air Logistics,08/03/1955,29/03/2010,,White Collar,Permanent,Full Time,Flex and Fixed,Active,Medium,Female,68,"12 Years, 8 Months",12,28893.14,3,0.97,0.73,0.6,2,0,0,1,0,32464.2,0
6607,15633181,Swinton,Sales Specialist-Air Logitics ,10/04/2003,21/10/2021,,Blue Collar,Permanent,Full Time,Fixed,Active,Low,Male,19,"1  Years, 1 Months",1,33050.35,3,0.16,0.63,0.5,1,0,1,0,1,35159.95,0
6608,15598259,Gregory,Stock Investigator & Analyst,31/12/1979,06/04/2018,,White Collar,Permanent,Full Time,Flex and Fixed,Active,High,Female,43,"4 Years, 8 Months",4,45124.07,3,0.3,0.68,0.89,1,1,0,1,0,50137.85,0
6609,15576000,Chibueze,Sales Account Manager,10/09/1970,18/05/2022,,White Collar,Permanent,Full Time,Fixed,Active,Medium,Male,52,"0 Years, 7 Months",0,37670.5,4,0.84,0.78,0.96,0,1,1,1,1,37670.5,0
6610,15766047,Sukhorukova,Sea Logiscitcs Customer Care Specialist ,12/12/1996,02/03/2016,,Blue Collar,Permanent,Full Time,Fixed,Active,High,Female,26,"6 Years, 9 Months",6,33388.36,2,0.27,0.79,0.56,2,0,1,1,0,36690.5,0
6611,15596339,French,Gateway & Procurement Specialist - Air Logistics,13/01/1981,07/08/2019,,Blue Collar,Permanent,Full Time,Fixed,Active,Medium,Male,42,"3 Years, 4 Months",3,32359.15,3,0.44,0.86,0.99,3,0,1,0,1,33359.95,0
6612,15715199,Estrada,Business Development Manager,14/06/1985,15/06/2021,,White Collar,Permanent,Full Time,Flex and Fixed,Active,Low,Male,37,"1 Years, 6 Months",1,48697.03,3,0.17,0.98,0.53,1,1,1,0,1,52931.55,0
6613,15615938,Fleming,National Air Logistics Gateway Trade Lane Specialist,09/01/1960,05/05/2013,,White Collar,Permanent,Full Time,Fixed,Active,Low,Female,63,"9 Years, 7 Months",9,31309.03,2,0.3,0.89,0.79,2,0,1,0,1,34031.55,0
6614,15679991,Kennedy,National Service Excellence Specialist- Air Logistics,22/04/1986,24/04/2016,,White Collar,Permanent,Full Time,Flex and Fixed,Active,Low,Female,36,"6 Years, 7 Months",6,31126.55,3,0.95,0.86,0.87,2,0,1,0,1,34973.65,0
6615,15626135,Combes,Customer Servce Administrative Officer,07/12/1983,08/07/2022,,Blue Collar,Permanent,Full Time,Fixed,Active,Low,Male,39,"0 Years, 5 Months",0,33639.95,1,0.4,0.65,0.83,0,0,0,1,0,33639.95,0
6616,15792934,Carruthers,Data Analyst,25/02/1989,01/10/2022,,White Collar,Permanent,Full Time,Flex and Fixed,Active,Low,Male,34,"0 Years, 2 Months",0,45392.6,3,0.85,0.52,0.98,0,1,0,0,0,45392.6,0
6617,15744046,Andrejew,Stock Investigator & Analyst,26/06/1985,12/05/2003,,White Collar,Permanent,Full Time,Flex and Fixed,Active,Medium,Male,37,"19 Years, 7 Months",19,42839.96,2,0.45,0.54,0.65,9,1,1,1,1,50399.95,0
6618,15700826,Ko,Warehouse Specialist - Air Logistics,08/08/1971,06/04/2019,,Blue Collar,Temporary,Full Time,Fixed,Active,High,Female,51,"3 Years, 8 Months",3,22511.34,4,0.4,0.68,0.73,1,0,1,0,1,25012.6,0
6619,15756301,Daniels,Perishable Customer Care Team Leader - Air Logistics,13/10/1991,12/02/2015,,White Collar,Permanent,Full Time,Fixed,Active,Low,Female,31,"7 Years, 10 Months",7,36803.34,2,0.36,0.88,0.65,3,0,1,0,1,40892.6,0
6620,15586517,Toscano,Pricing Analyst,02/02/1970,27/08/1996,,White Collar,Permanent,Full Time,Flex and Fixed,Active,Low,Male,53,"26 Years, 3 Months",26,43760.84,3,0.2,0.75,0.85,2,1,1,1,1,48623.15,0
6621,15751297,Wilson,Stock Investigator & Analyst,06/05/1980,18/03/2020,,White Collar,Permanent,Full Time,Flex and Fixed,Active,Medium,Male,42,"2 Years, 9 Months",2,50189.38,4,0.3,0.17,0.93,1,1,0,1,0,51213.65,0
6622,15710365,Thomson,Sales Account Manager,17/02/1981,12/12/2015,12/10/2020,White Collar,Permanent,Full Time,Fixed,Voluntarily Terminated,High,Male,42,"4 Years, 10 Months",4,34342.62,3,0.09,0.42,0.83,4,1,0,1,0,36534.7,1
6623,15679307,Kazantseva,Gateway & Procurement Team Leader- Air Logistics,25/09/1972,28/08/2016,,White Collar,Permanent,Full Time,Fixed,Active,Medium,Female,50,"6 Years, 3 Months",6,40975.07,4,0.85,0.79,0.66,3,0,1,0,1,43590.5,0
6624,15610753,Cremonesi,Human Resoruces Coordinator,09/02/1982,12/10/2022,,White Collar,Permanent,Full Time,Fixed,Active,Low,Male,41,"0 Years, 2 Months",0,31999.95,4,0.26,0.52,0.66,0,0,1,1,0,31999.95,0
6625,15811036,Ferri,Operations Specialist,15/06/1988,02/07/2016,,Blue Collar,Permanent,Full Time,Fixed,Active,Low,Male,34,"6 Years, 5 Months",6,31187.19,2,0.2,0.95,0.73,2,0,1,0,0,35847.35,0
6626,15610912,Ferri,Trucking Specialist - Air Logistics,11/02/1982,17/02/2022,,Blue Collar,Permanent,Full Time,Fixed,Active,Low,Female,41,"0 Years, 10 Months",0,33438.9,4,0.47,0.72,0.49,0,0,0,1,0,33438.9,0
6627,15619932,Lombardi,Network Engineer,31/07/1961,22/05/1984,,White Collar,Permanent,Full Time,Flex and Fixed,Active,Medium,Male,61,"38 Years, 6 Months",38,61149.61,2,0.29,0.4,0.41,1,1,1,0,1,71104.2,0
6628,15746199,Eluemuno,Gateway & Procurement Team Leader- Air Logistics,15/08/1991,25/06/2013,07/05/2016,White Collar,Permanent,Full Time,Fixed,Voluntarily Terminated,Low,Female,31,"2 Years, 10 Months",2,36357.82,1,0.35,0.61,0.59,4,0,1,1,1,39953.65,1
6629,15584967,Chiganu,Material Handler ,28/06/2004,17/06/2022,,Blue Collar,Temporary,Full Time,Fixed,Active,Medium,Male,18,"0 Years, 6 Months",0,25066.3,3,0.56,0.49,0.97,0,0,1,1,1,25066.3,0
6630,15734365,Hsueh,Senior DevOps Engineer,12/04/1979,27/04/2015,,White Collar,Permanent,Full Time,Flex and Fixed,Active,Medium,Male,43,"7 Years, 7 Months",7,59985.11,2,0.09,0.32,0.55,3,1,1,0,1,68948.4,0
6631,15726960,O'Brien,Inside Sales Executive/ Account Manager,10/08/1991,30/08/2016,,White Collar,Permanent,Full Time,Flex and Fixed,Active,Medium,Female,31,"6 Years, 3 Months",6,31741.14,2,0.79,0.82,0.77,2,1,1,1,1,35664.2,0
6632,15665177,Booth,Project Coordinator,31/03/1969,10/12/2010,,White Collar,Permanent,Full Time,Fixed,Active,High,Male,53,"12  Years, 0 Months",12,32873.08,4,0.89,0.9,0.79,3,0,1,0,1,35271.55,0
6633,15779915,O'Loghlin,Account Manager ,11/07/1966,26/07/1996,,White Collar,Permanent,Full Time,Fixed,Active,Low,Male,56,"26 Years, 4 Months",26,28772.85,1,0.11,0.95,0.74,1,1,0,1,0,33456.8,0
6634,15729110,Lavrov,Sea Logistics Pricing Coordinator,23/02/1970,28/01/2016,03/04/2018,White Collar,Permanent,Full Time,Fixed,Voluntarily Terminated,Medium,Female,53,"2 Years, 2 Months",2,32773.26,3,0.14,0.55,0.6,5,0,0,1,0,33442.1,1
6635,15575399,Somadina,National Perishable Air Logistics Development Manager Seafood,07/03/1981,04/08/2022,,White Collar,Permanent,Full Time,Flex and Fixed,Active,High,Female,42,"0 Years, 4 Months",0,33561.05,3,0.19,0.91,0.78,0,1,0,1,0,33561.05,0
6636,15678374,Colombo,Perishable Customer Care Team Leader - Air Logistics,29/06/1980,01/02/2022,,White Collar,Permanent,Full Time,Fixed,Active,Medium,Female,42,"0 Years, 10 Months",0,39417.85,3,0.26,0.45,0.41,0,0,1,1,1,39417.85,0
6637,15792679,Troupe,Accounts Payable,18/04/1990,22/09/2016,,White Collar,Permanent,Full Time,Fixed,Active,High,Male,32,"6 Years, 2 Months",6,29904.83,3,0.9,0.65,0.6,2,1,1,1,1,32505.25,0
6638,15668767,Kenenna,Perishable Warehouse Specialist - Air Logistics,15/03/1992,16/02/2020,,Blue Collar,Permanent,Full Time,Fixed,Active,High,Male,30,"2 Years, 10 Months",2,29637.43,1,0.27,0.88,0.89,2,0,0,1,0,33678.9,0
6639,15761886,Franklin,National Perishable Air Logistics Development Manager Retail,16/09/2000,03/12/2013,,White Collar,Permanent,Full Time,Flex and Fixed,Active,Low,Male,22,"9 Years, 0 Months",9,28575.57,3,0.3,0.78,0.76,1,1,1,1,1,34428.4,0
6640,15583076,Deleon,Accountant,10/10/1990,25/01/2013,,White Collar,Permanent,Full Time,Fixed,Active,Low,Male,32,"9 Years, 10 Months",9,28827.83,4,0.68,0.77,0.71,3,1,0,1,0,32758.9,0
6641,15815615,Kung,Cloud Service Analyst,01/01/1970,19/04/2015,,White Collar,Permanent,Full Time,Flex and Fixed,Active,Medium,Male,53,"7 Years, 7 Months",7,54215.02,4,0.68,0.32,0.75,1,1,1,1,1,60915.75,0
6642,15591942,Zito,BI Developer,06/08/1982,30/04/1992,,White Collar,Permanent,Full Time,Flex and Fixed,Active,Low,Female,40,"30 Years, 7 Months",30,59661.51,4,0.5,0.98,0.38,3,1,1,1,1,65562.1,0
6643,15724924,Giordano,Revenue Care Specialist- Air Logistics,25/01/1980,19/10/2015,,White Collar,Permanent,Full Time,Fixed,Active,Low,Female,43,"7 Years, 1 Months",7,38003.02,3,0.52,0.51,0.76,2,1,1,0,1,43185.25,0
6644,15762123,Davide,Sales Account Manager,11/08/1978,16/10/2019,,White Collar,Permanent,Full Time,Fixed,Active,Low,Female,44,"3 Years, 2 Months",3,30724.67,2,0.09,0.81,0.59,1,1,0,1,0,34522.1,0
6645,15567893,Lei,Regional Air logistics Trainer Specialist,06/09/1985,09/08/2014,,White Collar,Permanent,Full Time,Fixed,Active,Medium,Male,37,"8 Years, 4 Months",8,30393.28,4,0.29,0.64,0.9,2,0,0,1,0,35756.8,0
6646,15648989,Moss,Cloud Service Analyst,27/11/1978,17/03/2021,,White Collar,Permanent,Full Time,Flex and Fixed,Active,Medium,Male,44,"1  Years, 9 Months",1,58603.15,1,0.18,0.73,0.94,0,1,0,1,0,58603.15,0
6647,15662021,Lucciano,Operations Specialist,06/07/1996,04/10/2017,,Blue Collar,Permanent,Full Time,Fixed,Active,High,Female,26,"5 Years, 2 Months",5,32146.73,1,0.68,0.49,0.56,1,0,0,0,0,34942.1,0
6648,15691627,Tai,Gateway & Procurement Team Leader- Air Logistics,27/01/1995,07/10/2016,,White Collar,Permanent,Full Time,Fixed,Active,Low,Female,28,"6 Years, 2 Months",6,40127.1,4,0.3,0.84,0.54,3,0,1,1,1,42688.4,0
6649,15731751,Osinachi,Project Manager,10/05/1959,19/10/2014,,White Collar,Permanent,Full Time,Flex and Fixed,Active,High,Female,63,"8 Years, 1 Months",8,41859.77,2,0.25,0.81,0.86,2,1,1,0,1,45010.5,0
6650,15635277,Coates,Pricing Analyst,27/02/1967,08/06/2007,,White Collar,Permanent,Full Time,Flex and Fixed,Active,Medium,Male,56,"15 Years, 6 Months",15,42687.88,1,0.29,0.77,0.5,2,1,0,1,0,50818.9,0
6651,15655252,Larionova,Technical Support Engineer,12/03/1991,12/09/2020,,White Collar,Permanent,Full Time,Flex and Fixed,Active,Medium,Male,31,"2 Years, 3 Months",2,57422.11,3,0.29,0.24,0.83,1,1,1,1,1,61744.2,0
6652,15803941,Seleznev,Gateway & Procurement Team Leader- Air Logistics,24/07/1998,23/11/2020,,White Collar,Permanent,Full Time,Fixed,Active,Low,Male,24,"2 Years, 0 Months",2,40598.87,2,0.5,0.77,0.78,1,0,0,0,0,43654.7,0
6653,15714380,Butcher,National Air Logistics Transport Manager,24/12/1972,02/11/2019,,White Collar,Permanent,Full Time,Flex and Fixed,Active,Low,Male,50,"3 Years, 1 Months",3,67780.5,3,0.17,0.13,0.88,3,1,0,0,0,69876.8,0
6654,15666559,Gould,National Perishable Air Logistics Development Manager Seafood,30/10/1995,23/10/2014,,White Collar,Permanent,Full Time,Flex and Fixed,Active,High,Male,27,"8 Years, 1 Months",8,27417.39,2,0.49,0.94,0.66,1,1,1,1,1,32255.75,0
6655,15799998,Cunningham,Accounts Payable,15/08/1958,20/04/2021,,White Collar,Permanent,Full Time,Fixed,Active,Low,Female,64,"1  Years, 7 Months",1,31964.94,3,0.3,0.61,0.82,1,1,0,0,0,34005.25,0
6656,15703763,Sanderson,National Perishable Air Logistics Development Manager Seafood,17/05/1970,16/01/2019,,White Collar,Permanent,Full Time,Flex and Fixed,Active,Medium,Male,52,"3 Years, 11 Months",3,30645.01,2,0.27,0.95,0.49,1,1,1,1,1,34432.6,0
6657,15795640,Mai,Aerospace International Logistics Specialist,20/07/1961,27/01/2015,,Blue Collar,Permanent,Full Time,Fixed,Active,High,Female,61,"7 Years, 10 Months",7,34246.35,2,0.83,0.22,0.92,2,0,0,0,0,34945.25,0
6658,15780056,Reid,Business Analyst,20/10/1983,08/09/2017,,White Collar,Permanent,Full Time,Flex and Fixed,Active,Medium,Male,39,"5 Years, 3 Months",5,45189.17,4,0.27,0.65,0.56,2,1,0,1,0,48590.5,0
6659,15777873,Downer,Analyst Programmer ,12/01/1959,28/05/2011,,White Collar,Permanent,Full Time,Flex and Fixed,Active,Medium,Female,64,"11  Years, 6 Months",11,47594.52,4,0.55,0.95,0.67,4,1,0,0,0,58042.1,0
6660,15584749,Humphries,Gateway & Procurement Specialist - Air Logistics,05/03/1998,11/11/2012,,Blue Collar,Permanent,Full Time,Fixed,Active,Medium,Male,25,"10  Years, 1 Months",10,28942.52,3,0.29,0.98,0.62,2,0,0,1,0,35295.75,0
6661,15765258,Bochsa,Java Software Engineer ,28/09/1985,25/02/2003,,White Collar,Permanent,Full Time,Flex and Fixed,Active,Low,Female,37,"19 Years, 9 Months",19,64023.15,3,0.22,0.88,0.72,5,1,1,1,1,68842.1,0
6662,15623346,Czajkowski,Internal Trainer,11/04/1979,19/06/2020,,White Collar,Permanent,Full Time,Fixed,Active,Medium,Male,43,"2 Years, 5 Months",2,33628.39,3,0.55,0.94,0.69,1,0,0,1,0,36552.6,0
6663,15614054,Pankhurst,Gateway & Procurement Specialist - Air Logistics,01/12/1999,24/06/2008,,Blue Collar,Permanent,Full Time,Fixed,Active,High,Male,23,"14 Years, 5 Months",14,28915.83,4,0.47,0.62,0.75,1,0,1,0,1,32858.9,0
6664,15766185,She,Pricing Analyst,04/06/1980,24/08/2014,,White Collar,Permanent,Full Time,Flex and Fixed,Active,Low,Male,42,"8 Years, 3 Months",8,43204.14,2,0.51,0.81,0.96,2,1,1,1,1,50828.4,0
6665,15667632,Birdseye,Customer Care Specialist-Key Accounts,20/02/1985,14/04/2021,,White Collar,Permanent,Full Time,Fixed,Active,High,Female,38,"1  Years, 8 Months",1,33102.99,1,0.89,0.56,0.51,1,0,1,0,1,34845.25,0
6666,15599024,Hope,Gateway & Procurement Specialist - Air Logistics,28/02/1995,15/07/2013,,Blue Collar,Permanent,Full Time,Fixed,Active,Medium,Male,28,"9 Years, 5 Months",9,29824.06,2,0.27,0.52,0.86,3,0,1,0,1,35932.6,0
6667,15798709,Gill,Warehouse Quality Control Specialist - Air Logistics,20/05/1963,29/03/2020,,Blue Collar,Permanent,Full Time,Fixed,Active,Medium,Male,59,"2 Years, 8 Months",2,25094.33,3,0.52,0.88,0.57,1,0,1,0,1,26983.15,0
6668,15741921,Moon,Sea Logistics Pricing Coordinator,03/12/1981,11/01/2021,,White Collar,Permanent,Full Time,Fixed,Active,Low,Female,41,"1  Years, 11 Months",1,29535.79,4,0.81,0.56,0.92,1,0,1,1,1,31421.05,0
6669,15793671,Watt,Gateway & Procurement Specialist - Air Logistics,28/05/1973,19/09/2017,,Blue Collar,Permanent,Full Time,Fixed,Active,Low,Male,49,"5 Years, 2 Months",5,28300.76,1,0.95,0.36,0.63,1,0,0,1,0,32159.95,0
6670,15797900,Chinomso,Inside Sales Executive/ Account Manager,03/07/1957,20/05/1987,26/11/2020,White Collar,Permanent,Full Time,Flex and Fixed,Terminated for Cause,High,Male,65,"33 Years, 6 Months",33,22234.71,1,0.44,0.56,0.85,4,1,0,0,1,37057.85,1
6671,15667932,Bellucci,Business Analyst,28/05/1981,29/08/2021,,White Collar,Permanent,Full Time,Flex and Fixed,Active,Medium,Female,41,"1  Years, 3 Months",1,47789.81,2,0.57,0.89,0.46,1,1,1,1,1,49781.05,0
6672,15795933,Barese,Sales Specialist-Air Logitics ,22/05/2003,28/01/2020,,Blue Collar,Permanent,Full Time,Fixed,Active,Low,Female,19,"2 Years, 10 Months",2,32638.66,4,0.27,0.95,0.42,1,0,1,1,1,35476.8,0
6673,15660403,Fleming,Gateway & Procurement Specialist - Air Logistics,02/12/1994,21/12/2019,,Blue Collar,Permanent,Full Time,Fixed,Active,High,Female,28,"2 Years, 11 Months",2,32390.52,4,0.66,0.48,0.52,2,0,1,0,1,33051.55,0
6674,15736299,Bell,Inventory Clerk,15/05/2003,23/08/2021,,Blue Collar,Temporary,Full Time,Fixed,Active,Medium,Female,19,"1  Years, 3 Months",1,26886.3,3,0.1,0.75,0.75,0,0,0,0,0,26886.3,0
6675,15759034,Li Fonti,National Perishable Air Logistics Development Manager Retail,08/02/1990,25/05/2014,,White Collar,Permanent,Full Time,Flex and Fixed,Active,Medium,Male,33,"8 Years, 6 Months",8,30741.19,2,0.22,0.65,0.54,1,1,0,1,0,35334.7,0
6676,15724663,Christmas,Perishable Warehouse Specialist - Air Logistics,17/12/1988,22/02/2022,,Blue Collar,Permanent,Full Time,Fixed,Active,Medium,Female,34,"0 Years, 9 Months",0,35930.5,3,0.15,0.4,0.86,0,0,0,0,0,35930.5,0
6677,15594556,Chuter,Material Handler ,19/10/2002,19/02/2022,,Blue Collar,Temporary,Full Time,Fixed,Active,Medium,Male,20,"0 Years, 9 Months",0,28036.8,4,0.3,0.52,0.53,0,0,1,1,1,28036.8,0
6678,15737169,Johnson,Warehouse Shift Team Leader Healthcare- Air Logistics,30/08/1980,09/05/2022,,White Collar,Permanent,Full Time,Fixed,Active,Low,Male,42,"0 Years, 7 Months",0,43154.7,3,0.73,0.52,0.68,0,0,1,1,1,43154.7,0
6679,15632472,Scott,Apprentice,16/01/2003,11/03/2022,,Blue Collar,Apprentice,Full Time,Fixed,Active,Medium,Female,20,"0 Years, 9 Months",0,23664.2,3,0.09,0.68,0.49,0,0,1,1,1,23664.2,0
6680,15722813,Byrne,National Perishable Air Logistics Development Manager Seafood,17/02/1981,26/10/2016,,White Collar,Permanent,Full Time,Flex and Fixed,Active,High,Male,42,"6 Years, 1 Months",6,33552.96,3,0.68,0.72,0.61,2,1,0,1,0,37699.95,0
6681,15588450,Chukwudi,Perishable Customer Care Team Leader - Air Logistics,14/03/1991,17/06/2013,,White Collar,Permanent,Full Time,Fixed,Active,Medium,Female,31,"9 Years, 6 Months",9,37674.16,4,0.29,0.78,0.72,1,0,1,1,1,42811.55,0
6682,15736717,Ma,Inside Sales Executive/ Account Manager,27/01/1961,16/01/2013,,White Collar,Permanent,Full Time,Flex and Fixed,Active,High,Male,62,"9 Years, 11 Months",9,30531.24,4,0.98,0.54,0.9,1,1,1,1,1,32480.04,0
6683,15680683,Simmons,Sea Logistics Pricing Coordinator,21/10/1985,16/05/2014,,White Collar,Permanent,Full Time,Fixed,Active,Low,Male,37,"8 Years, 7 Months",8,31084.93,4,0.3,0.18,0.46,1,0,0,1,0,36570.5,0
6684,15710316,Fang,Sea Logistics Pricing Coordinator,22/01/1998,06/11/2012,,White Collar,Permanent,Full Time,Fixed,Active,Low,Female,25,"10  Years, 1 Months",10,25735.81,2,0.26,0.51,0.5,4,0,1,1,1,31772.6,0
6685,15746333,Blake,Data Engineer,20/09/1980,20/02/2013,26/10/2017,White Collar,Permanent,Full Time,Flex and Fixed,Voluntarily Terminated,High,Female,42,"4 Years, 8 Months",4,58172.52,2,0.42,0.63,0.86,4,1,0,1,1,70942.1,1
6686,15606861,Tien,National Perishable Air Logistics Development Manager Seafood,25/11/1968,23/08/2004,,White Collar,Permanent,Full Time,Flex and Fixed,Active,High,Male,54,"18 Years, 3 Months",18,32531.04,4,0.17,0.83,0.86,2,1,0,1,0,35748.4,0
6687,15641285,Yusupova,National Perishable Air Logistics Development Manager Retail,23/12/1959,31/07/1991,,White Collar,Permanent,Full Time,Flex and Fixed,Active,Low,Male,63,"31 Years, 4 Months",31,34746.35,1,0.55,0.91,0.82,2,1,1,0,1,36964.2,0
6688,15662908,Davidson,Internal Trainer,11/05/1990,13/03/2020,,White Collar,Permanent,Full Time,Fixed,Active,Medium,Male,32,"2 Years, 9 Months",2,31776.94,3,0.4,0.79,0.66,2,0,1,1,1,33805.25,0
6689,15814267,Zhdanova,National Perishable Air Logistics Development Manager Retail,06/04/1979,03/09/2017,,White Collar,Permanent,Full Time,Flex and Fixed,Active,High,Male,43,"5 Years, 3 Months",5,33651.45,4,0.11,0.52,0.95,1,1,1,1,1,37390.5,0
6690,15614923,Nielson,Sales Account Manager,31/08/1990,30/06/2020,,White Collar,Permanent,Full Time,Fixed,Active,High,Male,32,"2 Years, 5 Months",2,28870.47,1,0.27,0.83,0.94,1,1,1,0,1,32807.35,0
6691,15579223,Niu,Aerospace International Logistics Specialist,04/09/1981,24/09/2014,,Blue Collar,Permanent,Full Time,Fixed,Active,Medium,Male,41,"8 Years, 2 Months",8,29520.45,3,0.49,0.92,0.74,1,0,0,1,0,33931.55,0
6692,15651389,Kay,Data Engineer,27/12/1983,05/05/2019,,White Collar,Permanent,Full Time,Flex and Fixed,Active,Low,Male,39,"3 Years, 7 Months",3,62791.81,2,0.18,0.14,0.72,1,1,1,0,0,70552.6,0
6693,15677087,Green,Pricing Analyst,21/04/1962,22/12/1986,,White Collar,Permanent,Full Time,Flex and Fixed,Active,Medium,Female,60,"35 Years, 11 Months",35,48506.26,3,0.11,0.8,0.38,2,1,0,0,0,50527.35,0
6694,15665784,She,Pricing Analyst,01/04/1985,20/09/2017,,White Collar,Permanent,Full Time,Flex and Fixed,Active,High,Male,37,"5 Years, 2 Months",5,45058.73,3,0.29,0.79,0.72,2,1,0,1,0,50065.25,0
6695,15576706,Ajuluchukwu,Air Quality Manager healthcare,28/08/1981,17/02/2018,,White Collar,Permanent,Full Time,Flex and Fixed,Active,Medium,Male,41,"4 Years, 10 Months",4,63995.45,4,0.21,0.86,0.6,3,1,1,0,0,72722.1,0
6696,15615473,Sabbatini,Technical Support Engineer,22/03/1972,29/08/2012,,White Collar,Permanent,Full Time,Flex and Fixed,Active,Medium,Female,50,"10  Years, 3 Months",10,48952.11,4,0.22,0.95,0.47,5,1,0,0,0,60434.7,0
6697,15587299,Board,Aerospace International Logistics Specialist,21/02/1984,24/05/2018,,Blue Collar,Permanent,Full Time,Fixed,Active,Low,Female,39,"4 Years, 6 Months",4,29503.89,3,0.28,0.77,0.9,1,0,0,1,0,32782.1,0
6698,15655389,Leckie,Operations Specialist,05/01/2000,06/08/2020,,Blue Collar,Permanent,Full Time,Fixed,Active,Low,Male,23,"2 Years, 4 Months",2,32651.49,3,0.24,0.55,0.72,2,0,1,1,1,33317.85,0
6699,15784491,Ho,Pricing Analyst,17/08/1970,05/04/2019,,White Collar,Permanent,Full Time,Flex and Fixed,Active,Low,Female,52,"3 Years, 8 Months",3,44373.3,1,0.37,0.42,0.91,1,1,0,0,0,50424.2,0
6700,15809999,Gordon,Sales Specialist-Air Logitics ,10/06/2003,22/09/2021,,Blue Collar,Permanent,Full Time,Fixed,Active,Low,Female,19,"1  Years, 2 Months",1,32124.62,1,0.29,0.79,0.86,1,0,0,1,0,33463.15,0
6701,15681115,Iroawuchi,Perishable Operational Care Specialist - Air Logistics,13/08/1998,30/08/2013,,Blue Collar,Permanent,Full Time,Fixed,Active,Medium,Male,24,"9 Years, 3 Months",9,30534.11,4,0.95,0.41,0.48,1,0,1,1,1,34697.85,0
6702,15629390,Liao,Business Analyst,21/05/1979,04/05/2015,,White Collar,Permanent,Full Time,Flex and Fixed,Active,High,Male,43,"7 Years, 7 Months",7,43893.45,3,0.09,0.66,0.72,1,1,0,1,0,51038.9,0
6703,15792668,Hamilton,Forklift Operator,14/12/2002,28/01/2020,13/12/2020,Blue Collar,Temporary,Full Time,Fixed,Voluntarily Terminated,High,Male,20,"0 Years, 10 Months",0,22794.772,4,0.55,0.37,0.65,2,0,0,1,1,25903.15,1
6704,15583863,Chimaobim,Accounting Coordinator,10/06/1959,07/09/1984,29/12/2020,White Collar,Permanent,Full Time,Fixed,Terminated for Cause,Low,Male,63,"38  Years, 3 Months",38,21685.89,3,0.29,0.4,0.74,4,1,0,0,0,33884.2,1
6705,15681878,Fan,Finance Analyst,23/01/1964,13/01/2010,05/11/2016,White Collar,Permanent,Full Time,Flex and Fixed,Voluntarily Terminated,Low,Male,59,"6 Years, 9 Months",6,44886.29,2,0.44,0.51,0.99,5,1,1,1,1,48789.45,1
6706,15782875,Cayley,Gateway & Procurement Team Leader- Air Logistics,27/03/1984,26/09/2021,,White Collar,Permanent,Full Time,Fixed,Active,Medium,Male,38,"1  Years, 2 Months",1,36719.97,4,0.28,0.63,0.79,1,0,1,1,1,38652.6,0
6707,15732235,Kuykendall,Regional Air logistics Trainer Specialist,16/01/1996,30/06/2012,,White Collar,Permanent,Full Time,Fixed,Active,High,Male,27,"10  Years, 5 Months",10,28601.8,3,0.8,0.86,0.86,2,0,1,0,1,34880.24,0
6708,15735909,McDonald,Sales Specialist-Air Logitics ,21/02/2002,21/07/2002,31/01/2013,Blue Collar,Permanent,Full Time,Fixed,Terminated for Cause,High,Female,21,"20  Years, 4 Months",20,28295.12,4,0.27,0.4,0.98,5,0,0,1,0,34090.5,1
6709,15653448,Duncan,Human resources Manager,27/01/1968,18/07/2019,,White Collar,Permanent,Full Time,Flex and Fixed,Active,Medium,Male,55,"3 Years, 5 Months",3,61627.97,3,0.72,0.79,0.97,1,1,1,1,1,71660.43,0
6710,15587647,Browne,Gateway & Procurement Team Leader- Air Logistics,14/10/1998,16/09/2015,31/07/2019,White Collar,Permanent,Full Time,Fixed,Voluntarily Terminated,Medium,Female,24,"3 Years, 10 Months",3,39544.03,1,0.55,0.7,0.9,4,0,1,0,1,42520.46,1
6711,15701037,Barton,Stock Investigator & Analyst,04/07/1978,20/05/2013,,White Collar,Permanent,Full Time,Flex and Fixed,Active,Low,Male,44,"9 Years, 6 Months",9,38841.34,3,0.29,0.49,0.91,3,1,0,1,0,46796.8,0
6712,15727499,Boyle,Warehouse Quality Control Specialist - Air Logistics,15/07/1962,19/01/2021,,Blue Collar,Permanent,Full Time,Fixed,Active,High,Female,60,"1 Years, 10 Months",1,24205.25,2,0.53,0.76,0.62,0,0,0,0,0,24205.25,0
6713,15724838,Moretti,Customer Brokerage Specialist,23/11/1977,22/07/2018,,Blue Collar,Permanent,Full Time,Fixed,Active,Medium,Female,45,"4 Years, 4 Months",4,32141.15,3,0.2,0.89,0.52,2,1,0,1,0,36113.65,0
6714,15666711,Ukaegbulam,Perishable Warehouse Shift Manager - Air Logistics,27/04/1978,18/10/2018,,White Collar,Permanent,Full Time,Fixed,Active,Low,Female,44,"4 Years, 2 Months",4,58503.24,4,0.17,0.83,0.86,2,1,1,0,0,60940.87,0
6715,15588933,Nwankwo,Analyst Programmer ,10/04/1974,26/08/2022,,White Collar,Permanent,Full Time,Flex and Fixed,Active,Medium,Female,48,"0 Years, 3 Months",0,60025.25,3,0.75,0.19,0.69,0,1,1,1,1,60025.25,0
6716,15763111,Niu,Cloud Service Analyst,17/06/1977,28/05/2022,,White Collar,Permanent,Full Time,Flex and Fixed,Active,High,Female,45,"0 Years, 6 Months",0,63649.45,3,0.25,0.68,0.67,0,1,1,0,1,63649.45,0
6717,15805676,Hsu,Senior DevOps Engineer,08/03/1957,16/03/1997,,White Collar,Permanent,Full Time,Flex and Fixed,Active,Low,Male,66,"25 Years, 9 Months",25,45060.73,2,0.13,0.62,0.68,2,1,0,1,0,69324.2,0
6718,15586674,Shaw,Cloud Service Analyst,27/04/1990,25/02/2016,20/05/2017,White Collar,Permanent,Full Time,Flex and Fixed,Voluntarily Terminated,Low,Female,32,"1 Years, 2 Months",1,52916.688,1,0.28,0.35,0.49,2,1,1,0,1,60132.6,1
6719,15744553,Ho,Customer Servce Administrative Officer,23/05/1986,04/05/2017,,Blue Collar,Permanent,Full Time,Fixed,Active,High,Male,36,"5 Years, 7 Months",5,34292.49,4,0.56,0.66,0.75,1,0,0,1,0,36873.65,0
6720,15776629,Christie,Air Logistics Support Manager,27/06/1991,16/08/2015,,White Collar,Permanent,Full Time,Flex and Fixed,Active,Low,Female,31,"7 Years, 4 Months",7,63739.22,1,0.41,0.37,0.41,2,1,0,0,0,68536.8,0
6721,15647207,Onwuemelie,Regional Air logistics Trainer Specialist,24/11/1963,25/04/2003,,White Collar,Permanent,Full Time,Fixed,Active,High,Male,59,"19 Years, 7 Months",19,32944.46,4,0.86,0.57,0.49,3,0,0,1,0,33616.8,0
6722,15715638,Ch'ang,Business Development Executive,24/12/1984,04/06/2013,,White Collar,Permanent,Full Time,Flex and Fixed,Active,High,Male,38,"9 Years, 6 Months",9,36130.84,1,0.24,0.66,0.81,2,0,1,0,1,42012.6,0
6723,15750602,Clendinnen,National Service Excellence Specialist- Air Logistics,25/02/1992,09/09/2017,,White Collar,Permanent,Full Time,Flex and Fixed,Active,Medium,Male,31,"5 Years, 3 Months",5,31826.84,1,0.26,0.63,0.88,2,0,0,1,0,35363.15,0
6724,15766810,Onyemauchechi,Inside Sales Executive/ Account Manager,29/01/1971,26/11/2014,,White Collar,Permanent,Full Time,Flex and Fixed,Active,High,Female,52,"8 Years, 0 Months",8,31886.35,1,0.83,0.65,0.96,3,1,1,0,1,35039.95,0
6725,15756625,Crawford,Business Development Manager,01/08/1984,29/08/2020,25/06/2022,White Collar,Permanent,Full Time,Flex and Fixed,Voluntarily Terminated,Low,Female,38,"1 Years, 9 Months",1,47262.468,2,0.28,0.33,0.85,2,1,0,1,1,53707.35,1
6726,15639552,Mellor,Perishable Customer Care Team Leader - Air Logistics,24/05/1980,17/07/2022,,White Collar,Permanent,Full Time,Fixed,Active,Medium,Female,42,"0 Years, 5 Months",0,43387.35,4,0.3,0.66,0.57,0,0,0,0,0,43387.35,0
6727,15633213,Rizzo,National Air Logistics Pharma Compliance Specialist,22/08/1996,31/08/2019,06/11/2021,Blue Collar,Permanent,Full Time,Fixed,Voluntarily Terminated,Medium,Male,26,"2 Years, 2 Months",2,32553.66,2,0.54,0.43,0.95,4,0,0,0,0,34631.55,1
6728,15610416,Christie,Perishable Warehouse Shift Manager - Air Logistics,19/07/1986,24/05/2017,05/08/2017,White Collar,Permanent,Full Time,Fixed,Voluntarily Terminated,High,Female,36,"0 Years, 2 Months",0,55086.108,2,0.28,0.4,0.85,2,1,0,1,0,62597.85,1
6729,15715208,Watkins,Trucking Specialist - Air Logistics,25/11/1979,01/10/2019,,Blue Collar,Permanent,Full Time,Fixed,Active,Medium,Female,43,"3 Years, 2 Months",3,31660.07,1,0.98,0.49,0.51,1,0,1,1,0,35177.85,0
6730,15619608,Ojiofor,National Service Excellence Specialist- Air Logistics,18/12/1963,15/02/1996,30/03/2016,White Collar,Permanent,Full Time,Flex and Fixed,Voluntarily Terminated,Medium,Female,59,"26  Years, 10 Months",26,27717.6,2,0.53,0.35,0.8,4,0,0,1,0,33394.7,1
6731,15628697,Tung,Accounts Payable,03/03/1974,29/10/2013,,White Collar,Permanent,Full Time,Fixed,Active,Medium,Male,49,"9 Years, 1 Months",9,28740.19,2,0.85,0.17,0.49,2,1,1,0,1,33034.7,0
6732,15643826,McKay,National Service Excellence Specialist- Air Logistics,18/05/1963,27/08/2002,,White Collar,Permanent,Full Time,Flex and Fixed,Active,Medium,Male,59,"20 Years, 3 Months",20,29939.88,2,0.52,0.55,0.46,3,0,1,1,1,34413.65,0
6733,15718588,Meng,Software Engineer,06/01/1964,10/02/2014,,White Collar,Permanent,Full Time,Flex and Fixed,Active,Medium,Female,59,"8 Years, 10 Months",8,57800.82,3,0.98,0.91,0.71,2,1,0,0,0,68810.5,0
6734,15709741,Hussain,Assistance Sales Manager,08/07/1985,28/07/2015,,Blue Collar,Permanent,Full Time,Fixed,Active,Medium,Male,37,"7 Years, 4 Months",7,30503.55,3,0.48,0.96,0.62,1,1,0,1,0,34273.65,0
6735,15723318,Mactier,National Perishable Air Logistics Development Manager Retail,07/10/1983,10/06/2012,16/09/2016,White Collar,Permanent,Full Time,Flex and Fixed,Voluntarily Terminated,High,Female,39,"10  Years, 6 Months",10,27816.4,4,0.59,0.53,0.5,5,1,0,0,0,34770.5,1
6736,15717328,Hsueh,Java Software Engineer ,20/07/1988,31/07/2016,04/12/2017,White Collar,Permanent,Full Time,Flex and Fixed,Voluntarily Terminated,High,Female,34,"6  Years, 4 Months",6,55575.28,2,0.28,0.25,0.59,5,1,0,1,0,66161.05,1
6737,15771299,Nnachetam,Gateway & Procurement Specialist - Air Logistics,31/01/1986,15/06/2015,15/02/2019,Blue Collar,Permanent,Full Time,Fixed,Voluntarily Terminated,High,Female,37,"3 Years, 8 Months",3,30335.14,1,0.52,0.36,0.57,5,0,1,1,1,35688.4,1
6738,15706223,Barnes,National Perishable Air Logistics Development Manager Retail,12/06/1968,27/12/2014,,White Collar,Permanent,Full Time,Flex and Fixed,Active,High,Male,54,"7 Years, 11 Months",7,30212.79,4,0.1,0.83,0.36,2,1,1,1,0,34727.35,0
6739,15612358,Christie,Analyst Programmer ,28/12/1960,09/01/2011,,White Collar,Permanent,Full Time,Flex and Fixed,Active,Low,Male,62,"11 Years, 11 Months",11,54631.14,4,0.57,0.71,0.83,1,1,1,1,1,62080.84,0
6740,15769191,Lipton,Trucking Specialist - Air Logistics,17/12/1999,09/11/2015,,Blue Collar,Permanent,Full Time,Fixed,Active,Medium,Male,23,"7 Years, 1 Months",7,29253.21,4,0.55,0.74,0.77,2,0,1,1,1,34825.25,0
6741,15618816,Yu,Trucking Team Leader- Air Logistics,12/10/1990,29/08/2020,,White Collar,Permanent,Full Time,Fixed,Active,High,Female,32,"2  Years, 3 Months",2,37355,3,0.94,0.56,0.7,1,0,1,0,1,39321.05,0
6742,15730810,Storey,Stock Investigator & Analyst,22/04/1955,07/07/1990,,White Collar,Permanent,Full Time,Flex and Fixed,Active,Low,Male,67,"32 Years, 5 Months",32,35614.14,2,0.71,0.23,0.9,1,1,1,1,1,51614.7,0
6743,15783463,Read,Analyst Programmer ,22/04/1981,04/07/2020,,White Collar,Permanent,Full Time,Flex and Fixed,Active,Medium,Female,41,"2 Years, 5 Months",2,60524.75,3,0.18,0.35,0.64,2,1,0,1,0,61759.95,0
6744,15616213,Levy,Business Development Manager,27/11/1988,29/10/2002,06/06/2022,White Collar,Permanent,Full Time,Flex and Fixed,Voluntarily Terminated,Medium,Female,34,"20  Years, 1 Months",20,46358.356,1,0.4,0.48,0.98,5,1,0,1,0,52679.95,1
6745,15611287,Chiu,National Air Logistics Pharma Compliance Specialist,26/09/1972,15/09/2019,,Blue Collar,Permanent,Full Time,Fixed,Active,High,Female,50,"3 Years, 3 Months",3,30474.06,4,0.13,0.83,0.74,2,0,1,0,1,34240.52,0
6746,15786454,Moore,National Air Logistics Transport Manager,13/08/1979,11/05/2013,,White Collar,Permanent,Full Time,Flex and Fixed,Active,Medium,Male,43,"9 Years, 7 Months",9,61460.45,4,0.15,0.73,0.87,3,1,1,1,1,70644.2,0
6747,15768682,Amies,Customer Care Specialist-Key Accounts,20/11/1957,23/10/1990,,White Collar,Permanent,Full Time,Fixed,Active,High,Male,65,"32 Years, 1 Months",32,21627.15,4,0.28,0.85,0.97,1,0,1,1,1,36045.25,0
6748,15766172,Tsao,Internal Trainer,04/09/1973,29/11/2013,,White Collar,Permanent,Full Time,Fixed,Active,Low,Male,49,"9 Years, 0 Months",9,26525.69,3,0.3,0.8,0.95,1,0,0,1,0,32348.4,0
6749,15637646,Rowley,Sales Account Manager,24/06/1981,09/06/2019,,White Collar,Permanent,Full Time,Fixed,Active,Low,Male,41,"3 Years, 6 Months",3,31653.62,4,0.38,0.98,0.74,1,1,0,0,0,32632.6,0
6750,15653404,Aliyev,Customer Care Specialist-Key Accounts,08/03/1958,27/07/2016,,White Collar,Permanent,Full Time,Fixed,Active,Low,Female,65,"6 Years, 4 Months",6,31387.92,4,0.12,0.96,0.85,2,0,1,0,1,32695.75,0
6751,15690546,Riley,Sales Account Manager,27/08/1966,05/09/1993,24/07/2015,White Collar,Permanent,Full Time,Fixed,Voluntarily Terminated,Low,Female,56,"21 Years, 10 Months",21,31633.46,1,0.35,0.67,0.75,5,1,0,0,0,34384.2,1
6752,15735636,Toscano,First Line Manager,23/04/1977,28/03/2006,01/08/2015,White Collar,Permanent,Full Time,Flex and Fixed,Voluntarily Terminated,Medium,Female,45,"9 Years, 4 Months",9,56630.32,1,0.27,0.58,0.91,4,1,1,1,1,61554.7,1
6753,15605424,Oluchukwu,Account Manager ,20/01/1984,28/09/2022,,White Collar,Permanent,Full Time,Fixed,Active,High,Male,39,"0 Years, 2 Months",0,34875.75,1,0.92,0.83,0.86,0,1,0,1,0,34875.75,0
6754,15568449,Fu,National Perishable Air Logistics Development Manager Seafood,18/01/1968,19/11/2013,,White Collar,Permanent,Full Time,Flex and Fixed,Active,Low,Male,55,"9  Years, 0 Months",9,27441.06,3,0.97,0.9,0.57,2,1,1,1,1,33877.85,0
6755,15688085,Warner,Trucking Team Leader- Air Logistics,03/09/1969,24/03/1988,,White Collar,Permanent,Full Time,Fixed,Active,Low,Female,53,"34 Years, 8 Months",34,36121.67,4,0.39,0.89,0.66,4,0,1,0,1,41047.35,0
6756,15683483,Fleming,Finance Analyst,02/09/1977,17/11/2021,,White Collar,Permanent,Full Time,Flex and Fixed,Active,Medium,Male,45,"1  Years, 1 Months",1,46935.89,2,0.17,0.99,0.92,1,1,1,1,1,48891.55,0
6757,15659567,Ch'iu,Accountant,28/04/1999,25/04/2020,02/11/2020,White Collar,Permanent,Full Time,Fixed,Voluntarily Terminated,High,Female,23,"0 Years, 6 Months",0,29365.116,2,0.59,0.4,0.5,2,1,1,1,1,33369.45,1
6758,15766667,Langler,Finance Analyst,12/04/1981,07/03/2021,,White Collar,Permanent,Full Time,Flex and Fixed,Active,Medium,Male,41,"1  Years, 9 Months",1,48869.45,1,0.26,0.79,0.5,0,1,1,0,1,48869.45,0
6759,15624975,Angelo,Inside Sales Executive/ Account Manager,26/07/1996,04/04/2015,,White Collar,Permanent,Full Time,Flex and Fixed,Active,Low,Male,26,"7 Years, 8 Months",7,28348.31,1,0.25,0.64,0.41,1,1,1,0,1,32963.15,0
6760,15660878,T'ien,Business Development Manager,02/11/1990,20/09/2019,,White Collar,Permanent,Full Time,Flex and Fixed,Active,Low,Male,32,"3 Years, 2 Months",3,46375.73,3,0.16,0.22,0.57,2,1,1,1,1,50408.4,0
6761,15586557,Milani,Material Handler ,23/02/2003,27/04/2022,,Blue Collar,Temporary,Full Time,Fixed,Active,High,Male,20,"0 Years, 7 Months",0,24757.85,3,0.18,0.94,0.6,0,0,1,0,1,24757.85,0
6762,15746183,Pye,Network Engineer,19/09/1970,28/02/2020,,White Collar,Permanent,Full Time,Flex and Fixed,Active,Medium,Female,52,"2 Years, 9 Months",2,67498.24,2,0.55,0.56,0.97,2,1,1,1,1,68875.75,0
6763,15631457,Asher,Warehouse Quality Control Specialist - Air Logistics,27/12/1981,09/04/2021,,Blue Collar,Permanent,Full Time,Fixed,Active,Low,Male,41,"1  Years, 8 Months",1,24183.89,2,0.48,0.85,0.8,1,0,1,0,1,25191.55,0
6764,15754053,Chung,Accounting Coordinator,08/02/1956,10/10/2007,,White Collar,Permanent,Full Time,Fixed,Active,Low,Female,67,"15 Years, 2 Months",15,30513.96,2,0.13,0.8,0.62,4,1,1,1,1,37671.55,0
6765,15645839,Yudin,Cloud Service Analyst,19/03/1985,11/07/1988,,White Collar,Permanent,Full Time,Flex and Fixed,Active,High,Male,37,"34  Years, 5 Months",34,49072.84,3,0.19,0.86,0.53,3,1,1,1,1,61341.05,0
6766,15689955,Arcuri,Transport Controller,01/01/1966,19/11/2021,,Blue Collar,Temporary,Full Time,Fixed,Active,Low,Female,57,"1 Years, 0 Months",1,25114.7,2,0.2,0.96,1,0,0,0,1,0,25114.7,0
6767,15593510,Capon,Customer Care Specialist-Key Accounts,26/01/1968,05/11/1983,28/03/2016,White Collar,Permanent,Full Time,Fixed,Voluntarily Terminated,Medium,Female,55,"39  Years, 1 Months",39,31827.5,4,0.43,0.51,0.61,5,0,1,1,1,33153.65,1
6768,15654964,Piccio,Inside Sales Executive/ Account Manager,10/10/1984,17/03/2022,,White Collar,Permanent,Full Time,Flex and Fixed,Active,High,Male,38,"0 Years, 9 Months",0,32628.4,2,0.12,0.73,0.95,0,1,0,1,0,32628.4,0
6769,15594039,Lung,Senior DevOps Engineer,05/01/1957,11/11/2014,,White Collar,Permanent,Full Time,Flex and Fixed,Active,Medium,Male,66,"8 Years, 1 Months",8,63160.01,4,0.42,0.31,0.75,1,1,0,1,0,70966.3,0
6770,15625929,Trevisan,Sea Logiscitcs Customer Care Specialist ,18/07/1985,29/12/2021,,Blue Collar,Permanent,Full Time,Fixed,Active,Medium,Female,37,"0 Years, 11 Months",0,35823.15,1,0.25,0.62,0.51,0,0,0,0,0,35823.15,0
6771,15815295,John,IT-Support,01/09/1964,24/02/1983,,White Collar,Permanent,Full Time,Fixed,Active,Low,Female,58,"39 Years, 9 Months",39,42785.72,4,0.52,0.55,0.91,1,0,0,1,0,43658.9,0
6772,15621818,Anayolisa,Business Development Manager,18/06/1989,31/12/2018,,White Collar,Permanent,Full Time,Flex and Fixed,Active,Medium,Male,33,"3 Years, 11 Months",3,43289.96,2,0.26,0.51,0.8,7,1,1,1,1,48099.95,0
6773,15652700,Ritchie,Warehouse Specialist - Air Logistics,23/07/1991,30/09/2013,,Blue Collar,Temporary,Full Time,Fixed,Active,High,Male,31,"9 Years, 2 Months",9,21502.28,1,0.28,0.54,0.54,1,0,1,1,1,25296.8,0
6774,15636860,Ch'eng,Warehouse Specialist - Air Logistics,09/04/1981,12/06/2016,,Blue Collar,Temporary,Full Time,Fixed,Active,High,Male,41,"6 Years, 6 Months",6,24179.76,4,0.3,0.65,0.95,1,0,0,1,0,25723.15,0
6775,15569432,Macleod,Finance Analyst,09/12/1990,04/05/2018,07/07/2022,White Collar,Permanent,Full Time,Flex and Fixed,Voluntarily Terminated,Low,Female,32,"4 Years, 2 Months",4,46255.82,2,0.16,0.65,0.75,4,1,1,1,1,48183.15,1
6776,15751455,Boyle,Gateway & Procurement Team Leader- Air Logistics,05/04/1996,19/07/2012,20/02/2017,White Collar,Permanent,Full Time,Fixed,Voluntarily Terminated,Low,Female,26,"10  Years, 4 Months",10,36989.59,2,0.25,0.35,0.64,5,0,0,1,1,39688.4,1
6777,15800583,Chukwuemeka,Regional Air logistics Trainer Specialist,05/11/1969,21/02/2002,,White Collar,Permanent,Full Time,Fixed,Active,High,Female,53,"20 Years, 9 Months",20,31240.31,1,0.79,0.55,0.71,3,0,0,0,0,35908.4,0
6778,15770214,Bryant,Transport Controller,20/08/1990,11/01/2015,,Blue Collar,Temporary,Full Time,Fixed,Active,High,Female,32,"7 Years, 11 Months",7,24673.16,4,0.85,0.59,0.89,5,0,0,1,0,28359.95,0
6779,15613463,Hackett,Sea Logistics Pricing Coordinator,23/12/1980,04/01/2016,,White Collar,Permanent,Full Time,Fixed,Active,Medium,Female,42,"6 Years, 11 Months",6,29303.23,3,0.37,0.34,0.67,2,0,1,1,1,31173.65,0
6780,15587066,Kovaleva,Perishable Operational Care Specialist - Air Logistics,20/05/1998,03/01/2015,07/09/2020,Blue Collar,Permanent,Full Time,Fixed,Voluntarily Terminated,Low,Male,24,"5 Years, 8 Months",5,30566.26,1,0.26,0.31,0.92,5,0,0,0,1,33224.2,1
6781,15693752,Reed,Business Development Executive,09/05/1979,15/01/2013,,White Collar,Permanent,Full Time,Flex and Fixed,Active,Medium,Male,43,"9 Years, 11 Months",9,36219.55,4,0.51,0.83,0.71,1,0,1,1,1,42115.75,0
6782,15714874,Major,Warehouse Quality Control Specialist - Air Logistics,13/02/1981,05/12/2019,,Blue Collar,Permanent,Full Time,Fixed,Active,High,Female,42,"3 Years, 0 Months",3,25514.56,3,0.35,0.8,0.73,1,0,1,1,1,27143.15,0
6783,15657809,Lo,BI Developer,06/02/1979,04/05/1989,02/12/2022,White Collar,Permanent,Full Time,Flex and Fixed,Voluntarily Terminated,Low,Male,44,"33 Years, 6 Months",33,57730.46,4,0.3,0.66,0.85,4,1,1,1,1,62750.5,1
6784,15651955,Hanson,Warehouse Quality Control Specialist - Air Logistics,21/11/1995,04/12/2013,,Blue Collar,Permanent,Full Time,Fixed,Active,High,Male,27,"9 Years, 0 Months",9,22374.14,1,0.12,0.98,0.39,2,0,1,0,1,26956.8,0
6785,15570912,Ogbonnaya,Customer Servce Administrative Officer,13/07/1979,11/03/2018,,Blue Collar,Permanent,Full Time,Fixed,Active,High,Female,43,"4 Years, 9 Months",4,32928.23,3,0.09,0.89,0.52,1,0,1,1,1,35791.55,0
6786,15640266,Windsor,Human Resoruces Coordinator,22/05/1979,23/01/2020,,White Collar,Permanent,Full Time,Fixed,Active,High,Male,43,"2 Years, 10 Months",2,30176.56,4,0.08,0.64,0.94,2,0,1,1,1,33161.05,0
6787,15652069,Calabrese,Transport Controller,11/03/1981,16/03/2021,,Blue Collar,Temporary,Full Time,Fixed,Active,High,Male,41,"1  Years, 9 Months",1,22961.98,3,0.69,0.95,0.68,1,0,0,1,0,24170.5,0
6788,15596074,Keating,Aerospace International Logistics Specialist,14/06/1985,18/10/1999,,Blue Collar,Permanent,Full Time,Fixed,Active,High,Male,37,"23 Years, 2 Months",23,27298.24,3,0.49,0.96,0.85,2,0,1,1,1,32889.45,0
6789,15800268,Costa,Transport Controller,05/02/1996,14/07/2013,,Blue Collar,Temporary,Full Time,Fixed,Active,High,Male,27,"9 Years, 5 Months",9,20070.27,2,0.25,0.96,0.82,1,0,1,0,1,24181.05,0
6790,15809847,Tan,Pricing Analyst,30/06/1991,14/10/2021,,White Collar,Permanent,Full Time,Flex and Fixed,Active,Low,Male,31,"1  Years, 2 Months",1,51392.6,3,0.25,0.63,0.81,0,1,0,0,0,51392.6,0
6791,15599074,Ma,Account Manager ,09/03/1962,08/06/2005,,White Collar,Permanent,Full Time,Fixed,Active,High,Female,61,"17 Years, 6 Months",17,34066.09,4,0.26,0.83,0.71,2,1,1,0,1,36240.52,0
6792,15599591,Martin,Gateway & Procurement Team Leader- Air Logistics,26/06/1998,02/06/2019,,White Collar,Permanent,Full Time,Fixed,Active,Medium,Female,24,"3 Years, 6 Months",3,39532.86,4,0.26,0.61,0.72,1,0,0,1,0,42970.5,0
6793,15776096,Halpern,Recruiter,31/07/1978,30/06/2022,,White Collar,Permanent,Full Time,Fixed,Active,Low,Male,44,"0 Years, 5 Months",0,41258.9,3,0.8,0.89,0.66,0,0,1,0,1,41258.9,0
6794,15611669,Nyhan,National Air Logistics Pharma Compliance Specialist,11/03/2000,11/06/2013,05/10/2014,Blue Collar,Permanent,Full Time,Fixed,Voluntarily Terminated,Medium,Male,22,"1 Years, 3 Months",1,30952.5,2,0.26,0.67,0.63,4,0,1,0,1,36414.7,1
6795,15694098,Jackson,Account Manager ,30/09/1995,05/01/2019,,White Collar,Permanent,Full Time,Fixed,Active,Low,Female,27,"3 Years, 11 Months",3,34497.09,1,0.45,0.61,1,1,1,1,1,1,37093.65,0
6796,15713347,Reynolds,National Service Excellence Specialist- Air Logistics,10/06/1970,14/09/1999,,White Collar,Permanent,Full Time,Flex and Fixed,Active,Medium,Male,52,"23 Years, 3 Months",23,31560.5,4,0.13,0.58,0.77,4,0,0,1,0,35864.2,0
6797,15713094,Tai,Sales Account Manager,28/11/1960,29/12/2001,,White Collar,Permanent,Full Time,Fixed,Active,Low,Female,62,"20 Years, 11 Months",20,30929.668,4,0.45,0.56,0.76,3,1,1,1,1,35147.35,0
6798,15811978,Trevisani,Account Manager ,26/01/1982,01/11/2018,,White Collar,Permanent,Full Time,Fixed,Active,High,Male,41,"4 Years, 1 Months",4,31749.4,2,0.41,0.13,0.49,1,1,1,1,1,34889.45,0
6799,15799925,Uwakwe,Trucking Specialist - Air Logistics,19/11/1989,24/08/2016,,Blue Collar,Permanent,Full Time,Fixed,Active,Medium,Male,33,"6 Years, 3 Months",6,28955.43,1,0.91,0.39,1,1,0,1,1,1,33282.1,0
6800,15692575,Kerr,Sea Logiscitcs Customer Care Specialist ,01/09/1987,20/05/2020,18/09/2020,Blue Collar,Permanent,Full Time,Fixed,Voluntarily Terminated,Low,Male,35,"0 Years, 3 Months",0,31737.42,4,0.42,0.38,0.48,4,0,0,1,0,36065.25,1
6801,15743149,Findlay,Regional Air logistics Trainer Specialist,25/06/1956,31/03/2014,,White Collar,Permanent,Full Time,Fixed,Active,Medium,Female,66,"8 Years, 8 Months",8,30955.23,2,0.72,0.63,0.61,2,0,1,1,1,34394.7,0
6802,15776947,Ugorji,Aerospace International Logistics Specialist,15/02/1962,08/03/2012,31/12/2017,Blue Collar,Permanent,Full Time,Fixed,Voluntarily Terminated,Medium,Male,61,"5 Years, 9 Months",5,29937.78,1,0.08,0.35,0.63,4,0,0,1,0,35640.22,1
6803,15700656,Balashova,Gateway & Procurement Team Leader- Air Logistics,25/10/1955,25/12/2017,,White Collar,Permanent,Full Time,Fixed,Active,Low,Male,67,"4 Years, 11 Months",4,37411.56,3,0.3,0.7,0.83,1,0,0,0,0,41568.4,0
6804,15594515,Cheng,IT System Engineer,03/03/1979,12/01/2004,05/04/2019,White Collar,Permanent,Full Time,Flex and Fixed,Voluntarily Terminated,Medium,Female,44,"15 Years, 2 Months",15,63909.96,1,0.58,0.28,0.83,4,1,0,0,0,69467.35,1
6805,15787884,Martin,Stock Investigator & Analyst,21/03/1959,28/05/1996,,White Collar,Permanent,Full Time,Flex and Fixed,Active,Medium,Female,63,"26 Years, 6 Months",26,30673.3,4,0.96,0.77,0.42,4,1,1,1,0,46474.7,0
6806,15577988,Skinner,Customer Care Specialist-Key Accounts,05/07/1972,12/02/2017,,White Collar,Permanent,Full Time,Fixed,Active,Medium,Female,50,"5 Years, 10 Months",5,32553.98,3,0.27,0.79,0.64,1,0,1,1,0,34267.35,0
6807,15795586,McDonald,Business Development Executive,24/06/1991,21/04/2013,,White Collar,Permanent,Full Time,Flex and Fixed,Active,High,Male,31,"9 Years, 7 Months",9,39399.23,4,0.25,0.51,0.46,1,0,0,1,0,42825.25,0
6808,15677739,Dellucci,Warehouse Specialist - Air Logistics,17/04/1982,07/10/2018,,Blue Collar,Temporary,Full Time,Fixed,Active,Low,Male,40,"4 Years, 2 Months",4,25098.43,3,0.3,0.96,0.99,3,0,0,1,0,26144.2,0
6809,15720134,Reynolds,Transport Controller,10/08/2002,20/09/2021,,Blue Collar,Temporary,Full Time,Fixed,Active,High,Male,20,"1  Years, 2 Months",1,28009.45,3,0.11,0.72,0.99,0,0,1,1,1,28009.45,0
6810,15688868,Birdsall,Software Engineer,24/11/1985,18/06/2021,,White Collar,Permanent,Full Time,Flex and Fixed,Active,Low,Female,37,"1  Years, 6 Months",1,59001.99,2,0.48,0.97,1,1,1,0,0,0,71953.65,0
6811,15642996,Tsai,Trucking Team Leader- Air Logistics,08/02/1956,28/04/1988,,White Collar,Permanent,Full Time,Fixed,Active,Medium,Female,67,"34 Years, 7 Months",34,25108.51,2,0.86,0.55,0.9,4,0,0,1,0,42556.8,0
6812,15771222,Oguejiofor,Perishable Warehouse Specialist - Air Logistics,13/02/1955,08/07/2017,,Blue Collar,Permanent,Full Time,Fixed,Active,Medium,Female,68,"5 Years, 5 Months",5,31536.2,2,0.56,0.32,0.45,2,0,0,0,0,32511.55,0
6813,15605059,Mackie,Business Development Manager,13/07/1980,02/07/2009,13/08/2015,White Collar,Permanent,Full Time,Flex and Fixed,Voluntarily Terminated,Medium,Male,42,"13  Years, 5 Months",13,50066.37,1,0.2,0.48,0.65,4,1,0,1,0,53262.1,1
6814,15568088,Jamieson,National Service Excellence Specialist- Air Logistics,24/03/1983,06/04/2014,,White Collar,Permanent,Full Time,Flex and Fixed,Active,Medium,Male,39,"8 Years, 8 Months",8,32131.23,1,0.96,0.17,0.57,3,0,0,1,0,34925.25,0
6815,15665943,Mai,Transport Controller,16/11/2004,23/10/2020,,Blue Collar,Temporary,Full Time,Fixed,Active,Low,Male,18,"2 Years, 1 Months",2,24771.25,2,0.47,0.88,0.5,2,0,0,1,0,26635.75,0
6816,15795571,Patterson,Sales Specialist-Air Logitics ,10/06/2002,31/12/2017,,Blue Collar,Permanent,Full Time,Fixed,Active,Low,Male,20,"4 Years, 11 Months",4,30470.18,1,0.27,0.97,0.5,1,0,1,0,1,33855.75,0
6817,15662243,Taylor,Transport Controller,02/08/2004,18/10/2021,16/09/2022,Blue Collar,Temporary,Full Time,Fixed,Voluntarily Terminated,Low,Male,18,"1  Years, 2 Months",1,21773.97,1,0.3,0.4,0.86,4,0,0,0,0,24743.15,1
6818,15593128,Vinogradoff,Inside Sales Executive/ Account Manager,05/08/1999,20/04/2019,25/04/2020,White Collar,Permanent,Full Time,Flex and Fixed,Voluntarily Terminated,Low,Female,23,"1 Years, 0 Months",1,30449.06,1,0.52,0.26,0.45,5,1,0,1,0,33096.8,1
6819,15589739,North,Account Manager ,12/05/1982,11/10/2012,,White Collar,Permanent,Full Time,Fixed,Active,Low,Male,40,"10  Years, 2 Months",10,32150.57,2,0.44,0.87,0.92,2,1,1,1,1,37824.2,0
6820,15787602,Carter,Internal Trainer,12/07/1956,20/07/1990,,White Collar,Permanent,Full Time,Fixed,Active,Medium,Male,66,"32 Years, 4 Months",32,22080.1,3,0.49,0.29,0.47,1,0,1,1,1,33454.7,0
6821,15685019,Graham,Cloud Service Analyst,05/10/1964,21/10/1996,,White Collar,Permanent,Full Time,Flex and Fixed,Active,Low,Male,58,"26 Years, 1 Months",26,60872.38,3,0.65,0.91,0.95,2,1,0,1,0,64757.85,0
6822,15704209,Noble,Project Manager,05/11/1982,28/05/2021,28/11/2021,White Collar,Permanent,Full Time,Flex and Fixed,Voluntarily Terminated,High,Female,40,"1  Years, 6 Months",1,40336.86,1,0.18,0.47,0.77,4,1,1,0,1,42911.55,1
6823,15605264,Walker,Account Manager ,24/08/1985,09/05/1997,,White Collar,Permanent,Full Time,Fixed,Active,Medium,Male,37,"25  Years, 7 Months",25,24893.68,3,0.8,0.6,0.63,5,1,1,1,1,32329.45,0
6824,15708265,Chibugo,Revenue Care Specialist- Air Logistics,22/12/1959,26/10/1983,21/11/2014,White Collar,Permanent,Full Time,Fixed,Voluntarily Terminated,Low,Female,63,"31 Years, 0 Months",31,34554.19,2,0.3,0.5,0.61,5,1,1,1,1,41631.55,1
6825,15740264,Yobachi,Material Handler ,06/03/2004,28/01/2021,,Blue Collar,Temporary,Full Time,Fixed,Active,Low,Male,18,"1  Years, 10 Months",1,23216.83,2,0.38,0.49,0.85,1,0,0,1,0,24184.2,0
6826,15615477,Ignatyeva,Project Coordinator,19/01/1973,01/01/2015,,White Collar,Permanent,Full Time,Fixed,Active,Low,Female,50,"7 Years, 11 Months",7,32503.23,4,0.66,0.53,0.92,2,0,0,0,0,36114.7,0
6827,15727361,Chiemela,Stock Investigator & Analyst,01/01/1978,28/10/2016,,White Collar,Permanent,Full Time,Flex and Fixed,Active,Medium,Female,45,"6 Years, 1 Months",6,46296.46,2,0.95,0.42,0.38,2,1,1,1,1,49251.55,0
6828,15760216,Pokrovskaya,Internal Trainer,02/02/1989,19/11/2012,11/03/2014,White Collar,Permanent,Full Time,Fixed,Voluntarily Terminated,High,Female,34,"10  Years, 0 Months",10,26571.33,1,0.21,0.53,0.82,5,0,0,1,0,32013.65,1
6829,15806134,Storey,Human Resoruces Coordinator,20/10/1972,09/01/2013,,White Collar,Permanent,Full Time,Fixed,Active,High,Male,50,"9 Years, 11 Months",9,33252.01,3,0.2,0.34,0.62,2,0,0,1,0,36540.67,0
6830,15601351,Moroney,National Perishable Air Logistics Development Manager Seafood,01/07/1983,10/10/2017,,White Collar,Permanent,Full Time,Flex and Fixed,Active,Medium,Male,39,"5 Years, 2 Months",5,35078.58,3,0.75,0.68,0.51,1,1,1,1,1,37718.9,0
6831,15669262,Maslov,Business Development Manager,25/12/1973,23/03/2021,,White Collar,Permanent,Full Time,Flex and Fixed,Active,High,Male,49,"1  Years, 8 Months",1,51289.45,2,0.9,0.56,0.77,0,1,0,0,0,51289.45,0
6832,15696989,Chukwueloka,Software Engineer,15/08/1980,12/11/2019,11/10/2022,White Collar,Permanent,Full Time,Flex and Fixed,Voluntarily Terminated,Medium,Female,42,"2 Years, 10 Months",2,57887.47,1,0.37,0.43,0.71,7,1,0,0,0,68913.65,1
6833,15688498,Chu,Account Manager ,09/05/1988,31/08/2014,,White Collar,Permanent,Full Time,Fixed,Active,High,Female,34,"8 Years, 3 Months",8,29742.41,1,0.28,0.76,0.55,2,1,0,1,0,34584.2,0
6834,15686964,Spence,Gateway & Procurement Specialist - Air Logistics,21/03/1979,19/12/2020,,Blue Collar,Permanent,Full Time,Fixed,Active,Medium,Female,43,"1  Years, 11 Months",1,33343.15,1,0.22,0.87,0.57,0,0,0,0,0,33343.15,0
6835,15625035,Mills,National Service Excellence Specialist- Air Logistics,30/01/2001,07/02/2016,,White Collar,Permanent,Full Time,Flex and Fixed,Active,Low,Male,22,"6 Years, 10 Months",6,30856.27,3,0.3,0.97,0.63,1,0,1,1,1,36733.65,0
6836,15618391,Doyle,Sea Logiscitcs Customer Care Specialist ,25/10/1964,10/03/2012,,Blue Collar,Permanent,Full Time,Fixed,Active,Low,Male,58,"10 Years, 9 Months",10,32978.97,3,0.86,0.8,0.62,2,0,1,1,0,34714.7,0
6837,15591344,Donnelly,Aerospace International Logistics Specialist,01/12/1984,26/11/2006,,Blue Collar,Permanent,Full Time,Fixed,Active,Medium,Male,38,"16  Years, 0 Months",16,27299.36,2,0.6,0.67,0.81,5,0,1,1,0,34124.2,0
6838,15605455,Tai,Data Analyst,26/12/1958,20/06/1991,,White Collar,Permanent,Full Time,Flex and Fixed,Active,Medium,Male,64,"31 Years, 5 Months",31,34911.91,1,0.3,0.6,0.97,1,1,0,1,0,51341.05,0
6839,15680804,Abbott,Business Development Executive,04/12/1975,22/10/2012,,White Collar,Permanent,Full Time,Flex and Fixed,Active,High,Male,47,"10  Years, 1 Months",10,33058.52,1,0.37,0.88,0.5,2,0,1,1,1,41323.15,0
6840,15768282,Perez,First Line Manager,15/05/1988,29/03/2012,,White Collar,Permanent,Full Time,Flex and Fixed,Active,High,Male,34,"10 Years, 8 Months",10,49520.07,3,0.26,0.64,0.74,4,1,1,1,1,58258.9,0
6841,15685826,Hsiung,Perishable Warehouse Specialist - Air Logistics,02/06/1983,07/09/2020,,Blue Collar,Permanent,Full Time,Fixed,Active,Medium,Male,39,"2 Years, 3 Months",2,30689.5,1,0.86,0.85,0.7,2,0,0,1,0,32648.4,0
6842,15793491,Cherkasova,BI Developer,09/07/1969,22/10/2008,,White Collar,Permanent,Full Time,Flex and Fixed,Active,Low,Male,53,"14  Years, 1 Months",14,58988.97,2,0.25,0.9,0.48,1,1,0,1,0,62093.65,0
6843,15797787,Denisov,Perishable Manager - Air Logistics,21/08/1984,08/08/2016,,White Collar,Permanent,Full Time,Flex and Fixed,Active,Low,Male,38,"6 Years, 4 Months",6,64540.94,3,0.28,0.76,0.84,2,1,0,1,0,67370.5,0
6844,15611171,Fowler,Business Development Executive,01/02/1955,25/06/2015,,White Collar,Permanent,Full Time,Flex and Fixed,Active,Medium,Male,68,"7 Years, 5 Months",7,39047,1,0.58,0.55,0.66,3,0,1,1,1,41102.1,0
6845,15601627,Siciliano,Business Analyst,21/01/1991,07/04/2014,,White Collar,Permanent,Full Time,Flex and Fixed,Active,High,Male,32,"8 Years, 8 Months",8,43646.53,4,0.3,0.76,0.77,2,1,0,0,0,49041.05,0
6846,15734085,Crocker,Sea Logiscitcs Customer Care Specialist ,21/11/1999,21/08/2012,,Blue Collar,Permanent,Full Time,Fixed,Active,Low,Male,23,"10  Years, 3 Months",10,27736.76,2,0.68,0.87,0.72,1,0,1,1,1,33019.95,0
6847,15809309,Longo,National Air Logistics Transport Manager,25/01/1979,02/10/2017,,White Collar,Permanent,Full Time,Flex and Fixed,Active,Low,Female,44,"5 Years, 2 Months",5,63987.96,3,0.75,0.8,0.82,3,1,1,0,1,67355.75,0
6848,15809462,Polyakova,IT System Engineer,29/08/1963,14/02/2019,,White Collar,Permanent,Full Time,Flex and Fixed,Active,Low,Male,59,"3  Years, 10 Months",3,71799.95,3,0.95,0.54,0.68,0,1,1,0,0,71799.95,0
6849,15634628,Brown,Operations Specialist,09/09/1994,20/12/2015,,Blue Collar,Permanent,Full Time,Fixed,Active,Medium,Female,28,"6 Years, 11 Months",6,34776.01,1,0.3,0.84,0.91,2,0,0,0,0,36995.75,0
6850,15775678,Uspensky,Perishable Warehouse Specialist - Air Logistics,30/09/1963,13/12/2011,,Blue Collar,Permanent,Full Time,Fixed,Active,Medium,Female,59,"11 Years, 0 Months",11,33635.37,4,0.14,0.85,0.64,1,0,1,1,1,36089.45,0
6851,15579526,O'Meara,Gateway & Procurement Team Leader- Air Logistics,09/01/1982,02/10/2022,,White Collar,Permanent,Full Time,Fixed,Active,Low,Male,41,"0 Years, 2 Months",0,38182.1,3,0.96,0.95,0.49,0,0,1,1,1,38182.1,0
6852,15779103,Cantamessa,Revenue Care Specialist- Air Logistics,05/03/1987,04/03/2017,,White Collar,Permanent,Full Time,Fixed,Active,Medium,Female,36,"5 Years, 9 Months",5,37471.14,4,0.36,0.48,0.56,2,1,0,1,0,40291.55,0
6853,15738715,Alexander,National Air Logistics Gateway Trade Lane Specialist,03/02/1964,11/07/2010,18/12/2019,White Collar,Permanent,Full Time,Fixed,Voluntarily Terminated,High,Female,59,"9 Years, 5 Months",9,29558.63,1,0.3,0.53,0.77,2,0,0,1,0,34370.5,1
6854,15593943,Chinagorom,National Air Logistics Pharma Compliance Specialist,01/03/1987,27/01/2018,,Blue Collar,Permanent,Full Time,Fixed,Active,Medium,Female,36,"4 Years, 10 Months",4,30207.18,3,0.12,0.8,0.82,1,0,1,1,1,33194.7,0
6855,15754574,Tomlinson,National Perishable Air Logistics Development Manager Seafood,28/02/1989,21/09/2013,,White Collar,Permanent,Full Time,Flex and Fixed,Active,Low,Male,34,"9 Years, 2 Months",9,29794.34,3,0.55,0.4,0.46,3,1,1,1,1,35469.45,0
6856,15737814,Lo,Customer Brokerage Specialist,29/01/1968,28/08/2013,14/03/2021,Blue Collar,Permanent,Full Time,Fixed,Voluntarily Terminated,High,Male,55,"9  Years, 3 Months",9,35406.63,2,0.19,0.49,0.69,4,1,0,1,0,36958.9,1
6857,15670889,Nwachukwu,Inside Sales Executive/ Account Manager,09/08/1991,11/03/2014,,White Collar,Permanent,Full Time,Flex and Fixed,Active,Low,Male,31,"8 Years, 9 Months",8,32445.96,2,0.45,0.99,0.64,1,1,1,1,1,35267.35,0
6858,15629299,Yang,Inside Sales Executive/ Account Manager,07/02/1964,15/10/1990,26/09/2016,White Collar,Permanent,Full Time,Flex and Fixed,Voluntarily Terminated,Low,Female,59,"25 Years, 11 Months",25,34307.26,2,0.13,0.49,0.64,2,1,1,1,1,37290.5,1
6859,15771569,Bage,Human Resoruces Coordinator,31/01/1994,18/05/2013,,White Collar,Permanent,Full Time,Fixed,Active,Medium,Male,29,"9 Years, 7 Months",9,26617.88,1,0.19,0.94,0.71,3,0,1,1,1,32460.83,0
6860,15811927,Marcelo,National Perishable Air Logistics Development Manager Seafood,02/12/1995,22/07/2018,,White Collar,Permanent,Full Time,Flex and Fixed,Active,Medium,Female,27,"4 Years, 4 Months",4,32214.18,3,0.73,0.54,0.73,1,1,0,0,0,34638.9,0
6861,15785654,Ofodile,Warehouse Apprentice- Air Logistics,01/09/2003,15/04/2009,14/11/2019,Blue Collar,Apprentice,Full Time,Fixed,Voluntarily Terminated,High,Male,19,"10 Years, 6 Months",10,20859.16,2,0.43,0.13,0.93,5,0,1,1,1,21773.65,1
6862,15665524,Savage,National Air Logistics Pharma Compliance Specialist,06/08/1969,24/08/2012,,Blue Collar,Permanent,Full Time,Fixed,Active,Medium,Male,53,"10 Years, 3 Months",10,31177.15,4,0.69,0.91,0.84,2,0,0,0,0,35030.5,0
6863,15736287,Piccio,Data Engineer,20/02/1982,25/10/2012,,White Collar,Permanent,Full Time,Flex and Fixed,Active,Low,Male,41,"10  Years, 1 Months",10,54808.4,3,0.3,0.73,0.56,5,1,0,1,0,68510.5,0
6864,15765732,Simmons,Java Software Engineer ,21/06/1990,26/03/2019,,White Collar,Permanent,Full Time,Flex and Fixed,Active,Medium,Female,32,"3 Years, 8 Months",3,65698.13,4,0.3,0.65,0.97,2,1,1,1,0,70643.15,0
6865,15797381,DeRose,Apprentice,19/01/2004,27/12/2021,29/12/2022,Blue Collar,Apprentice,Full Time,Fixed,Terminated for Cause,Low,Female,19,"0  Years, 11 Months",0,18755.09,2,0.09,0.23,0.51,4,0,1,1,1,21312.6,1
6866,15598536,Onuchukwu,National Service Excellence Specialist- Air Logistics,25/02/1981,12/02/2018,,White Collar,Permanent,Full Time,Flex and Fixed,Active,Medium,Female,42,"4 Years, 10 Months",4,32357.12,2,0.17,0.23,0.88,2,0,1,0,1,34792.6,0
6867,15664506,Goodwin,Warehouse Apprentice- Air Logistics,02/09/2001,06/03/2022,,Blue Collar,Apprentice,Full Time,Fixed,Active,Low,Male,21,"0 Years, 9 Months",0,23134.7,1,0.27,0.89,0.51,0,0,1,1,1,23134.7,0
6868,15575619,Teakle,Account Manager ,22/09/1960,16/11/1997,,White Collar,Permanent,Full Time,Fixed,Active,Medium,Female,62,"25 Years, 1 Months",25,30391.36,1,0.85,0.81,0.8,2,1,1,1,1,34932.6,0
6869,15587394,Thomson,National Air Logistics Gateway Trade Lane Specialist,26/05/1960,03/09/1993,,White Collar,Permanent,Full Time,Fixed,Active,Medium,Male,62,"29 Years, 3 Months",29,29739.53,3,0.65,0.51,0.74,4,0,0,0,0,35404.2,0
6870,15654457,Cross,Business Analyst,05/07/1972,27/03/2016,28/05/2017,White Collar,Permanent,Full Time,Flex and Fixed,Terminated for Cause,High,Female,50,"6  Years, 8 Months",6,43954.35,2,0.19,0.35,0.81,5,1,1,1,1,46759.95,1
6871,15762793,Jones,Material Handler ,14/05/2003,14/04/2021,,Blue Collar,Temporary,Full Time,Fixed,Active,Medium,Female,19,"1  Years, 8 Months",1,23006.22,3,0.54,0.49,0.66,1,0,1,1,1,24474.7,0
6872,15658067,Walker,Project Coordinator,21/08/1955,08/01/2021,06/04/2022,White Collar,Permanent,Full Time,Fixed,Voluntarily Terminated,Medium,Female,67,"1 Years, 2 Months",1,31239.96,2,0.39,0.51,0.8,4,0,0,1,0,35499.95,1
6873,15642816,De Salis,Stock Investigator & Analyst,24/02/1978,13/03/2018,,White Collar,Permanent,Full Time,Flex and Fixed,Active,High,Female,45,"4 Years, 9 Months",4,44859.15,4,0.87,0.66,0.86,1,1,1,1,1,48759.95,0
6874,15693088,Oliver,Sales Account Manager,06/12/1964,14/03/2006,,White Collar,Permanent,Full Time,Fixed,Active,Medium,Female,58,"16 Years, 9 Months",16,31614.1,3,0.26,0.74,0.96,2,1,1,1,1,34740.77,0
6875,15793883,Lo Duca,Road Logistics Sales Representative,03/05/2004,19/02/2022,,White Collar,Permanent,Full Time,Fixed,Active,Low,Male,18,"0 Years, 9 Months",0,36700.35,3,0.3,0.57,0.96,0,0,0,1,0,36700.35,0
6876,15665283,Brookes,Transport Controller,04/01/1989,11/10/2011,26/01/2016,Blue Collar,Temporary,Full Time,Fixed,Voluntarily Terminated,Low,Female,34,"4 Years, 3 Months",4,24546.73,2,0.59,0.4,0.74,4,0,1,0,1,27580.59,1
6877,15680421,Challis,Trucking Team Leader- Air Logistics,14/06/1970,24/07/2018,,White Collar,Permanent,Full Time,Fixed,Active,Medium,Female,52,"4 Years, 4 Months",4,36007.79,1,0.72,0.79,0.84,1,0,0,0,0,42362.1,0
6878,15695148,Ibeabuchi,Business Analyst,01/11/1980,27/07/2017,,White Collar,Permanent,Full Time,Flex and Fixed,Active,High,Female,42,"5 Years, 4 Months",5,42178.6,4,0.82,0.74,0.94,2,1,1,1,1,45846.3,0
6879,15636592,Iroawuchi,Business Development Executive,20/05/1991,19/04/2017,22/04/2018,White Collar,Permanent,Full Time,Flex and Fixed,Voluntarily Terminated,Low,Male,31,"1 Years, 0 Months",1,35836.37,1,0.3,0.42,0.8,4,0,1,0,1,40723.15,1
6880,15772618,Tyler,National Perishable Air Logistics Development Manager Retail,30/09/1994,24/04/2022,,White Collar,Permanent,Full Time,Flex and Fixed,Active,Medium,Male,28,"0 Years, 7 Months",0,32166.3,4,0.91,0.4,1,0,1,1,0,1,32166.3,0
6881,15724453,Fan,Trucking Team Leader- Air Logistics,05/01/1984,07/07/1993,,White Collar,Permanent,Full Time,Fixed,Active,High,Male,39,"29 Years, 5 Months",29,33070.36,3,0.26,0.14,0.71,3,0,0,0,0,38906.3,0
6882,15565878,Bates,Sea Logiscitcs Customer Care Specialist ,13/12/1989,24/11/2012,,Blue Collar,Permanent,Full Time,Fixed,Active,Low,Male,33,"10 Years, 0 Months",10,29602.76,4,0.7,0.83,0.87,2,0,1,1,1,32530.5,0
6883,15609160,Marsden,National Perishable Air Logistics Development Manager Retail,09/05/2000,17/04/2019,,White Collar,Permanent,Full Time,Flex and Fixed,Active,High,Male,22,"3 Years, 8 Months",3,31868.94,2,0.1,0.76,0.52,1,1,0,0,0,36214.7,0
6884,15678460,Dodgshun,National Air Logistics Security Compliance Manager,06/04/1981,08/03/2015,,White Collar,Permanent,Full Time,Flex and Fixed,Active,High,Male,41,"7 Years, 9 Months",7,63051.02,4,0.26,0.8,0.8,1,1,0,1,0,67796.8,0
6885,15662571,Maclean,Human Resoruces Coordinator,18/07/1995,09/07/2019,,White Collar,Permanent,Full Time,Fixed,Active,Medium,Male,27,"3 Years, 5 Months",3,35862.4,4,0.95,0.95,0.38,1,0,0,1,0,36971.55,0
6886,15606849,Blackall,Sea Logiscitcs Customer Care Specialist ,06/04/1975,07/05/2015,,Blue Collar,Permanent,Full Time,Fixed,Active,High,Female,47,"7 Years, 7 Months",7,29456.42,1,0.57,0.88,0.76,1,0,1,1,1,32017.85,0
6887,15670738,Mazzanti,BI Developer,12/01/1988,29/02/2012,,White Collar,Permanent,Full Time,Flex and Fixed,Active,Medium,Male,35,"10 Years, 9 Months",10,53846.56,2,0.17,0.92,0.85,1,1,0,1,0,61892.6,0
6888,15662641,Amadi,Perishable Warehouse Specialist - Air Logistics,08/01/1973,25/08/2018,,Blue Collar,Permanent,Full Time,Fixed,Active,Medium,Male,50,"4 Years, 3 Months",4,31516.27,3,0.52,0.16,0.88,1,0,1,1,1,32829.45,0
6889,15727539,Schoenheimer,Pricing Analyst,02/04/1983,02/07/2016,,White Collar,Permanent,Full Time,Flex and Fixed,Active,Low,Female,39,"6 Years, 5 Months",6,47059.36,2,0.73,0.7,0.63,2,1,0,1,0,50063.15,0
6890,15651020,Fiorentino,IT-Support,04/03/1982,29/07/2012,,White Collar,Permanent,Full Time,Fixed,Active,High,Female,41,"10  Years, 4 Months",10,29968.28,2,0.1,0.71,0.93,3,0,0,0,0,35256.8,0
6891,15673877,Murray,Inside Sales Executive/ Account Manager,12/05/1986,13/09/2016,23/04/2020,White Collar,Permanent,Full Time,Flex and Fixed,Voluntarily Terminated,Medium,Male,36,"3 Years, 7 Months",3,28657.42,1,0.19,0.52,0.82,2,1,0,1,1,32565.25,1
6892,15760865,Fan,Warehouse Quality Control Specialist - Air Logistics,25/02/1956,05/06/1988,20/02/2021,Blue Collar,Permanent,Full Time,Fixed,Voluntarily Terminated,High,Female,67,"32 Years, 8 Months",32,18075.83,1,0.22,0.49,0.58,2,0,0,1,1,26582.1,1
6893,15705009,Cartwright,Perishable Customer Care Team Leader - Air Logistics,28/05/1979,08/01/2014,05/05/2014,White Collar,Permanent,Full Time,Fixed,Voluntarily Terminated,Medium,Female,43,"0 Years, 3 Months",0,36543.14,2,0.25,0.5,0.57,4,0,0,1,0,41526.3,1
6894,15657540,Cremonesi,Perishable Operational Care Specialist - Air Logistics,31/03/1995,06/04/2022,,Blue Collar,Permanent,Full Time,Fixed,Active,Medium,Male,27,"0 Years, 8 Months",0,33812.6,1,0.98,0.86,0.94,0,0,0,1,0,33812.6,0
6895,15707441,White,Business Analyst,20/05/1986,12/02/2014,,White Collar,Permanent,Full Time,Flex and Fixed,Active,High,Male,36,"8 Years, 10 Months",8,41791.44,3,0.35,0.49,0.99,3,1,1,1,1,48594.7,0
6896,15694765,Sabbatini,Inventory Clerk,29/12/2001,11/09/2015,22/08/2016,Blue Collar,Temporary,Full Time,Fixed,Voluntarily Terminated,High,Male,21,"0 Years, 11 Months",0,24832.63,2,0.28,0.69,0.91,4,0,0,1,0,28218.9,1
6897,15649086,Patterson,Account Manager ,24/09/1983,11/07/2015,,White Collar,Permanent,Full Time,Fixed,Active,Medium,Male,39,"7 Years, 5 Months",7,31560.82,3,0.17,0.96,1,3,1,1,1,1,36276.8,0
6898,15650488,Bromley,Human Resoruces Coordinator,10/12/1956,16/06/1999,10/02/2022,White Collar,Permanent,Full Time,Fixed,Voluntarily Terminated,Low,Female,66,"22 Years, 7 Months",22,23429.91,1,0.3,0.35,0.54,2,0,1,1,1,34455.75,1
6899,15760924,Doherty,Accounts Payable,04/12/1957,23/04/2002,,White Collar,Permanent,Full Time,Fixed,Active,Low,Male,65,"20 Years, 7 Months",20,25069.71,2,0.27,0.36,0.4,2,1,0,0,0,35309.45,0
6900,15700263,Ifeatu,Inventory Clerk,19/01/2003,10/01/2020,09/11/2020,Blue Collar,Temporary,Full Time,Fixed,Voluntarily Terminated,Medium,Male,20,"0 Years, 9 Months",0,21200.56,4,0.35,0.47,1,4,0,0,1,0,24091.55,1
6901,15806922,Bergamaschi,Perishable Customer Care Team Leader - Air Logistics,17/05/1974,02/10/2013,,White Collar,Permanent,Full Time,Fixed,Active,High,Female,48,"9 Years, 2 Months",9,38460.42,2,0.27,0.79,0.74,3,0,1,1,1,42264.2,0
6902,15637522,Shubina,Customer Care Specialist-Key Accounts,20/11/1995,30/03/2013,,White Collar,Permanent,Full Time,Fixed,Active,Medium,Female,27,"9 Years, 8 Months",9,28717.61,3,0.77,1,0.52,2,0,1,0,1,32633.65,0
6903,15636548,Lung,National Perishable Air Logistics Development Manager Retail,01/07/1981,30/08/2022,,White Collar,Permanent,Full Time,Flex and Fixed,Active,High,Male,41,"0 Years, 3 Months",0,37026.3,2,0.3,0.88,0.88,0,1,0,0,0,37026.3,0
6904,15566891,Kinder,Perishable Operational Care Specialist - Air Logistics,05/11/1958,25/10/1992,,Blue Collar,Permanent,Full Time,Fixed,Active,High,Female,64,"30 Years, 1 Months",30,24392.92,3,0.26,0.49,0.65,2,0,0,1,0,36407.35,0
6905,15627185,Terry,Internal Trainer,23/07/1972,05/08/2022,,White Collar,Permanent,Full Time,Fixed,Active,Medium,Male,50,"0 Years, 4 Months",0,36619.95,4,0.97,0.52,0.62,0,0,0,1,0,36619.95,0
6906,15754012,Shepherdson,Project Coordinator,28/06/1992,10/10/2012,,White Collar,Permanent,Full Time,Fixed,Active,Medium,Female,30,"10  Years, 2 Months",10,28226.35,3,0.46,0.76,0.78,2,0,1,1,1,34847.35,0
6907,15627514,Short,National Air Logistics Gateway Trade Lane Specialist,17/07/1962,30/07/2020,,White Collar,Permanent,Full Time,Fixed,Active,High,Female,60,"2 Years, 4 Months",2,29828.71,3,0.39,0.69,0.91,2,0,1,0,1,35092.6,0
6908,15661433,Zetticci,Software Engineer,24/07/1958,13/01/2008,,White Collar,Permanent,Full Time,Flex and Fixed,Active,Low,Male,64,"14 Years, 11 Months",14,53040.12,4,0.21,0.69,0.81,2,1,0,1,0,66300.15,0
6909,15610653,Belov,Operations Specialist,01/12/1994,25/12/2015,,Blue Collar,Permanent,Full Time,Fixed,Active,Low,Female,28,"6 Years, 11 Months",6,32253.12,4,0.35,0.75,0.58,2,0,1,1,1,35836.8,0
6910,15667002,Knight,Revenue Care Specialist- Air Logistics,07/06/1985,06/09/2015,,White Collar,Permanent,Full Time,Fixed,Active,Medium,Male,37,"7 Years, 3 Months",7,40907.26,1,0.3,0.47,0.47,3,1,0,1,0,43986.3,0
6911,15709199,Burson,Transport Controller,25/01/1974,09/07/2020,,Blue Collar,Temporary,Full Time,Fixed,Active,High,Female,49,"2 Years, 5 Months",2,24886.81,3,0.27,0.88,1,2,0,1,1,1,25394.7,0
6912,15710087,Nicholls,Inside Sales Executive/ Account Manager,07/12/1992,17/04/2010,09/08/2017,White Collar,Permanent,Full Time,Flex and Fixed,Voluntarily Terminated,Medium,Female,30,"7 Years, 3 Months",7,30924.95,1,0.27,0.49,0.43,7,1,0,1,0,34361.05,1
6913,15679884,Hs?eh,IT System Engineer,07/04/1983,10/02/1989,26/10/2015,White Collar,Permanent,Full Time,Flex and Fixed,Voluntarily Terminated,Medium,Male,39,"33  Years, 10 Months",33,62724.29,1,0.27,0.49,0.67,4,1,1,1,1,69693.65,1
6914,15784180,Ku,Inside Sales Executive/ Account Manager,27/10/1995,02/07/2014,14/06/2018,White Collar,Permanent,Full Time,Flex and Fixed,Voluntarily Terminated,High,Female,27,"3 Years, 11 Months",3,33885.94,2,0.26,0.24,0.48,2,1,1,1,1,35297.85,1
6915,15808849,T'ien,Warehouse Quality Control Specialist - Air Logistics,22/04/1994,30/06/2019,,Blue Collar,Permanent,Full Time,Fixed,Active,Medium,Male,28,"3 Years, 5 Months",3,24486.64,3,0.3,0.69,1,2,0,1,0,1,26908.4,0
6916,15751549,H?,Software Engineer,05/04/1957,24/04/1994,,White Collar,Permanent,Full Time,Flex and Fixed,Active,Low,Male,65,"28 Years, 7 Months",28,47400.72,4,0.12,0.81,0.57,1,1,0,0,0,70747.35,0
6917,15588235,Vasilieva,Aerospace International Logistics Specialist,19/05/1991,07/04/2012,,Blue Collar,Permanent,Full Time,Fixed,Active,Low,Female,31,"10  Years, 8 Months",10,26405.72,4,0.42,0.61,0.48,3,0,1,1,1,32202.1,0
6918,15640418,Omeokachie,Sea Logistics Pricing Coordinator,15/02/1999,03/10/2019,,White Collar,Permanent,Full Time,Fixed,Active,High,Female,24,"3 Years, 2 Months",3,34590.15,4,0.68,0.75,0.86,1,0,0,1,0,35659.95,0
6919,15721116,Napolitano,Accounting Coordinator,05/10/1969,09/09/2005,,White Collar,Permanent,Full Time,Fixed,Active,Medium,Male,53,"17 Years, 3 Months",17,28406.23,2,0.26,0.69,0.86,3,1,1,1,1,33030.5,0
6920,15599084,Hopwood,Customer Brokerage Specialist,03/08/1977,20/04/2013,,Blue Collar,Permanent,Full Time,Fixed,Active,High,Male,45,"9 Years, 7 Months",9,29257.38,4,0.29,0.53,0.49,3,1,1,1,1,34020.21,0
6921,15773394,Bergamaschi,Business Development Executive,29/08/1985,03/12/2012,,White Collar,Permanent,Full Time,Flex and Fixed,Active,Medium,Male,37,"10  Years, 0 Months",10,37815.68,4,0.72,0.93,0.96,1,0,1,1,1,40229.45,0
6922,15625713,Lindeman,Inside Sales Executive/ Account Manager,05/01/1991,27/11/2020,,White Collar,Permanent,Full Time,Flex and Fixed,Active,High,Female,32,"2 Years, 0 Months",2,32083.66,1,0.28,0.15,0.67,1,1,1,0,1,34131.55,0
6923,15766417,McKinley,Data Engineer,11/12/1970,03/06/2015,,White Collar,Permanent,Full Time,Flex and Fixed,Active,Medium,Female,52,"7 Years, 6 Months",7,66629.11,4,0.29,0.48,0.41,2,1,1,1,1,71644.2,0
6924,15622578,Sergeyev,Stock Investigator & Analyst,16/12/1974,11/01/2014,,White Collar,Permanent,Full Time,Flex and Fixed,Active,Low,Male,48,"8 Years, 11 Months",8,42592.09,2,0.22,0.67,0.73,3,1,1,0,1,46295.75,0
6925,15799924,Sanchez,Technical Support Engineer,15/11/1982,26/06/1994,,White Collar,Permanent,Full Time,Flex and Fixed,Active,Medium,Male,40,"28 Years, 5 Months",28,54590.22,3,0.3,0.36,0.93,2,1,0,0,0,58074.7,0
6926,15618363,Muomelu,Trucking Team Leader- Air Logistics,10/11/1984,10/04/1988,,White Collar,Permanent,Full Time,Fixed,Active,High,Male,38,"34 Years, 8 Months",34,36243.84,3,0.46,0.35,0.54,2,0,1,1,1,39828.4,0
6927,15637138,Murray,Account Manager ,28/03/2001,29/08/2021,,White Collar,Permanent,Full Time,Fixed,Active,High,Male,21,"1  Years, 3 Months",1,34088.4,3,0.54,0.65,0.62,0,1,0,1,0,34088.4,0
6928,15781665,Ibekwe,Gateway & Procurement Specialist - Air Logistics,27/11/1988,04/05/2013,,Blue Collar,Permanent,Full Time,Fixed,Active,High,Female,34,"9 Years, 7 Months",9,32386.77,4,0.26,0.8,0.5,3,0,0,0,0,36803.15,0
6929,15804853,McVey,Stock Investigator & Analyst,29/03/1975,08/07/2014,19/02/2015,White Collar,Permanent,Full Time,Flex and Fixed,Voluntarily Terminated,Medium,Female,47,"0 Years, 7 Months",0,45561.74,4,0.57,0.41,0.96,4,1,0,1,0,51774.7,1
6930,15651627,White,Human Resoruces Coordinator,14/03/1996,13/08/2014,27/10/2019,White Collar,Permanent,Full Time,Fixed,Voluntarily Terminated,Medium,Male,26,"5 Years, 2 Months",5,28898.17,1,0.09,0.67,0.64,2,0,1,1,1,33997.85,1
6931,15680685,Patterson,Project Coordinator,17/08/1991,04/10/2019,,White Collar,Permanent,Full Time,Fixed,Active,High,Male,31,"3 Years, 2 Months",3,30616.07,4,0.17,0.58,0.78,2,0,0,0,0,34017.85,0
6932,15808930,Mai,Warehouse Quality Control Specialist - Air Logistics,29/07/1999,19/04/2014,,Blue Collar,Permanent,Full Time,Fixed,Active,High,Female,23,"8 Years, 7 Months",8,23805.35,2,0.56,0.61,0.67,2,0,0,1,0,27680.64,0
6933,15570970,Han,Sales Account Manager,22/10/1994,31/12/2016,,White Collar,Permanent,Full Time,Fixed,Active,High,Female,28,"5 Years, 11 Months",5,33331.5,3,0.84,0.97,0.66,1,1,1,1,0,35840.32,0
6934,15679961,Davidson,Stock Investigator & Analyst,11/06/1980,06/08/2019,,White Collar,Permanent,Full Time,Flex and Fixed,Active,Medium,Male,42,"3 Years, 4 Months",3,46792.75,2,0.18,0.87,0.97,2,1,1,1,0,48239.95,0
6935,15705458,Parkin,Accounting Coordinator,31/12/1980,12/02/2012,,White Collar,Permanent,Full Time,Fixed,Active,Medium,Male,42,"10 Years, 10 Months",10,30658.97,4,0.54,0.8,0.71,2,1,1,1,1,32272.6,0
6936,15750396,McKissick,Senior DevOps Engineer,21/01/1983,30/12/2018,,White Collar,Permanent,Full Time,Flex and Fixed,Active,High,Male,40,"3 Years, 11 Months",3,61702.07,4,0.27,0.91,0.55,2,1,1,1,1,68557.85,0
6937,15679928,Horsfall,Gateway & Procurement Specialist - Air Logistics,21/07/1969,10/01/2011,,Blue Collar,Permanent,Full Time,Fixed,Active,High,Female,53,"11 Years, 11 Months",11,33981.74,4,0.68,0.63,0.73,1,0,1,0,1,35471.55,0
6938,15711181,Clapp,Trucking Team Leader- Air Logistics,01/04/1987,12/12/2020,,White Collar,Permanent,Full Time,Fixed,Active,High,Female,35,"2  Years, 0 Months",2,40639.95,3,0.84,0.79,0.96,0,0,1,0,1,40639.95,0
6939,15698324,Azikiwe,Perishable Operational Care Specialist - Air Logistics,19/11/2000,19/02/2010,,Blue Collar,Permanent,Full Time,Fixed,Active,High,Female,22,"12 Years, 9 Months",12,30687.11,1,0.71,0.89,0.57,4,0,1,1,1,33722.1,0
6940,15807433,Zubarev,Transport Controller,25/04/1984,03/04/2008,,Blue Collar,Temporary,Full Time,Fixed,Active,High,Female,38,"14  Years, 8 Months",14,21856.64,3,0.59,1,0.87,1,0,1,0,1,25414.7,0
6941,15636590,Pisano,Road Logistics Sales Representative,30/01/2002,09/08/2015,,White Collar,Permanent,Full Time,Fixed,Active,Low,Male,21,"7 Years, 4 Months",7,33669.91,4,0.74,0.6,0.73,1,0,1,1,1,36204.2,0
6942,15628950,Coates,Perishable Warehouse Specialist - Air Logistics,18/03/2001,25/04/2012,,Blue Collar,Permanent,Full Time,Fixed,Active,High,Male,21,"10  Years, 7 Months",10,26502.31,4,0.28,0.7,0.8,4,0,0,1,0,32718.9,0
6943,15617206,Trentino,Revenue Care Specialist- Air Logistics,07/12/1955,20/12/2005,,White Collar,Permanent,Full Time,Fixed,Active,High,Male,67,"16 Years, 11 Months",16,31259.98,3,0.26,0.79,0.81,3,1,0,1,0,41131.55,0
6944,15603741,MacDonnell,Warehouse Specialist - Air Logistics,24/04/1984,26/02/1993,,Blue Collar,Temporary,Full Time,Fixed,Active,Low,Male,38,"29  Years, 9 Months",29,18735.05,1,0.65,0.88,0.72,5,0,1,1,1,27551.55,0
6945,15742607,Ermakov,National Air Logistics Gateway Operations Manager,08/12/1992,31/03/2019,,White Collar,Permanent,Full Time,Flex and Fixed,Active,High,Male,30,"3 Years, 8 Months",3,67445.6,4,0.2,0.87,0.48,1,1,1,1,1,69531.55,0
6946,15747821,K?,National Perishable Air Logistics Development Manager Seafood,26/09/1971,21/05/2016,,White Collar,Permanent,Full Time,Flex and Fixed,Active,Medium,Female,51,"6 Years, 6 Months",6,32439.87,2,0.93,0.52,0.58,1,1,0,1,0,34510.5,0
6947,15612043,Hammonds,Senior DevOps Engineer,25/12/1974,24/12/2019,,White Collar,Permanent,Full Time,Flex and Fixed,Active,Low,Male,48,"2 Years, 11 Months",2,59909.43,1,0.24,0.59,0.75,2,1,1,1,1,68078.9,0
6948,15809558,Peppin,Business Analyst,15/05/1972,22/01/2019,,White Collar,Permanent,Full Time,Flex and Fixed,Active,Low,Male,50,"3 Years, 10 Months",3,45326.55,4,0.98,0.64,0.75,3,1,1,1,1,46728.4,0
6949,15803750,Ball,National Air Logistics Transport Manager,14/08/1987,05/04/2020,,White Collar,Permanent,Full Time,Flex and Fixed,Active,Medium,Female,35,"2 Years, 8 Months",2,67853.78,2,0.29,0.81,0.83,2,1,1,0,1,72961.05,0
6950,15704681,Yeh,Regional Air logistics Trainer Specialist,19/06/1998,10/07/2019,,White Collar,Permanent,Full Time,Fixed,Active,Low,Male,24,"3 Years, 5 Months",3,28742.28,3,0.88,0.87,0.57,1,0,1,0,1,32294.7,0
6951,15667392,L?,Account Manager ,30/07/1992,12/04/2015,,White Collar,Permanent,Full Time,Fixed,Active,Medium,Female,30,"7 Years, 8 Months",7,28952.92,3,0.29,0.74,0.61,2,1,1,1,1,32901.05,0
6952,15738889,Shih,Sales Specialist-Air Logitics ,28/12/2002,07/09/2021,17/09/2022,Blue Collar,Permanent,Full Time,Fixed,Voluntarily Terminated,High,Male,20,"1  Years, 3 Months",1,30343.53,1,0.08,0.47,0.89,4,0,1,0,1,32982.1,1
6953,15598838,Greco,Customer Servce Administrative Officer,30/09/1990,03/11/2016,,Blue Collar,Permanent,Full Time,Fixed,Active,Medium,Female,32,"6 Years, 1 Months",6,28603.89,4,0.29,0.97,0.58,2,0,1,1,1,31782.1,0
6954,15579109,Napolitano,Perishable Apprentice- Air Logistics,16/09/2004,29/03/2022,,Blue Collar,Apprentice,Full Time,Fixed,Active,Low,Male,18,"0 Years, 8 Months",0,22605.25,4,0.39,0.54,0.81,0,0,1,1,1,22605.25,0
6955,15799042,Zaytseva,Stock Investigator & Analyst,18/04/1982,20/06/2018,,White Collar,Permanent,Full Time,Flex and Fixed,Active,Medium,Male,40,"4 Years, 5 Months",4,45122.02,1,0.85,0.59,0.55,3,1,1,1,0,47002.1,0
6956,15697042,Genovesi,Sea Logistics Pricing Coordinator,18/03/1999,21/02/2014,,White Collar,Permanent,Full Time,Fixed,Active,Medium,Male,23,"8 Years, 9 Months",8,29554.1,1,0.26,0.99,0.95,1,0,0,1,0,33584.2,0
6957,15696605,Angelo,Stock Investigator & Analyst,08/09/1990,03/06/2013,,White Collar,Permanent,Full Time,Flex and Fixed,Active,High,Male,32,"9 Years, 6 Months",9,41641.03,4,0.99,0.79,0.75,1,1,0,0,0,48989.45,0
6958,15802274,Waters,Gateway & Procurement Team Leader- Air Logistics,31/12/1974,20/07/2015,,White Collar,Permanent,Full Time,Fixed,Active,High,Female,48,"7 Years, 4 Months",7,34170.89,3,0.78,0.96,0.37,2,0,0,1,0,40201.05,0
6959,15596808,Maclean,Road Logistics Sales Representative,09/02/2004,15/11/2020,,White Collar,Permanent,Full Time,Fixed,Active,Medium,Male,19,"2 Years, 1 Months",2,33332.8,3,0.23,0.54,0.67,2,0,0,1,0,36629.45,0
6960,15705403,Seleznyova,Perishable Customer Care Team Leader - Air Logistics,24/03/1985,20/11/2013,,White Collar,Permanent,Full Time,Fixed,Active,High,Female,37,"9  Years, 0 Months",9,40795,4,0.29,0.79,0.84,1,0,1,0,0,42942.1,0
6961,15732903,Fontenot,Gateway & Procurement Team Leader- Air Logistics,16/02/2000,31/05/2015,,White Collar,Permanent,Full Time,Fixed,Active,High,Male,23,"7 Years, 6 Months",7,37407.25,3,0.25,0.64,0.79,2,0,0,1,0,43496.8,0
6962,15581968,Reid,Warehouse Specialist - Air Logistics,12/10/1980,18/01/2020,,Blue Collar,Temporary,Full Time,Fixed,Active,High,Female,42,"2 Years, 11 Months",2,23617.95,3,0.43,0.65,0.53,1,0,1,1,1,24099.95,0
6963,15683892,Fraser,Perishable Apprentice- Air Logistics,30/11/2001,30/10/2011,,Blue Collar,Apprentice,Full Time,Fixed,Active,High,Female,21,"11 Years, 1 Months",11,19801.55,3,0.18,0.87,0.86,3,0,0,1,0,21246.3,0
6964,15595447,Tuan,Trucking Specialist - Air Logistics,24/04/1994,21/07/2012,,Blue Collar,Permanent,Full Time,Fixed,Active,Low,Male,28,"10  Years, 4 Months",10,28945.11,4,0.29,0.7,0.59,3,0,0,1,0,35734.7,0
6965,15569249,Howarth,Perishable Customer Care Team Leader - Air Logistics,12/01/1975,19/03/2013,,White Collar,Permanent,Full Time,Fixed,Active,Low,Female,48,"9 Years, 8 Months",9,35620.76,4,0.08,0.89,0.81,1,0,1,0,1,43439.95,0
6966,15656188,Davis,Data Analyst,18/12/1985,29/03/2020,,White Collar,Permanent,Full Time,Flex and Fixed,Active,Low,Female,37,"2 Years, 8 Months",2,44013.76,2,0.28,0.61,0.58,2,1,1,1,0,46823.15,0
6967,15689661,Gorbunov,Analyst Programmer ,16/11/1962,21/05/1998,,White Collar,Permanent,Full Time,Flex and Fixed,Active,Low,Male,60,"24  Years, 6 Months",24,47589.32,4,0.36,0.9,0.49,4,1,1,0,1,58035.75,0
6968,15644934,Gentry,Inventory Clerk,28/08/2004,17/12/2020,,Blue Collar,Temporary,Full Time,Fixed,Active,Low,Male,18,"2  Years, 0 Months",2,25028.99,2,0.18,0.49,0.54,1,0,0,1,0,26346.3,0
6969,15721793,Chiu,Operations Specialist,26/01/1998,02/09/2015,,Blue Collar,Permanent,Full Time,Fixed,Active,Low,Female,25,"7 Years, 3 Months",7,33077.64,2,0.24,0.85,0.97,3,0,1,1,1,35567.35,0
6970,15687413,Sunderland,Cloud Service Analyst,04/06/1975,13/05/2016,,White Collar,Permanent,Full Time,Flex and Fixed,Active,Low,Female,47,"6 Years, 7 Months",6,57564.86,3,0.7,0.54,0.58,2,1,1,1,1,62570.5,0
6971,15761286,Fan,National Perishable Air Logistics Development Manager Retail,24/05/1962,18/08/2016,,White Collar,Permanent,Full Time,Flex and Fixed,Active,Low,Female,60,"6 Years, 4 Months",6,28452.41,1,0.57,0.64,0.57,2,1,1,1,1,33084.2,0
6972,15658240,Parry,National Perishable Air Logistics Development Manager Seafood,01/12/1994,20/09/2014,,White Collar,Permanent,Full Time,Flex and Fixed,Active,Low,Female,28,"8 Years, 2 Months",8,29662.39,1,0.28,0.81,0.77,1,1,0,0,0,34094.7,0
6973,15706232,Niu,Java Software Engineer ,20/06/1983,02/10/1998,11/04/2022,White Collar,Permanent,Full Time,Flex and Fixed,Voluntarily Terminated,High,Male,39,"23 Years, 6 Months",23,62284.97,1,0.17,0.49,0.66,5,1,1,1,1,67701.05,1
6974,15583394,Zuyev,Customer Care Specialist-Key Accounts,12/02/2001,16/07/2015,,White Collar,Permanent,Full Time,Fixed,Active,Low,Male,22,"7 Years, 5 Months",7,30276.25,3,0.82,0.58,0.57,1,0,1,1,1,32485.25,0
6975,15715643,Ijendu,Gateway & Procurement Specialist - Air Logistics,28/01/1980,16/10/2013,,Blue Collar,Permanent,Full Time,Fixed,Active,Medium,Male,43,"9 Years, 2 Months",9,30940.96,3,0.91,0.62,0.49,2,0,1,1,1,35160.18,0
6976,15644856,Bird,Sea Logiscitcs Customer Care Specialist ,13/01/1998,26/02/2014,,Blue Collar,Permanent,Full Time,Fixed,Active,Low,Male,25,"8 Years, 9 Months",8,28653.57,4,0.37,0.8,0.84,3,0,0,1,0,32560.88,0
6977,15785488,Palmer,Sea Logistics Pricing Coordinator,10/11/1955,26/11/2013,,White Collar,Permanent,Full Time,Fixed,Active,High,Female,67,"9 Years, 0 Months",9,30809.36,3,0.3,0.64,0.64,2,0,1,1,1,36246.3,0
6978,15711571,Y?,Cloud Service Analyst,18/06/1955,11/03/2007,,White Collar,Permanent,Full Time,Flex and Fixed,Active,Medium,Male,67,"15  Years, 9 Months",15,56454.08,3,0.26,0.81,0.86,1,1,0,1,0,63431.55,0
6979,15778604,Nicholson,Transport Controller,13/06/1983,19/10/2016,,Blue Collar,Temporary,Full Time,Fixed,Active,Medium,Female,39,"6 Years, 1 Months",6,23079.44,2,0.28,0.8,0.74,1,0,0,0,0,24552.6,0
6980,15751180,Adams,National Perishable Air Logistics Development Manager Seafood,15/06/1980,26/08/2020,,White Collar,Permanent,Full Time,Flex and Fixed,Active,Low,Female,42,"2 Years, 3 Months",2,32584.46,3,0.1,0.92,0.81,1,1,0,1,0,33249.45,0
6981,15748360,Cocci,Operations Specialist,15/02/1976,11/12/2021,,Blue Collar,Permanent,Full Time,Fixed,Active,Low,Female,47,"1  Years, 0 Months",1,31512.75,1,0.97,0.66,0.98,1,0,1,1,1,33524.2,0
6982,15770039,Kuo,Internal Trainer,11/10/1964,07/10/2011,28/09/2017,White Collar,Permanent,Full Time,Fixed,Voluntarily Terminated,Low,Male,58,"5 Years, 11 Months",5,31916.17,1,0.25,0.47,0.89,4,0,0,1,1,36685.25,1
6983,15685096,Trevisani,Internal Trainer,30/03/1975,27/09/2018,,White Collar,Permanent,Full Time,Fixed,Active,High,Female,47,"4 Years, 2 Months",4,32934.59,2,0.26,0.74,0.54,2,0,1,1,0,35036.8,0
6984,15669501,Kuo,Cloud Service Analyst,05/03/1980,08/02/2017,,White Collar,Permanent,Full Time,Flex and Fixed,Active,Low,Male,43,"5 Years, 10 Months",5,57204.41,4,0.11,0.79,0.74,2,1,1,1,1,60855.75,0
6985,15622631,H?,IT-Support,02/07/1974,28/08/2018,12/02/2019,White Collar,Permanent,Full Time,Fixed,Voluntarily Terminated,Low,Male,48,"0 Years, 5 Months",0,33157.19,1,0.29,0.47,0.94,4,0,0,1,0,36040.42,1
6986,15586699,Thomson,Sea Logistics Pricing Coordinator,03/02/1958,23/05/2001,,White Collar,Permanent,Full Time,Fixed,Active,Low,Male,65,"21 Years, 6 Months",21,26835.36,2,0.38,0.49,0.57,1,0,0,0,0,33544.2,0
6987,15702377,Knorr,Sea Logiscitcs Customer Care Specialist ,21/05/1995,12/09/2017,,Blue Collar,Permanent,Full Time,Fixed,Active,Low,Male,27,"5 Years, 3 Months",5,35115.99,3,0.29,0.3,0.44,3,0,0,1,0,36964.2,0
6988,15577170,Manfrin,Project Coordinator,06/11/1962,13/12/2000,,White Collar,Permanent,Full Time,Fixed,Active,High,Male,60,"22 Years, 0 Months",22,32477.54,1,0.75,0.85,0.89,4,0,1,0,1,37330.5,0
6989,15769451,Hayes,Sales Specialist-Air Logitics ,14/12/2001,30/09/2015,,Blue Collar,Permanent,Full Time,Fixed,Active,Medium,Female,21,"7 Years, 2 Months",7,31531.88,4,0.16,0.61,0.97,1,0,1,1,1,33905.25,0
6990,15811877,Shao,Operations Specialist,20/02/1994,19/05/2016,,Blue Collar,Permanent,Full Time,Fixed,Active,Low,Female,29,"6 Years, 6 Months",6,31652.67,4,0.49,0.68,0.55,1,0,0,1,0,34783.15,0
6991,15648725,Sinclair,Sea Logiscitcs Customer Care Specialist ,18/03/1958,15/02/1998,,Blue Collar,Permanent,Full Time,Fixed,Active,Medium,Male,64,"24  Years, 10 Months",24,24674.68,4,0.96,0.67,0.67,4,0,1,1,1,36286.3,0
6992,15752801,Bradshaw,Road Logistics Sales Representative,10/08/2001,27/08/2013,13/07/2018,White Collar,Permanent,Full Time,Fixed,Voluntarily Terminated,High,Male,21,"4 Years, 10 Months",4,29893.96,2,0.29,0.63,0.73,5,0,0,1,1,32850.5,1
6993,15808175,Castiglione,Project Manager,23/11/1978,29/12/1984,03/10/2019,White Collar,Permanent,Full Time,Flex and Fixed,Voluntarily Terminated,High,Female,44,"37  Years, 11 Months",37,43068.61,1,0.28,0.63,0.94,5,1,0,1,0,44956.8,1
6994,15681342,Hurst,Gateway & Procurement Specialist - Air Logistics,03/09/1975,18/04/2021,,Blue Collar,Permanent,Full Time,Fixed,Active,High,Female,47,"1  Years, 8 Months",1,35055.75,2,0.25,0.5,0.88,0,0,1,1,1,35055.75,0
6995,15589210,Adamson,Project Manager,04/03/1983,15/10/2014,,White Collar,Permanent,Full Time,Flex and Fixed,Active,Medium,Female,40,"8 Years, 2 Months",8,39584.04,3,0.81,0.7,0.55,3,1,0,0,0,45498.9,0
6996,15696826,James,BI Developer,19/01/1970,24/02/2013,,White Collar,Permanent,Full Time,Flex and Fixed,Active,Medium,Female,53,"9 Years, 9 Months",9,61047.96,2,0.28,0.18,0.46,3,1,1,0,1,65502.1,0
6997,15614962,Pavlova,Customer Servce Administrative Officer,23/07/1991,06/01/2014,,Blue Collar,Permanent,Full Time,Fixed,Active,High,Female,31,"8 Years, 11 Months",8,28361.36,4,0.09,0.77,0.55,2,0,1,1,1,33366.3,0
6998,15689061,Davey,Aerospace International Logistics Specialist,25/04/1983,08/11/1989,,Blue Collar,Permanent,Full Time,Fixed,Active,High,Male,39,"33 Years, 1 Months",33,29986.82,3,0.41,0.78,0.61,2,0,1,1,1,34868.4,0
6999,15640074,Barrett,Accounting Coordinator,05/02/1988,23/05/2016,14/08/2018,White Collar,Permanent,Full Time,Fixed,Voluntarily Terminated,Medium,Female,35,"2 Years, 2 Months",2,27192.98,1,0.29,0.54,0.77,2,1,0,0,0,32372.6,1
7000,15776156,Dolgorukova,Customer Servce Administrative Officer,05/07/1994,27/10/2014,23/06/2021,Blue Collar,Permanent,Full Time,Fixed,Voluntarily Terminated,High,Male,28,"6 Years, 7 Months",6,27807.03,1,0.35,0.39,0.69,2,0,1,1,1,31598.9,1
7001,15739548,Johnson,Network Engineer,22/06/1974,03/03/2020,,White Collar,Permanent,Full Time,Flex and Fixed,Active,Medium,Male,48,"2 Years, 9 Months",2,64007.48,3,0.24,0.56,0.76,1,1,0,1,0,68825.25,0
7002,15662854,Manna,Perishable Warehouse Specialist - Air Logistics,22/06/1998,18/01/2021,,Blue Collar,Permanent,Full Time,Fixed,Active,Medium,Male,24,"1  Years, 11 Months",1,35690.5,4,0.4,0.63,0.81,0,0,0,0,0,35690.5,0
7003,15687688,Hou,Perishable Operational Care Specialist - Air Logistics,20/05/1969,02/04/2020,,Blue Collar,Permanent,Full Time,Fixed,Active,High,Female,53,"2 Years, 8 Months",2,31791.31,3,0.29,0.68,0.75,1,0,0,1,0,34184.2,0
7004,15715750,Okeke,Business Development Manager,14/11/1982,26/08/2013,19/11/2014,White Collar,Permanent,Full Time,Flex and Fixed,Voluntarily Terminated,Medium,Female,40,"1 Years, 2 Months",1,45858.6,1,0.48,0.48,0.54,4,1,0,0,0,49846.3,1
7005,15571121,Kodilinyechukwu,Gateway & Procurement Team Leader- Air Logistics,23/09/1968,22/11/2009,,White Collar,Permanent,Full Time,Fixed,Active,Low,Female,54,"13 Years, 0 Months",13,39326.38,1,0.57,0.85,0.87,2,0,1,0,1,41050.5,0
7006,15726466,Esposito,IT-Support,03/01/1960,09/10/2018,,White Collar,Permanent,Full Time,Fixed,Active,Low,Male,63,"4 Years, 2 Months",4,32575.23,2,0.37,0.82,0.66,1,0,0,1,0,36194.7,0
7007,15660390,Boyle,Technical Support Engineer,10/06/1964,11/05/2013,,White Collar,Permanent,Full Time,Flex and Fixed,Active,High,Female,58,"9 Years, 7 Months",9,55566.82,2,0.24,0.44,0.39,1,1,1,1,1,59621.05,0
7008,15663942,Hsiung,Senior DevOps Engineer,24/09/1968,23/06/2018,,White Collar,Permanent,Full Time,Flex and Fixed,Active,Low,Female,54,"4 Years, 5 Months",4,62715.01,3,0.75,0.86,0.97,1,1,0,0,0,70466.3,0
7009,15638610,Kennedy,Technical Support Engineer,13/05/1979,25/01/1987,24/01/2019,White Collar,Permanent,Full Time,Flex and Fixed,Voluntarily Terminated,Low,Female,43,"31 Years, 11 Months",31,51976.51,1,0.11,0.56,0.68,5,1,0,1,0,61876.8,1
7010,15644446,Norton,Revenue Care Specialist- Air Logistics,18/09/1972,02/08/2017,,White Collar,Permanent,Full Time,Fixed,Active,Medium,Female,50,"5 Years, 4 Months",5,38664.95,3,0.37,0.69,0.94,1,1,1,0,1,42961.05,0
7011,15585892,Zakharov,Business Development Manager,28/11/1957,18/11/1992,,White Collar,Permanent,Full Time,Flex and Fixed,Active,Medium,Female,65,"30 Years, 1 Months",30,37306.29,1,0.35,0.91,0.85,5,1,0,0,0,53294.7,0
7012,15609356,Chimaraoke,Customer Care Specialist-Key Accounts,02/02/1976,08/06/2019,,White Collar,Permanent,Full Time,Fixed,Active,Low,Female,47,"3 Years, 6 Months",3,30077.18,4,0.36,0.99,0.94,2,0,0,0,0,32341.05,0
7013,15803378,Small,Gateway & Procurement Team Leader- Air Logistics,26/10/1998,27/01/2012,,White Collar,Permanent,Full Time,Fixed,Active,High,Male,24,"10  Years, 10 Months",10,37780.07,3,0.72,0.76,0.84,1,0,1,1,1,41977.85,0
7014,15599440,McGregor,Stock Investigator & Analyst,28/08/1982,29/10/2013,,White Collar,Permanent,Full Time,Flex and Fixed,Active,Medium,Female,40,"9 Years, 1 Months",9,40975.57,2,0.68,0.63,0.67,2,1,0,1,0,46563.15,0
7015,15692408,Brown,Account Manager ,18/04/1983,15/02/1991,,White Collar,Permanent,Full Time,Fixed,Active,Low,Female,39,"31 Years, 10 Months",31,29898.66,3,0.7,0.21,0.62,1,1,1,1,1,33975.75,0
7016,15683168,Frederickson,Java Software Engineer ,14/04/1968,17/08/2011,,White Collar,Permanent,Full Time,Flex and Fixed,Active,Medium,Female,54,"11 Years, 4 Months",11,58318.04,3,0.24,0.63,0.43,1,1,1,0,1,66270.5,0
7017,15790254,Wood,Aerospace International Logistics Specialist,23/11/1995,29/12/2019,,Blue Collar,Permanent,Full Time,Fixed,Active,High,Male,27,"2 Years, 11 Months",2,34043.79,4,0.35,0.58,0.51,2,0,1,1,1,36216.8,0
7018,15767729,Smith,Business Development Executive,19/12/1988,04/01/2010,11/03/2016,White Collar,Permanent,Full Time,Flex and Fixed,Voluntarily Terminated,High,Male,34,"6 Years, 2 Months",6,37686.53,2,0.44,0.52,0.84,2,0,1,1,1,40523.15,1
7019,15768600,Harris,Recruiter,05/07/1958,10/09/2012,25/05/2021,White Collar,Permanent,Full Time,Fixed,Terminated for Cause,High,Male,64,"10  Years, 3 Months",10,35843.04,1,0.14,0.43,0.64,2,0,0,1,0,41198.9,1
7020,15699839,Hall,Gateway & Procurement Team Leader- Air Logistics,04/10/1999,12/11/2019,,White Collar,Permanent,Full Time,Fixed,Active,High,Male,23,"3 Years, 1 Months",3,36066.3,1,0.44,0.81,0.81,1,0,1,1,1,38368.4,0
7021,15786237,Pickworth,Analyst Programmer ,17/01/1980,17/10/2020,,White Collar,Permanent,Full Time,Flex and Fixed,Active,High,Male,43,"2 Years, 2 Months",2,59454,4,0.52,0.62,0.73,2,1,0,1,0,60667.35,0
7022,15694530,Porter,Aerospace International Logistics Specialist,26/11/1984,08/06/1989,,Blue Collar,Permanent,Full Time,Fixed,Active,High,Male,38,"33 Years, 6 Months",33,27329.7,3,0.8,0.83,0.5,4,0,1,1,1,32927.35,0
7023,15796813,Storey,Gateway & Procurement Specialist - Air Logistics,25/01/1981,23/02/2009,25/11/2019,Blue Collar,Permanent,Full Time,Fixed,Voluntarily Terminated,High,Male,42,"10 Years, 9 Months",10,33518.89,2,0.28,0.47,0.99,5,0,0,1,0,34988.4,1
7024,15605791,Li,Finance Analyst,26/01/1959,31/08/2015,,White Collar,Permanent,Full Time,Flex and Fixed,Active,Low,Male,64,"7 Years, 3 Months",7,46506.46,1,0.38,0.52,0.61,1,1,0,1,0,50550.5,0
7025,15714087,McGill,Senior DevOps Engineer,15/05/1987,07/04/2013,,White Collar,Permanent,Full Time,Flex and Fixed,Active,Medium,Female,35,"9 Years, 8 Months",9,62381.91,4,0.22,0.57,0.97,1,1,0,1,0,68551.55,0
7026,15711446,Sinclair,National Service Excellence Specialist- Air Logistics,23/08/1991,26/10/2007,15/06/2019,White Collar,Permanent,Full Time,Flex and Fixed,Voluntarily Terminated,Medium,Female,31,"11 Years, 7 Months",11,29026.1,1,0.09,0.48,1,2,0,0,1,0,32984.2,1
7027,15588123,Horton,Apprentice,14/06/2003,15/05/2022,,Blue Collar,Apprentice,Full Time,Fixed,Active,Low,Female,19,"0 Years, 7 Months",0,22221.05,3,1,0.78,0.89,0,0,1,1,1,22221.05,0
7028,15748552,Sal,National Air Logistics Gateway Trade Lane Specialist,11/06/1982,08/12/2016,,White Collar,Permanent,Full Time,Fixed,Active,High,Male,40,"6 Years, 0 Months",6,31604.77,4,0.26,0.65,0.59,3,0,0,0,0,33622.1,0
7029,15618410,Murray,Software Engineer,18/06/1991,02/01/2020,,White Collar,Permanent,Full Time,Flex and Fixed,Active,Low,Male,31,"2 Years, 11 Months",2,64320.71,1,0.81,0.42,0.74,2,1,0,0,0,70682.1,0
7030,15672432,Giles,Customer Servce Administrative Officer,14/08/1992,22/09/2011,31/10/2017,Blue Collar,Permanent,Full Time,Fixed,Voluntarily Terminated,High,Female,30,"6 Years, 1 Months",6,31567.17,2,0.29,0.22,0.61,4,0,0,1,0,33582.1,1
7031,15610042,Brown,Transport Controller,30/08/1960,27/05/2013,,Blue Collar,Temporary,Full Time,Fixed,Active,Low,Male,62,"9 Years, 6 Months",9,24552.31,2,0.93,0.71,0.96,7,0,0,1,0,28221.05,0
7032,15580914,Okechukwu,Warehouse Quality Control Specialist - Air Logistics,19/12/2000,04/01/2020,02/01/2021,Blue Collar,Permanent,Full Time,Fixed,Voluntarily Terminated,High,Male,22,"0 Years, 11 Months",0,25560.5,4,0.24,0.44,0.68,4,0,1,0,1,27783.15,1
7033,15583680,White,Customer Brokerage Specialist,22/03/1984,17/10/1992,,Blue Collar,Permanent,Full Time,Fixed,Active,Low,Male,38,"30  Years, 2 Months",30,28038.28,3,0.3,0.6,0.52,2,1,1,0,0,33378.9,0
7034,15813718,Kirillova,Inventory Clerk,17/07/2002,31/12/2021,,Blue Collar,Temporary,Full Time,Fixed,Active,Medium,Male,20,"0 Years, 11 Months",0,26959.95,3,0.27,0.68,0.61,0,0,0,0,0,26959.95,0
7035,15767264,Lawson,Technical Support Engineer,24/01/1979,18/05/2016,11/09/2021,White Collar,Permanent,Full Time,Flex and Fixed,Voluntarily Terminated,Low,Male,44,"5 Years, 3 Months",5,53979.12,4,0.29,0.53,0.41,5,1,0,0,0,59976.8,1
7036,15686461,Sarratt,Pricing Analyst,09/09/1990,20/08/2012,,White Collar,Permanent,Full Time,Flex and Fixed,Active,Medium,Female,32,"10  Years, 3 Months",10,43742.84,1,0.08,0.8,0.82,3,1,1,1,1,48603.15,0
7037,15678882,Hay,Customer Servce Administrative Officer,15/09/1995,14/11/2017,,Blue Collar,Permanent,Full Time,Fixed,Active,Low,Male,27,"5 Years, 1 Months",5,31848.62,2,0.23,0.97,0.82,1,0,0,0,0,35387.35,0
7038,15789611,Lin,Internal Trainer,26/02/1956,25/04/1983,05/03/2022,White Collar,Permanent,Full Time,Fixed,Voluntarily Terminated,High,Male,67,"38 Years, 10 Months",38,20322.7,1,0.39,0.47,0.47,5,0,0,0,0,34445.25,1
7039,15668679,Ozerova,Business Development Executive,19/05/1985,06/01/2018,,White Collar,Permanent,Full Time,Flex and Fixed,Active,Low,Male,37,"4 Years, 11 Months",4,37103.11,1,0.94,0.96,0.93,3,0,1,1,1,43143.15,0
7040,15631685,Lambert,Project Coordinator,07/04/1981,07/07/2018,,White Collar,Permanent,Full Time,Fixed,Active,Low,Male,41,"4 Years, 5 Months",4,33795.18,3,0.22,0.81,0.45,1,0,1,0,1,36338.9,0
7041,15655658,Bulgakov,National Perishable Air Logistics Development Manager Retail,06/06/1957,26/04/2011,,White Collar,Permanent,Full Time,Flex and Fixed,Active,Medium,Female,65,"11 Years, 7 Months",11,30906.21,3,0.3,0.86,0.65,4,1,1,1,1,37690.5,0
7042,15753591,He,Stock Investigator & Analyst,24/02/1989,18/11/2014,,White Collar,Permanent,Full Time,Flex and Fixed,Active,Low,Male,34,"8 Years, 1 Months",8,40266.34,4,0.88,0.59,0.82,3,1,0,1,0,46283.15,0
7043,15617348,Uchechukwu,Cloud Service Analyst,01/05/1979,06/02/2021,,White Collar,Permanent,Full Time,Flex and Fixed,Active,Low,Male,43,"1  Years, 10 Months",1,61571.33,2,0.29,0.53,0.97,1,1,0,0,0,64136.8,0
7044,15704581,Robertson,Network Engineer,13/03/1980,05/08/2019,,White Collar,Permanent,Full Time,Flex and Fixed,Active,Medium,Male,42,"3 Years, 4 Months",3,61015.96,1,0.3,0.57,0.86,2,1,1,0,1,67050.5,0
7045,15738487,Leworthy,Stock Investigator & Analyst,01/01/1983,15/04/2014,,White Collar,Permanent,Full Time,Flex and Fixed,Active,Medium,Male,40,"8 Years, 8 Months",8,42648.26,3,0.21,0.7,0.48,2,1,0,1,0,46356.8,0
7046,15648069,Onyemachukwu,Cloud Service Analyst,26/12/1979,25/08/2015,,White Collar,Permanent,Full Time,Flex and Fixed,Active,Low,Female,43,"7 Years, 3 Months",7,54358.51,4,0.8,0.58,0.59,1,1,1,1,0,62481.05,0
7047,15737627,Rivero,Gateway & Procurement Specialist - Air Logistics,19/04/1983,02/05/2006,,Blue Collar,Permanent,Full Time,Fixed,Active,High,Female,39,"16 Years, 7 Months",16,31247.44,3,0.3,0.43,0.86,4,0,0,1,0,34337.85,0
7048,15731586,Lai,Sales Account Manager,06/08/1984,21/12/2011,,White Collar,Permanent,Full Time,Fixed,Active,High,Female,38,"10 Years, 11 Months",10,28501.23,2,0.8,0.92,0.82,1,1,0,0,0,33140.97,0
7049,15757467,Feng,Aerospace International Logistics Specialist,18/04/1996,02/10/2015,,Blue Collar,Permanent,Full Time,Fixed,Active,Low,Male,26,"7 Years, 2 Months",7,28120.23,1,0.29,0.24,0.7,2,0,1,1,1,32322.1,0
7050,15597709,Hornung,Gateway & Procurement Team Leader- Air Logistics,10/03/1979,12/10/2013,02/01/2017,White Collar,Permanent,Full Time,Fixed,Voluntarily Terminated,Medium,Female,44,"3 Years, 2 Months",3,39707.37,1,0.5,0.67,0.52,4,0,0,1,1,43160.18,1
7051,15720529,Schiavone,Aerospace International Logistics Specialist,23/12/1985,08/12/2021,,Blue Collar,Permanent,Full Time,Fixed,Active,High,Male,37,"1  Years, 0 Months",1,32528.4,4,0.9,0.68,0.84,0,0,1,1,1,32528.4,0
7052,15596797,Barnet,National Air Logistics Pharma Compliance Specialist,05/01/2001,07/09/2021,,Blue Collar,Permanent,Full Time,Fixed,Active,High,Male,22,"1  Years, 3 Months",1,32227.35,3,0.27,0.54,0.75,0,0,1,1,1,32227.35,0
7053,15681755,Dennys,National Air Logistics Gateway Trade Lane Specialist,23/07/1985,26/10/2005,,White Collar,Permanent,Full Time,Fixed,Active,High,Female,37,"17 Years, 1 Months",17,31058.46,1,0.29,0.73,0.63,2,0,1,1,1,33040.92,0
7054,15815271,Ritchie,Forklift Operator,30/08/2001,13/10/2012,09/05/2014,Blue Collar,Temporary,Full Time,Fixed,Voluntarily Terminated,High,Male,21,"10  Years, 2 Months",10,22727.34,2,0.3,0.59,0.41,4,0,0,1,0,25252.6,1
7055,15682860,Lo,Account Manager ,26/07/1968,30/06/2016,,White Collar,Permanent,Full Time,Fixed,Active,Low,Male,54,"6 Years, 5 Months",6,36300.1,2,0.47,0.22,0.64,3,1,0,0,0,37812.6,0
7056,15621546,Yuriev,Aerospace International Logistics Specialist,25/07/1962,02/03/1998,,Blue Collar,Permanent,Full Time,Fixed,Active,Low,Female,60,"24 Years, 9 Months",24,35487.32,4,0.43,0.49,0.83,1,0,1,1,1,36211.55,0
7057,15705918,Howarth,Gateway & Procurement Team Leader- Air Logistics,09/04/2001,27/10/2021,,White Collar,Permanent,Full Time,Fixed,Active,Medium,Male,21,"1  Years, 1 Months",1,38337.15,2,0.69,0.91,1,1,0,1,1,1,40784.2,0
7058,15684512,Gibson,Customer Servce Administrative Officer,02/11/1985,28/12/1987,,Blue Collar,Permanent,Full Time,Fixed,Active,Medium,Female,37,"34 Years, 11 Months",34,29837.81,3,0.3,0.18,0.97,3,0,1,1,1,31081.05,0
7059,15671769,Zikoranachidimma,Stock Investigator & Analyst,20/06/1955,28/06/1989,28/01/2021,White Collar,Permanent,Full Time,Flex and Fixed,Voluntarily Terminated,High,Female,67,"31 Years, 7 Months",31,33661.1,1,0.29,0.41,0.41,5,1,1,1,1,48784.2,1
7060,15642934,Mason,Perishable Apprentice- Air Logistics,29/11/2003,21/05/2022,,Blue Collar,Apprentice,Full Time,Fixed,Active,Low,Female,19,"0 Years, 6 Months",0,23730.5,4,0.66,0.56,0.66,0,0,0,1,0,23730.5,0
7061,15594305,Rizzo,Project Manager,06/10/1955,24/01/1993,,White Collar,Permanent,Full Time,Flex and Fixed,Active,Low,Female,67,"29 Years, 10 Months",29,31045.62,3,0.77,0.84,0.62,2,1,0,1,0,44993.65,0
7062,15789201,Thomson,Business Development Manager,16/01/1969,28/04/2011,,White Collar,Permanent,Full Time,Flex and Fixed,Active,Low,Female,54,"11  Years, 7 Months",11,40769.15,1,0.27,0.59,0.49,3,1,0,1,0,48534.7,0
7063,15706762,Ignatyev,Air Quality Manager healthcare,23/09/1975,07/02/2020,,White Collar,Permanent,Full Time,Flex and Fixed,Active,Medium,Female,47,"2 Years, 10 Months",2,65326.76,4,1,0.88,0.62,1,1,1,1,1,71007.35,0
7064,15766183,Ferguson,Trucking Specialist - Air Logistics,21/06/1982,03/08/2008,,Blue Collar,Permanent,Full Time,Fixed,Active,Low,Male,40,"14 Years, 4 Months",14,34639.47,3,0.84,0.8,0.52,1,0,1,1,1,36850.5,0
7065,15777994,Woods,Data Engineer,20/12/1991,24/10/2018,,White Collar,Permanent,Full Time,Flex and Fixed,Active,Low,Female,31,"4 Years, 1 Months",4,65675.58,3,0.52,0.53,0.63,1,1,1,1,1,70618.9,0
7066,15568162,Sung,Material Handler ,17/03/2002,03/08/2021,,Blue Collar,Temporary,Full Time,Fixed,Active,Medium,Male,20,"1  Years, 4 Months",1,28312.6,3,0.66,0.53,0.83,0,0,1,1,1,28312.6,0
7067,15680643,Lo,Accounting Coordinator,03/08/1956,22/06/2015,,White Collar,Permanent,Full Time,Fixed,Active,Medium,Female,66,"7  Years, 5 Months",7,33315.95,3,0.29,0.3,0.67,1,1,1,1,1,37433.65,0
7068,15761854,Burn,Finance Analyst,30/10/1980,08/09/2013,,White Collar,Permanent,Full Time,Flex and Fixed,Active,High,Female,42,"9 Years, 3 Months",9,43528.36,4,0.58,0.91,0.7,3,1,1,0,1,50032.6,0
7069,15730793,Russell,BI Developer,13/02/1968,06/11/2012,25/10/2017,White Collar,Permanent,Full Time,Flex and Fixed,Voluntarily Terminated,High,Female,55,"4 Years, 11 Months",4,52953.36,2,0.3,0.32,0.66,4,1,1,1,1,58190.5,1
7070,15692137,Jen,Inventory Clerk,06/03/2003,20/08/2022,,Blue Collar,Temporary,Full Time,Fixed,Active,High,Female,19,"0 Years, 3 Months",0,26139.95,3,0.35,0.73,0.87,0,0,1,1,1,26139.95,0
7071,15608595,Lo Duca,Account Manager ,23/07/1969,11/06/2016,,White Collar,Permanent,Full Time,Fixed,Active,Medium,Female,53,"6  Years, 6 Months",6,30433.21,3,0.72,0.87,0.54,1,1,1,0,1,32375.75,0
7072,15709459,Oluchi,BI Developer,30/03/1964,08/11/1999,,White Collar,Permanent,Full Time,Flex and Fixed,Active,High,Female,58,"23 Years, 1 Months",23,49983.157,4,0.27,0.57,0.73,3,1,1,1,1,58119.95,0
7073,15775750,Yao,Transport Controller,14/01/1983,20/12/2012,,Blue Collar,Temporary,Full Time,Fixed,Active,Low,Male,40,"9 Years, 11 Months",9,23526.54,3,0.1,0.62,0.94,2,0,0,1,0,26734.7,0
7074,15585855,Gould,Technical Support Engineer,15/11/1985,25/07/2013,,White Collar,Permanent,Full Time,Flex and Fixed,Active,Low,Male,37,"9 Years, 4 Months",9,51669.74,4,0.42,0.55,0.91,3,1,1,1,0,59390.5,0
7075,15752139,Salter,National Perishable Air Logistics Development Manager Seafood,05/01/1996,04/12/2018,,White Collar,Permanent,Full Time,Flex and Fixed,Active,Medium,Male,27,"4 Years, 0 Months",4,33139.15,1,0.29,0.93,0.57,2,1,0,1,0,34519.95,0
7076,15768295,Warner,National Perishable Air Logistics Development Manager Retail,27/10/1979,30/03/2018,,White Collar,Permanent,Full Time,Flex and Fixed,Active,Medium,Female,43,"4 Years, 8 Months",4,34444.22,3,0.15,0.3,0.47,2,1,1,0,0,37036.8,0
7077,15766906,Salier,Regional Air logistics Trainer Specialist,02/01/1995,24/06/2013,,White Collar,Permanent,Full Time,Fixed,Active,High,Female,28,"9 Years, 5 Months",9,27611.57,3,0.29,0.57,0.7,3,0,0,1,0,32484.2,0
7078,15725776,Lazar,Operations Specialist,07/08/1982,08/09/2014,,Blue Collar,Permanent,Full Time,Fixed,Active,Low,Male,40,"8 Years, 3 Months",8,32398.78,1,0.92,0.9,0.85,2,0,0,0,0,36816.8,0
7079,15682576,Onyenachiya,IT System Engineer,31/03/1987,21/12/2016,,White Collar,Permanent,Full Time,Flex and Fixed,Active,Low,Male,35,"5 Years, 11 Months",5,63464.36,2,0.77,0.83,0.79,4,1,1,0,1,69741.05,0
7080,15704081,Findlay,Business Development Executive,16/02/1956,20/07/2011,,White Collar,Permanent,Full Time,Flex and Fixed,Active,High,Male,67,"11  Years, 4 Months",11,34541.68,1,0.35,0.38,0.64,3,0,1,1,1,41121.05,0
7081,15719940,Gibbons,Finance Analyst,04/01/1964,22/05/1996,04/08/2014,White Collar,Permanent,Full Time,Flex and Fixed,Voluntarily Terminated,Medium,Female,59,"18 Years, 2 Months",18,45987.99,2,0.27,0.35,0.95,2,1,0,0,1,49449.45,1
7082,15672894,McCawley,National Air Logistics Gateway Trade Lane Specialist,04/10/1958,03/05/1985,,White Collar,Permanent,Full Time,Fixed,Active,High,Female,64,"37 Years, 7 Months",37,20441.32,4,0.82,0.7,1,3,0,0,0,0,34646.3,0
7083,15667451,Taylor,Transport Controller,22/04/1981,22/11/2018,,Blue Collar,Temporary,Full Time,Fixed,Active,Medium,Male,41,"4 Years, 0 Months",4,25572.34,1,0.52,0.26,0.73,2,0,1,1,1,26637.85,0
7084,15636767,Yang,Perishable Warehouse Specialist - Air Logistics,15/09/1987,05/02/2014,,Blue Collar,Permanent,Full Time,Fixed,Active,Medium,Female,35,"8 Years, 10 Months",8,28815.06,2,0.27,0.58,0.58,1,0,1,1,1,33120.76,0
7085,15571415,Okwudiliolisa,Accounts Payable,25/04/1984,05/07/2015,28/02/2019,White Collar,Permanent,Full Time,Fixed,Voluntarily Terminated,High,Male,38,"3 Years, 7 Months",3,29746.58,1,0.38,0.69,0.57,2,1,0,1,0,35412.6,1
7086,15575605,Napolitano,Aerospace International Logistics Specialist,02/08/1980,16/05/2020,,Blue Collar,Permanent,Full Time,Fixed,Active,Medium,Male,42,"2 Years, 7 Months",2,29377.67,2,0.42,0.88,0.6,2,0,1,1,0,32283.15,0
7087,15649160,Vavilov,National Perishable Air Logistics Development Manager Seafood,10/12/1994,12/06/2020,,White Collar,Permanent,Full Time,Flex and Fixed,Active,Low,Female,28,"2 Years, 6 Months",2,33742.92,2,0.27,0.57,0.91,2,1,1,1,1,34431.55,0
7088,15615832,Teague,Perishable Warehouse Specialist - Air Logistics,22/01/1999,06/09/2012,,Blue Collar,Permanent,Full Time,Fixed,Active,Low,Female,24,"10 Years, 3 Months",10,30834.17,2,0.13,0.94,0.8,11,0,1,0,1,36707.35,0
7089,15600975,Chiemenam,National Air Logistics Transport Manager,02/02/1986,13/10/2018,15/06/2020,White Collar,Permanent,Full Time,Flex and Fixed,Voluntarily Terminated,Low,Female,37,"1 Years, 8 Months",1,66120.86,2,0.45,0.44,0.58,4,1,0,1,0,71870.5,1
7090,15690772,Hughes,Gateway & Procurement Team Leader- Air Logistics,24/05/1995,21/10/2017,,White Collar,Permanent,Full Time,Fixed,Active,Low,Female,27,"5 Years, 1 Months",5,34647.21,3,0.53,0.46,0.49,1,0,1,1,1,38929.45,0
7091,15565714,Cattaneo,Perishable Operational Care Specialist - Air Logistics,17/08/1996,19/01/2017,,Blue Collar,Permanent,Full Time,Fixed,Active,High,Male,26,"5 Years, 10 Months",5,31326.62,2,0.58,0.49,0.57,2,0,1,0,1,34807.35,0
7092,15763108,Davis,Internal Trainer,27/07/1977,28/01/2013,27/11/2020,White Collar,Permanent,Full Time,Fixed,Voluntarily Terminated,Low,Male,45,"7 Years, 9 Months",7,29521.36,2,0.3,0.49,1,5,0,0,1,1,32441.05,1
7093,15723884,Nekrasova,National Service Excellence Specialist- Air Logistics,03/05/1999,11/10/2014,,White Collar,Permanent,Full Time,Flex and Fixed,Active,Low,Male,23,"8 Years, 2 Months",8,28321.68,3,0.29,0.29,0.95,2,0,0,0,0,32553.65,0
7094,15644453,Loggia,Java Software Engineer ,10/09/1955,24/03/2014,15/03/2021,White Collar,Permanent,Full Time,Flex and Fixed,Voluntarily Terminated,Medium,Female,67,"6 Years, 11 Months",6,63911.89,2,0.57,0.36,0.69,5,1,0,1,1,69469.45,1
7095,15655464,Combes,National Perishable Air Logistics Development Manager Retail,28/02/1996,12/04/2020,,White Collar,Permanent,Full Time,Flex and Fixed,Active,Medium,Female,27,"2 Years, 8 Months",2,35259.32,4,0.57,0.56,0.64,2,1,1,0,1,35978.9,0
7096,15783883,Onwuka,National Perishable Air Logistics Development Manager Retail,20/10/1979,14/07/2015,05/04/2019,White Collar,Permanent,Full Time,Flex and Fixed,Voluntarily Terminated,High,Female,43,"7  Years, 5 Months",7,27475.94,1,0.12,0.18,0.49,2,1,0,1,0,32709.45,1
7097,15787693,Kharlamov,Accountant,27/09/1980,03/09/2013,16/09/2021,White Collar,Permanent,Full Time,Fixed,Voluntarily Terminated,Medium,Male,42,"8 Years, 0 Months",8,30006.02,2,0.37,0.42,0.83,2,1,0,1,0,32973.65,1
7098,15664793,Scott,Analyst Programmer ,10/11/1971,28/04/2021,,White Collar,Permanent,Full Time,Flex and Fixed,Active,High,Female,51,"1  Years, 7 Months",1,59578.9,3,0.09,0.58,0.96,0,1,1,0,1,59578.9,0
7099,15642391,Lettiere,Accounts Payable,10/04/1998,04/06/2013,04/01/2021,White Collar,Permanent,Full Time,Fixed,Voluntarily Terminated,Low,Male,24,"7 Years, 7 Months",7,30608.62,4,0.52,0.21,0.6,4,1,0,0,0,36877.85,1
7100,15756538,Osonduagwuike,Business Analyst,02/05/1958,10/12/1998,,White Collar,Permanent,Full Time,Flex and Fixed,Active,Medium,Female,64,"24 Years, 0 Months",24,33179.92,4,0.88,0.59,0.53,4,1,1,0,1,50272.6,0
7101,15668830,Wan,Customer Servce Administrative Officer,15/01/1996,30/11/2020,,Blue Collar,Permanent,Full Time,Fixed,Active,Medium,Male,27,"2 Years, 0 Months",2,33808.32,4,0.13,0.66,0.65,2,0,0,1,0,35966.3,0
7102,15796569,Donaldson,Material Handler ,09/05/2004,16/03/2022,,Blue Collar,Temporary,Full Time,Fixed,Active,High,Female,18,"0 Years, 9 Months",0,28232.6,4,0.3,0.58,0.82,0,0,1,0,1,28232.6,0
7103,15677112,Chukwufumnanya,Accounting Coordinator,02/04/1988,25/09/2017,,White Collar,Permanent,Full Time,Fixed,Active,High,Male,34,"5 Years, 2 Months",5,34387.96,2,0.3,0.66,0.49,3,1,0,1,0,36197.85,0
7104,15815040,Ma,Apprentice,23/03/2003,15/09/2009,20/09/2017,Blue Collar,Apprentice,Full Time,Fixed,Voluntarily Terminated,Medium,Female,19,"8 Years, 0 Months",8,21876.46,2,0.27,0.56,0.78,4,0,1,1,1,23472.6,1
7105,15590434,Alexander,Java Software Engineer ,04/09/1969,02/07/2014,,White Collar,Permanent,Full Time,Flex and Fixed,Active,Low,Male,53,"8 Years, 5 Months",8,63054.51,4,0.68,0.92,0.78,3,1,1,0,0,65818.9,0
7106,15597536,Nkemjika,Project Manager,15/12/1960,21/06/2008,,White Collar,Permanent,Full Time,Flex and Fixed,Active,High,Male,62,"14 Years, 5 Months",14,37279.33,1,0.2,0.56,0.69,2,1,0,0,0,40966.3,0
7107,15723989,Carroll,IT-Support,14/11/1958,10/08/2017,,White Collar,Permanent,Full Time,Fixed,Active,Low,Male,64,"5 Years, 4 Months",5,37362.63,4,0.47,0.57,0.59,1,0,1,1,1,40611.55,0
7108,15767358,Obioma,Perishable Warehouse Specialist - Air Logistics,21/01/1967,05/06/2019,,Blue Collar,Permanent,Full Time,Fixed,Active,High,Female,56,"3 Years, 6 Months",3,32080.01,4,0.1,0.99,0.79,1,0,0,1,0,32734.7,0
7109,15594812,Campbell,Transport Controller,26/04/2003,28/05/2022,,Blue Collar,Temporary,Full Time,Fixed,Active,Medium,Female,19,"0 Years, 6 Months",0,26362.1,2,0.1,0.76,0.93,0,0,1,0,1,26362.1,0
7110,15688210,Sims,Gateway & Procurement Team Leader- Air Logistics,26/02/2001,11/02/2014,,White Collar,Permanent,Full Time,Fixed,Active,Medium,Female,22,"8 Years, 10 Months",8,33073.75,2,0.12,0.78,0.91,1,0,0,0,0,38457.85,0
7111,15681509,McKay,National Perishable Air Logistics Development Manager Retail,17/04/2000,17/07/2018,,White Collar,Permanent,Full Time,Flex and Fixed,Active,High,Female,22,"4 Years, 5 Months",4,34814.59,1,0.8,0.99,0.48,2,1,1,0,1,37036.8,0
7112,15572390,Huang,Operations Specialist,09/02/1958,29/07/1983,,Blue Collar,Permanent,Full Time,Fixed,Active,Medium,Female,65,"39 Years, 4 Months",39,20200.77,1,0.67,0.71,0.95,1,0,0,1,0,35439.95,0
7113,15801441,Campbell,Analyst Programmer ,22/04/1987,26/04/2013,,White Collar,Permanent,Full Time,Flex and Fixed,Active,Low,Female,35,"9 Years, 7 Months",9,51728.53,3,0.13,0.51,0.96,2,1,1,0,1,60149.45,0
7114,15783859,Boni,Software Engineer,26/12/1955,08/12/1997,,White Collar,Permanent,Full Time,Flex and Fixed,Active,Medium,Female,67,"25 Years, 0 Months",25,46222.8,4,0.29,0.88,0.82,4,1,1,1,1,67974.7,0
7115,15575243,Gorbunova,Accountant,09/03/1968,11/01/2009,,White Collar,Permanent,Full Time,Fixed,Active,Medium,Female,55,"13 Years, 11 Months",13,31240.14,3,0.22,0.96,0.83,3,1,1,1,1,33591.55,0
7116,15773421,Genovese,Sea Logiscitcs Customer Care Specialist ,22/05/1990,29/10/2013,,Blue Collar,Permanent,Full Time,Fixed,Active,High,Female,32,"9 Years, 1 Months",9,30736.99,2,0.36,0.9,0.64,1,0,0,1,0,34928.4,0
7117,15788776,Landor,Customer Brokerage Specialist,08/10/1988,24/04/2010,02/06/2019,Blue Collar,Permanent,Full Time,Fixed,Voluntarily Terminated,Low,Male,34,"9 Years, 1 Months",9,28790.05,2,0.41,0.39,0.51,5,1,0,1,0,33476.8,1
7118,15765257,Meng,Stock Investigator & Analyst,23/03/1983,20/07/2014,16/08/2019,White Collar,Permanent,Full Time,Flex and Fixed,Voluntarily Terminated,Medium,Male,39,"5 Years, 0 Months",5,46166.42,2,0.18,0.36,0.5,2,1,1,1,1,50180.89,1
7119,15661412,Wardell,Project Manager,29/01/1968,04/01/2019,,White Collar,Permanent,Full Time,Flex and Fixed,Active,Low,Male,55,"3 Years, 11 Months",3,39946.01,4,0.26,0.85,0.67,2,1,0,1,0,42495.75,0
7120,15636478,Williams,National Perishable Air Logistics Development Manager Seafood,14/08/1988,06/01/2015,,White Collar,Permanent,Full Time,Flex and Fixed,Active,High,Male,34,"7 Years, 11 Months",7,30548.07,2,0.42,0.46,0.79,1,1,1,1,1,35938.9,0
7121,15603683,Ofodile,Accounting Coordinator,22/07/1984,18/01/2012,,White Collar,Permanent,Full Time,Fixed,Active,Medium,Female,38,"10  Years, 11 Months",10,28558.86,4,0.45,0.57,0.95,1,1,0,0,0,35257.85,0
7122,15651868,Clark,Gateway & Procurement Specialist - Air Logistics,08/04/1983,19/12/2004,,Blue Collar,Permanent,Full Time,Fixed,Active,Low,Male,39,"17  Years, 11 Months",17,28354.52,3,0.76,0.93,1,4,0,0,0,0,35443.15,0
7123,15815443,Lo,Analyst Programmer ,02/05/1979,31/08/2020,,White Collar,Permanent,Full Time,Flex and Fixed,Active,High,Female,43,"2 Years, 3 Months",2,58191.32,1,0.88,0.78,0.68,1,1,0,1,0,59378.9,0
7124,15682686,Chukwuemeka,Finance Analyst,14/05/1963,06/05/1997,,White Collar,Permanent,Full Time,Flex and Fixed,Active,High,Female,59,"25 Years, 7 Months",25,48195.02,3,0.39,0.68,1,3,1,1,0,1,50203.15,0
7125,15697460,Lai,Human Resoruces Coordinator,07/11/1982,07/11/2014,,White Collar,Permanent,Full Time,Fixed,Active,High,Male,40,"8 Years, 1 Months",8,29728.82,3,0.56,0.83,0.78,2,0,1,0,1,34568.4,0
7126,15748432,Arcuri,Warehouse Specialist - Air Logistics,03/04/1971,10/05/2017,,Blue Collar,Temporary,Full Time,Fixed,Active,Low,Female,51,"5 Years, 7 Months",5,25934.26,1,0.79,0.56,0.51,2,0,1,1,1,27886.3,0
7127,15698271,Graham,Java Software Engineer ,31/08/1990,10/08/2013,,White Collar,Permanent,Full Time,Flex and Fixed,Active,Low,Female,32,"9 Years, 4 Months",9,57921.07,1,0.26,0.93,0.78,3,1,0,1,0,68953.65,0
7128,15808662,Krylov,Accountant,12/09/1982,30/04/2022,,White Collar,Permanent,Full Time,Fixed,Active,Medium,Male,40,"0 Years, 7 Months",0,36223.15,2,0.26,0.13,0.53,0,1,0,1,0,36223.15,0
7129,15690372,Henry,Sea Logiscitcs Customer Care Specialist ,15/01/1980,04/09/2016,,Blue Collar,Permanent,Full Time,Fixed,Active,Medium,Male,43,"6 Years, 3 Months",6,32213.28,1,0.82,0.71,0.99,2,0,0,1,0,34269.45,0
7130,15781875,Jamieson,Transport Controller,17/06/1977,11/04/2016,,Blue Collar,Temporary,Full Time,Fixed,Active,High,Male,45,"6 Years, 8 Months",6,21968.92,4,0.42,0.98,0.74,1,0,1,1,1,25545.25,0
7131,15801473,Moore,Trucking Team Leader- Air Logistics,25/02/1973,26/06/2012,,White Collar,Permanent,Full Time,Fixed,Active,Medium,Male,50,"10  Years, 5 Months",10,31740.89,2,0.46,0.83,0.82,1,0,0,1,0,38708.4,0
7132,15704509,Tan,Sales Account Manager,07/01/1979,02/07/2018,,White Collar,Permanent,Full Time,Fixed,Active,High,Male,44,"4 Years, 5 Months",4,34094.78,3,0.97,0.78,0.65,2,1,0,0,0,36661.05,0
7133,15694666,Thornton,National Perishable Air Logistics Development Manager Seafood,16/12/1980,14/04/2009,13/03/2016,White Collar,Permanent,Full Time,Flex and Fixed,Voluntarily Terminated,High,Male,42,"6 Years, 10 Months",6,30669.65,4,0.18,0.35,0.58,2,1,1,1,1,32907.35,1
7134,15731166,Macleod,Operations Specialist,13/07/1987,15/12/2015,,Blue Collar,Permanent,Full Time,Fixed,Active,Medium,Female,35,"7 Years, 0 Months",7,33309.61,3,0.82,0.67,0.55,2,0,1,1,1,35435.75,0
7135,15728523,Rizzo,Pricing Analyst,22/02/1969,27/05/2012,,White Collar,Permanent,Full Time,Flex and Fixed,Active,Medium,Male,54,"10  Years, 6 Months",10,42027.99,2,0.21,0.86,0.88,4,1,1,1,1,51253.65,0
7136,15788442,Chukwukadibia,Sales Account Manager,22/12/1972,07/05/2016,,White Collar,Permanent,Full Time,Fixed,Active,Low,Female,50,"6 Years, 7 Months",6,32035.37,4,0.14,0.33,0.61,1,1,1,0,1,34821.05,0
7137,15689781,Ts'ai,Senior DevOps Engineer,16/12/1968,06/02/2007,07/08/2021,White Collar,Permanent,Full Time,Flex and Fixed,Voluntarily Terminated,Medium,Female,54,"14 Years, 6 Months",14,63837.15,1,0.54,0.3,0.86,4,1,0,0,0,68642.1,1
7138,15764226,Lu,IT-Support,27/04/1992,04/06/2015,,White Collar,Permanent,Full Time,Fixed,Active,Low,Female,30,"7 Years, 6 Months",7,30131.28,3,0.71,0.75,0.63,3,0,1,1,1,34633.65,0
7139,15809837,Kent,Customer Brokerage Specialist,06/02/1967,08/11/1997,09/03/2021,Blue Collar,Permanent,Full Time,Fixed,Voluntarily Terminated,Medium,Female,56,"23 Years, 4 Months",23,31653.62,2,0.44,0.39,0.98,2,1,1,1,1,34784.2,1
7140,15805212,Black,Senior DevOps Engineer,02/06/1956,20/08/2018,,White Collar,Permanent,Full Time,Flex and Fixed,Active,Medium,Female,66,"4  Years, 3 Months",4,66007.97,3,0.67,0.98,0.53,1,1,1,0,1,68049.45,0
7141,15716082,Chukwubuikem,Perishable Operational Care Specialist - Air Logistics,23/12/1980,24/11/2013,,Blue Collar,Permanent,Full Time,Fixed,Active,Low,Male,42,"9 Years, 0 Months",9,30806.68,4,0.27,0.72,0.48,1,0,0,0,0,36243.15,0
7142,15643056,McMillan,Network Engineer,11/12/1956,05/09/1985,,White Collar,Permanent,Full Time,Flex and Fixed,Active,Low,Female,66,"37 Years, 3 Months",37,42563.34,4,0.49,0.82,0.52,2,1,1,0,1,70938.9,0
7143,15654859,Ngozichukwuka,Material Handler ,29/05/2002,21/03/2019,03/12/2019,Blue Collar,Temporary,Full Time,Fixed,Voluntarily Terminated,Low,Female,20,"0 Years, 8 Months",0,26529.86,2,0.29,0.44,0.59,4,0,0,1,0,28836.8,1
7144,15761158,Y?an,Business Development Manager,27/04/1988,25/12/2013,,White Collar,Permanent,Full Time,Flex and Fixed,Active,Low,Female,34,"8 Years, 11 Months",8,43008.17,2,0.23,0.84,0.78,2,1,1,1,0,50597.85,0
7145,15577515,Sung,Network Engineer,24/03/1991,16/05/2017,26/10/2018,White Collar,Permanent,Full Time,Flex and Fixed,Voluntarily Terminated,Medium,Female,31,"1 Years, 5 Months",1,60783.89,2,0.3,0.42,0.74,4,1,1,0,1,66069.45,1
7146,15723827,Macartney,National Air Logistics Warehousing Manager,22/01/1985,05/06/2021,,White Collar,Permanent,Full Time,Fixed,Active,Low,Male,38,"1  Years, 6 Months",1,74712.24,3,0.18,0.53,0.51,1,1,0,0,0,77825.25,0
7147,15646594,Ali,Business Development Executive,30/05/1983,13/10/2020,,White Collar,Permanent,Full Time,Flex and Fixed,Active,High,Male,39,"2 Years, 2 Months",2,35326.9,2,0.41,0.5,0.5,1,0,1,1,1,40144.2,0
7148,15712877,Morley,BI Developer,06/08/1979,08/08/2021,,White Collar,Permanent,Full Time,Flex and Fixed,Active,Medium,Male,43,"1  Years, 4 Months",1,59583.15,1,0.68,0.36,0.95,0,1,0,1,0,59583.15,0
7149,15598802,Martin,Customer Servce Administrative Officer,03/04/1998,24/11/2019,,Blue Collar,Permanent,Full Time,Fixed,Active,Medium,Male,24,"3 Years, 0 Months",3,33616.36,2,0.3,0.33,0.38,1,0,1,0,1,36941.05,0
7150,15699340,Okorie,Warehouse Quality Control Specialist - Air Logistics,03/06/1977,09/04/2012,,Blue Collar,Permanent,Full Time,Fixed,Active,High,Male,45,"10  Years, 8 Months",10,22291.98,4,0.81,0.38,0.47,2,0,0,1,0,27520.96,0
7151,15691150,Ku,Business Development Executive,21/08/1975,13/01/2017,,White Collar,Permanent,Full Time,Flex and Fixed,Active,Low,Female,47,"5 Years, 11 Months",5,38489.96,3,0.81,0.7,0.9,3,0,1,1,1,40515.75,0
7152,15608688,Andreyeva,Air Quality Manager healthcare,27/03/1978,25/08/2018,,White Collar,Permanent,Full Time,Flex and Fixed,Active,High,Male,44,"4 Years, 3 Months",4,65475.42,3,0.27,0.44,0.45,1,1,0,1,0,69654.7,0
7153,15737998,Cheng,Accounting Coordinator,02/02/1992,10/03/2006,27/03/2015,White Collar,Permanent,Full Time,Fixed,Voluntarily Terminated,High,Male,31,"9 Years, 0 Months",9,33154.27,2,0.26,0.32,0.66,2,1,0,0,0,35270.5,1
7154,15735837,Hsia,Transport Controller,10/08/2002,04/05/2021,,Blue Collar,Temporary,Full Time,Fixed,Active,Medium,Male,20,"1  Years, 7 Months",1,28973.65,4,0.4,0.63,0.93,0,0,1,1,0,28973.65,0
7155,15659100,Lane,National Service Excellence Specialist- Air Logistics,17/05/2001,16/01/2014,,White Collar,Permanent,Full Time,Flex and Fixed,Active,Low,Male,21,"8 Years, 11 Months",8,27751.79,3,0.83,0.56,0.54,2,0,0,0,0,33037.85,0
7156,15609070,Findlay,Business Analyst,28/08/1987,08/01/2015,23/06/2022,White Collar,Permanent,Full Time,Flex and Fixed,Voluntarily Terminated,Low,Male,35,"7 Years, 5 Months",7,40298.22,2,0.29,0.56,0.78,5,1,1,1,1,45278.9,1
7157,15650313,Okonkwo,Accounts Payable,23/04/1972,28/03/2022,,White Collar,Permanent,Full Time,Fixed,Active,Low,Male,50,"0 Years, 8 Months",0,32184.2,1,0.72,0.81,0.78,0,1,1,1,1,32184.2,0
7158,15627699,Pirogova,Gateway & Procurement Specialist - Air Logistics,12/12/1998,25/07/2018,,Blue Collar,Permanent,Full Time,Fixed,Active,High,Male,24,"4 Years, 4 Months",4,32828.5,3,0.54,0.89,0.75,1,0,0,1,0,35683.15,0
7159,15591010,McDonald,Recruiter,05/12/1984,29/04/1992,28/11/2018,White Collar,Permanent,Full Time,Fixed,Terminated for Cause,High,Male,38,"26 Years, 6 Months",26,27278.85,2,0.16,0.63,0.87,5,0,0,1,1,40714.7,1
7160,15798895,Okonkwo,Accounts Payable,02/09/1995,12/09/2012,21/08/2015,White Collar,Permanent,Full Time,Fixed,Voluntarily Terminated,Low,Female,27,"10  Years, 3 Months",10,32343.12,2,0.6,0.64,0.66,4,1,0,1,0,35936.8,1
7161,15745375,Nnanna,National Service Excellence Specialist- Air Logistics,25/04/1975,17/07/2014,,White Collar,Permanent,Full Time,Flex and Fixed,Active,Medium,Male,47,"8 Years, 5 Months",8,31389.12,1,0.2,0.46,0.53,1,0,0,1,0,35669.45,0
7162,15775235,Ku,Technical Support Engineer,19/01/1990,11/03/2018,,White Collar,Permanent,Full Time,Flex and Fixed,Active,High,Female,33,"4 Years, 9 Months",4,53542.9,3,0.18,0.76,0.56,2,1,0,0,0,60844.2,0
7163,15780088,Porter,IT-Support,12/09/1958,16/04/2005,,White Collar,Permanent,Full Time,Fixed,Active,Medium,Male,64,"17 Years, 8 Months",17,31680.79,4,0.13,0.99,0.71,3,0,0,1,0,41685.25,0
7164,15649379,Somayina,National Air Logistics Gateway Trade Lane Specialist,01/05/1985,26/06/2008,,White Collar,Permanent,Full Time,Fixed,Active,Medium,Female,37,"14  Years, 5 Months",14,32114.35,3,0.82,0.85,0.76,1,0,1,1,1,34164.2,0
7165,15713983,Mao,Human Resoruces Coordinator,29/10/1981,16/02/2013,,White Collar,Permanent,Full Time,Fixed,Active,Medium,Male,41,"9 Years, 10 Months",9,30863.33,4,0.23,0.78,0.99,1,0,0,1,0,33915.75,0
7166,15709252,Fuller,Customer Servce Administrative Officer,18/05/1969,02/06/2001,20/01/2017,Blue Collar,Permanent,Full Time,Fixed,Terminated for Cause,Low,Female,53,"15 Years, 7 Months",15,24616.36,2,0.26,0.4,0.56,4,0,1,0,1,31159.95,1
7167,15699238,Craig,Gateway & Procurement Team Leader- Air Logistics,04/04/1975,26/09/2016,,White Collar,Permanent,Full Time,Fixed,Active,High,Female,47,"6 Years, 2 Months",6,37063.89,1,0.68,0.16,0.57,1,0,0,1,0,41182.1,0
7168,15732884,Trevisano,Java Software Engineer ,07/04/1968,10/05/1997,,White Collar,Permanent,Full Time,Flex and Fixed,Active,High,Male,54,"25 Years, 7 Months",25,64051.55,3,0.88,0.71,0.57,2,1,0,0,0,68139.95,0
7169,15587297,Ruiz,National Air Logistics Warehousing Manager,24/10/1983,18/09/2012,,White Collar,Permanent,Full Time,Fixed,Active,High,Male,39,"10  Years, 3 Months",10,61714.4,3,0.98,0.92,0.68,4,1,1,1,1,74354.7,0
7170,15684722,Fraser,Senior DevOps Engineer,29/07/1978,18/01/2012,,White Collar,Permanent,Full Time,Flex and Fixed,Active,Medium,Male,44,"10  Years, 11 Months",10,64440.44,3,0.94,0.21,0.98,7,1,0,0,0,69142.1,0
7171,15621244,Gallo,Revenue Care Specialist- Air Logistics,14/07/1984,27/11/2013,,White Collar,Permanent,Full Time,Fixed,Active,High,Male,38,"9 Years, 0 Months",9,38571.47,1,0.3,0.74,0.6,2,1,1,1,1,41474.7,0
7172,15744273,Waterhouse,Account Manager ,25/11/1982,21/09/2015,,White Collar,Permanent,Full Time,Fixed,Active,Low,Male,40,"7 Years, 2 Months",7,32657.49,4,0.3,0.76,0.6,3,1,0,1,0,35887.35,0
7173,15682540,Cremonesi,Customer Care Specialist-Key Accounts,10/09/1985,11/12/1998,,White Collar,Permanent,Full Time,Fixed,Active,Low,Female,37,"24 Years, 0 Months",24,28587.3,1,0.23,0.62,0.95,1,0,1,1,1,33241.05,0
7174,15636521,Feng,Business Development Manager,21/01/1972,27/01/2014,,White Collar,Permanent,Full Time,Flex and Fixed,Active,Low,Female,51,"8 Years, 10 Months",8,41407.62,3,0.13,1,0.61,1,1,1,1,1,48148.4,0
7175,15785339,H?,National Perishable Air Logistics Development Manager Seafood,05/12/1975,14/08/2021,,White Collar,Permanent,Full Time,Flex and Fixed,Active,Low,Female,47,"1  Years, 4 Months",1,36979.95,3,0.4,0.67,0.54,0,1,0,0,0,36979.95,0
7176,15638983,Jara,Accountant,15/02/1994,17/11/2014,,White Collar,Permanent,Full Time,Fixed,Active,Low,Female,29,"8 Years, 1 Months",8,31844.57,3,0.29,0.81,0.87,3,1,0,0,0,37464.2,0
7177,15654625,Wilson,Perishable Warehouse Specialist - Air Logistics,29/09/2000,28/05/2015,,Blue Collar,Permanent,Full Time,Fixed,Active,Low,Male,22,"7 Years, 6 Months",7,29852.53,4,0.13,0.84,0.69,1,0,1,1,1,32448.4,0
7178,15697310,O'Callaghan,Aerospace International Logistics Specialist,23/02/1981,16/11/2012,,Blue Collar,Permanent,Full Time,Fixed,Active,Medium,Female,42,"10  Years, 1 Months",10,28014.28,4,0.08,0.84,0.99,1,0,0,0,0,35017.85,0
7179,15678210,Robson,Customer Care Specialist-Key Accounts,02/09/1987,09/06/2012,,White Collar,Permanent,Full Time,Fixed,Active,Medium,Male,35,"10  Years, 6 Months",10,27770.36,2,0.35,0.97,0.97,5,0,1,1,1,33059.95,0
7180,15575438,Pease,Gateway & Procurement Specialist - Air Logistics,09/04/1978,07/03/2017,,Blue Collar,Permanent,Full Time,Fixed,Active,Medium,Male,44,"5 Years, 9 Months",5,34752,1,0.25,0.7,0.5,1,0,1,1,1,36581.05,0
7181,15632789,Maclean,Java Software Engineer ,14/06/1978,04/09/2022,,White Collar,Permanent,Full Time,Flex and Fixed,Active,Medium,Male,44,"0 Years, 3 Months",0,70356.8,3,0.11,0.52,0.74,0,1,1,1,1,70356.8,0
7182,15621423,Lavrentyev,Gateway & Procurement Specialist - Air Logistics,15/10/1956,25/09/1990,16/04/2022,Blue Collar,Permanent,Full Time,Fixed,Voluntarily Terminated,Low,Female,66,"31 Years, 6 Months",31,25023.02,2,0.41,0.46,0.88,4,0,0,0,1,36265.25,1
7183,15573520,Rhodes,National Air Logistics Gateway Trade Lane Specialist,03/11/1968,30/03/2020,,White Collar,Permanent,Full Time,Fixed,Active,Medium,Male,54,"2 Years, 8 Months",2,29834.67,4,0.27,1,0.87,1,0,1,0,1,33522.1,0
7184,15740458,Murphy,Customer Servce Administrative Officer,22/05/1957,06/04/2019,,Blue Collar,Permanent,Full Time,Fixed,Active,Low,Male,65,"3 Years, 8 Months",3,32549.38,2,0.21,0.91,0.58,2,0,0,1,0,33213.65,0
7185,15762799,Alexander,Accountant,18/04/1955,14/09/2009,,White Collar,Permanent,Full Time,Fixed,Active,Medium,Male,67,"13  Years, 3 Months",13,32025.28,4,0.15,0.16,0.69,4,1,1,1,1,37676.8,0
7186,15686885,Nekrasov,IT-Support,07/04/1979,05/05/2020,,White Collar,Permanent,Full Time,Fixed,Active,Low,Male,43,"2 Years, 7 Months",2,38242.16,4,0.29,0.58,0.62,2,0,1,0,1,40683.15,0
7187,15565996,Arnold,Account Manager ,15/03/1968,31/07/1996,,White Collar,Permanent,Full Time,Fixed,Active,High,Male,54,"26 Years, 4 Months",26,28571.71,3,0.37,0.75,0.61,1,1,1,1,1,32841.05,0
7188,15662152,Trevisan,Business Development Executive,10/05/1978,20/08/2013,,White Collar,Permanent,Full Time,Flex and Fixed,Active,Low,Female,44,"9 Years, 3 Months",9,36866.9,3,0.44,0.96,0.62,2,0,0,0,0,42375.75,0
7189,15711742,Mason,Customer Servce Administrative Officer,31/01/1985,24/11/2016,,Blue Collar,Permanent,Full Time,Fixed,Active,Low,Female,38,"6 Years, 0 Months",6,29996.86,2,0.27,0.92,0.78,2,0,1,1,1,31911.55,0
7190,15701885,Tucker,Revenue Care Specialist- Air Logistics,20/08/1992,15/06/2013,,White Collar,Permanent,Full Time,Fixed,Active,High,Female,30,"9 Years, 6 Months",9,35037.16,4,0.22,0.35,0.63,2,1,1,0,1,40272.6,0
7191,15774262,Hobson,Sea Logistics Pricing Coordinator,05/06/1989,06/05/2022,,White Collar,Permanent,Full Time,Fixed,Active,Low,Male,33,"0 Years, 7 Months",0,34729.45,4,0.28,0.56,0.96,0,0,1,1,1,34729.45,0
7192,15567839,Gordon,Accountant,14/10/1996,05/03/2019,,White Collar,Permanent,Full Time,Fixed,Active,Medium,Male,26,"3 Years, 9 Months",3,34980.24,2,0.66,0.27,0.96,3,1,1,0,1,36062.1,0
7193,15644400,Anderson,Account Manager ,26/06/1968,11/03/2003,,White Collar,Permanent,Full Time,Fixed,Active,High,Male,54,"19 Years, 9 Months",19,34767.86,4,0.83,0.66,0.72,2,1,0,1,0,35843.15,0
7194,15797246,Terry,Accounts Payable,24/05/1980,31/10/2017,,White Collar,Permanent,Full Time,Fixed,Active,Low,Female,42,"5 Years, 1 Months",5,34021.97,3,0.7,0.66,0.98,3,1,0,1,0,35812.6,0
7195,15778290,Lappin,Inside Sales Executive/ Account Manager,02/03/1985,18/06/2019,,White Collar,Permanent,Full Time,Flex and Fixed,Active,Medium,Male,38,"3 Years, 6 Months",3,31606.67,3,0.49,0.98,0.69,2,1,1,1,0,34732.6,0
7196,15708714,Santiago,IT-Support,10/02/1957,05/06/1987,,White Collar,Permanent,Full Time,Fixed,Active,High,Female,66,"35  Years, 6 Months",35,21778.09,2,0.83,0.51,0.58,2,0,0,1,0,38889.45,0
7197,15586183,Wallace,Aerospace International Logistics Specialist,12/04/1969,07/04/1988,,Blue Collar,Permanent,Full Time,Fixed,Active,Low,Female,53,"34 Years, 8 Months",34,30646.88,4,0.13,0.51,0.83,2,0,0,1,0,34434.7,0
7198,15761733,King,National Service Excellence Specialist- Air Logistics,05/11/1974,17/06/2015,,White Collar,Permanent,Full Time,Flex and Fixed,Active,Medium,Female,48,"7 Years, 6 Months",7,29756.66,4,0.28,0.53,0.94,1,0,1,1,0,32344.2,0
7199,15773934,Fang,Stock Investigator & Analyst,26/03/1992,27/12/2015,,White Collar,Permanent,Full Time,Flex and Fixed,Active,High,Male,30,"6 Years, 11 Months",6,44750.02,3,0.26,0.69,0.7,1,1,0,1,0,51436.8,0
7200,15705343,May,Perishable Apprentice- Air Logistics,13/12/2002,01/10/2022,,Blue Collar,Apprentice,Full Time,Fixed,Active,High,Female,20,"0 Years, 2 Months",0,22212.6,3,0.16,0.66,0.74,0,0,0,1,0,22212.6,0
7201,15593959,Travis,Transport Controller,24/07/1994,18/05/2022,,Blue Collar,Temporary,Full Time,Fixed,Active,High,Male,28,"0 Years, 7 Months",0,27892.6,3,0.39,0.89,0.76,0,0,1,1,1,27892.6,0
7202,15664615,Nnachetam,Warehouse Specialist - Air Logistics,05/06/2000,05/11/2021,20/11/2022,Blue Collar,Temporary,Full Time,Fixed,Voluntarily Terminated,High,Female,22,"1  Years, 1 Months",1,25925.75,2,0.18,0.48,0.64,4,0,1,1,1,27580.59,1
7203,15671014,Zhdanova,National Air Logistics Transport Manager,23/10/1974,12/09/2012,,White Collar,Permanent,Full Time,Flex and Fixed,Active,Medium,Female,48,"10  Years, 3 Months",10,56310.03,3,0.48,0.82,0.75,5,1,1,1,1,67035.75,0
7204,15657778,Jefferson,Pricing Analyst,23/03/1984,15/04/1991,,White Collar,Permanent,Full Time,Flex and Fixed,Active,High,Male,38,"31 Years, 8 Months",31,34163.67,3,0.81,0.66,0.9,1,1,0,0,0,48117.85,0
7205,15585192,Cremonesi,Gateway & Procurement Specialist - Air Logistics,11/12/1999,28/05/2016,,Blue Collar,Permanent,Full Time,Fixed,Active,High,Male,23,"6 Years, 6 Months",6,31239.93,3,0.9,0.59,0.97,1,0,0,0,0,35101.05,0
7206,15592914,Fang,Business Development Manager,25/08/1986,20/05/2020,,White Collar,Permanent,Full Time,Flex and Fixed,Active,Medium,Female,36,"2 Years, 6 Months",2,48034.58,2,0.19,0.13,0.65,2,1,1,1,0,52785.25,0
7207,15770995,Sinclair,Inside Sales Executive/ Account Manager,24/07/1979,13/01/2013,,White Collar,Permanent,Full Time,Flex and Fixed,Active,Medium,Female,43,"9 Years, 11 Months",9,32357.56,4,0.28,0.68,0.74,2,1,0,1,0,37192.6,0
7208,15570990,Begley,National Air Logistics Gateway Trade Lane Specialist,19/11/1979,27/11/2013,,White Collar,Permanent,Full Time,Fixed,Active,High,Female,43,"9 Years, 0 Months",9,28967.3,1,0.43,0.5,0.81,3,0,0,0,0,33295.75,0
7209,15596165,Degtyarev,National Perishable Air Logistics Development Manager Retail,30/09/1983,23/06/2017,,White Collar,Permanent,Full Time,Flex and Fixed,Active,Medium,Male,39,"5 Years, 5 Months",5,35521.37,1,0.38,0.6,0.82,1,1,1,1,1,36246.3,0
7210,15788131,Atkins,Data Analyst,12/11/1979,23/02/2012,31/07/2015,White Collar,Permanent,Full Time,Flex and Fixed,Voluntarily Terminated,Medium,Male,43,"10  Years, 9 Months",10,42470.79,2,0.28,0.37,0.98,2,1,0,1,1,51793.65,1
7211,15800773,Ikenna,IT System Engineer,24/11/1962,28/04/2009,,White Collar,Permanent,Full Time,Flex and Fixed,Active,Low,Female,60,"13  Years, 7 Months",13,63448.56,2,0.14,0.51,0.89,3,1,1,1,1,68077.85,0
7212,15690153,Sun,Aerospace International Logistics Specialist,03/03/1990,18/02/2019,,Blue Collar,Permanent,Full Time,Fixed,Active,Medium,Female,33,"3 Years, 10 Months",3,32280.62,3,0.26,0.78,0.63,2,0,1,0,1,35867.35,0
7213,15638989,Lettiere,Analyst Programmer ,02/01/1969,06/11/1995,,White Collar,Permanent,Full Time,Flex and Fixed,Active,Medium,Female,54,"27  Years, 1 Months",27,49294.99,1,0.91,0.66,0.96,1,1,0,0,0,59391.55,0
7214,15623210,Smith,Gateway & Procurement Specialist - Air Logistics,16/11/1994,19/02/2014,17/08/2015,Blue Collar,Permanent,Full Time,Fixed,Voluntarily Terminated,Medium,Female,28,"1 Years, 5 Months",1,28209.06,2,0.3,0.45,0.73,4,0,0,0,1,32055.75,1
7215,15652658,Finch,Gateway & Procurement Specialist - Air Logistics,22/11/1964,07/08/1989,,Blue Collar,Permanent,Full Time,Fixed,Active,Low,Male,58,"33 Years, 4 Months",33,30014.04,1,0.3,0.57,0.98,1,0,1,1,1,34498.9,0
7216,15684440,Monaldo,Trucking Team Leader- Air Logistics,22/05/1981,15/07/2019,,White Collar,Permanent,Full Time,Fixed,Active,Low,Male,41,"3 Years, 5 Months",3,40495.95,4,0.12,0.5,0.49,2,0,1,1,1,41748.4,0
7217,15730287,Ugonna,Perishable Warehouse Specialist - Air Logistics,04/08/1981,30/09/2017,29/04/2019,Blue Collar,Permanent,Full Time,Fixed,Voluntarily Terminated,High,Male,41,"1 Years, 6 Months",1,34032.23,4,0.26,0.35,0.62,4,0,0,1,1,36991.55,1
7218,15720353,Chiang,Finance Analyst,16/08/1978,12/02/2013,,White Collar,Permanent,Full Time,Flex and Fixed,Active,Low,Male,44,"9 Years, 10 Months",9,45014.03,4,0.27,0.41,0.48,1,1,0,1,0,51740.27,0
7219,15767231,Sun,Business Development Executive,21/03/1972,23/12/2018,,White Collar,Permanent,Full Time,Flex and Fixed,Active,Medium,Male,50,"3 Years, 11 Months",3,38090.64,4,0.74,0.55,0.65,1,0,0,0,0,41857.85,0
7220,15761554,Blackburn,IT-Support,24/11/1970,17/05/2009,28/11/2018,White Collar,Permanent,Full Time,Fixed,Voluntarily Terminated,Low,Male,52,"9 Years, 6 Months",9,38461.54,2,0.35,0.49,0.94,5,0,0,0,0,43706.3,1
7221,15706637,Chang,Gateway & Procurement Team Leader- Air Logistics,11/07/1960,02/08/2009,,White Collar,Permanent,Full Time,Fixed,Active,Medium,Male,62,"13  Years, 4 Months",13,37196.97,2,0.16,0.8,0.94,1,0,0,0,0,39154.7,0
7222,15690492,Palermo,Warehouse Apprentice- Air Logistics,16/04/2004,23/01/2022,,Blue Collar,Apprentice,Full Time,Fixed,Active,High,Male,18,"0 Years, 10 Months",0,23528.4,1,0.27,0.78,0.51,0,0,0,1,0,23528.4,0
7223,15694237,McEwan,Operations Specialist,21/11/1987,31/05/2017,,Blue Collar,Permanent,Full Time,Fixed,Active,Low,Male,35,"5 Years, 6 Months",5,28205.36,4,0.89,0.69,0.56,2,0,0,1,0,32051.55,0
7224,15729771,Davide,Sea Logistics Pricing Coordinator,13/09/1962,13/02/2018,02/04/2022,White Collar,Permanent,Full Time,Fixed,Voluntarily Terminated,Medium,Male,60,"4  Years, 10 Months",4,30334.79,2,0.28,0.45,0.98,4,0,1,0,1,32972.6,1
7225,15609823,Chieloka,Aerospace International Logistics Specialist,10/07/1984,03/12/1985,,Blue Collar,Permanent,Full Time,Fixed,Active,Low,Female,38,"37 Years, 0 Months",37,32336.53,2,0.2,0.89,0.73,2,0,0,0,0,35148.4,0
7226,15793366,Humphreys,National Perishable Air Logistics Development Manager Seafood,07/07/1984,11/03/1995,,White Collar,Permanent,Full Time,Flex and Fixed,Active,Medium,Male,38,"27 Years, 9 Months",27,32361.99,3,0.29,0.94,0.82,3,1,1,1,1,34065.25,0
7227,15614813,Cocci,Data Analyst,20/01/1962,29/12/1986,,White Collar,Permanent,Full Time,Flex and Fixed,Active,Low,Female,61,"35 Years, 11 Months",35,43390.1,3,0.76,0.51,0.53,4,1,0,1,0,47163.15,0
7228,15566495,Hanson,Sea Logistics Pricing Coordinator,08/11/1970,10/05/2021,28/04/2022,White Collar,Permanent,Full Time,Fixed,Voluntarily Terminated,Low,Female,52,"1  Years, 7 Months",1,31133.09,1,0.23,0.35,0.9,4,0,0,1,0,33840.32,1
7229,15707602,Macleod,Analyst Programmer ,20/10/1955,17/01/2019,10/08/2022,White Collar,Permanent,Full Time,Flex and Fixed,Voluntarily Terminated,Medium,Female,67,"3 Years, 6 Months",3,55745.95,2,0.12,0.38,0.69,4,1,1,1,1,59304.2,1
7230,15635244,Ritchie,Internal Trainer,01/02/1973,11/09/2020,,White Collar,Permanent,Full Time,Fixed,Active,Medium,Female,50,"2 Years, 3 Months",2,29297.34,1,0.29,0.79,0.66,1,0,1,1,1,32552.6,0
7231,15805627,Nebechukwu,Project Coordinator,22/11/1971,19/07/2013,,White Collar,Permanent,Full Time,Fixed,Active,Medium,Male,51,"9 Years, 4 Months",9,31479.27,3,0.43,0.98,0.97,2,0,1,1,1,34592.6,0
7232,15607986,Nnamutaezinwa,Recruiter,18/04/1982,08/06/2015,,White Collar,Permanent,Full Time,Fixed,Active,Medium,Male,40,"7 Years, 6 Months",7,37532.84,2,0.24,0.98,0.97,4,0,1,1,1,41703.15,0
7233,15799785,Ikemefuna,National Air Logistics Healthcare Manager ,07/10/1992,14/06/2022,,White Collar,Permanent,Full Time,Flex and Fixed,Active,Low,Female,30,"0 Years, 6 Months",0,68704.2,2,0.36,0.97,0.67,0,1,1,1,1,68704.2,0
7234,15699963,Scott,Sea Logiscitcs Customer Care Specialist ,06/01/1999,05/01/2019,,Blue Collar,Permanent,Full Time,Fixed,Active,High,Male,24,"3 Years, 11 Months",3,30605.67,2,0.29,0.71,0.71,2,0,1,1,1,34006.3,0
7235,15624595,Chiang,Sales Account Manager,06/04/1973,20/04/2020,,White Collar,Permanent,Full Time,Fixed,Active,Medium,Female,49,"2 Years, 7 Months",2,35295.92,3,0.58,0.49,0.6,1,1,1,1,0,37952.6,0
7236,15629750,Artyomova,National Perishable Air Logistics Development Manager Seafood,27/01/1994,07/06/2020,,White Collar,Permanent,Full Time,Flex and Fixed,Active,Medium,Male,29,"2 Years, 6 Months",2,34928.38,4,0.96,0.72,0.71,2,1,0,1,0,37157.85,0
7237,15651460,Hsieh,Stock Investigator & Analyst,10/10/1980,03/06/2014,,White Collar,Permanent,Full Time,Flex and Fixed,Active,High,Male,42,"8 Years, 6 Months",8,39675.38,4,0.29,0.58,0.61,1,1,1,1,1,47232.6,0
7238,15753550,Levien,Finance Analyst,02/02/1985,30/08/1997,,White Collar,Permanent,Full Time,Flex and Fixed,Active,Low,Female,38,"25  Years, 3 Months",25,42045.83,3,0.18,0.65,1,1,1,0,1,0,48890.5,0
7239,15594133,Erskine,Road Logistics Sales Representative,06/11/2002,12/09/2020,01/11/2022,White Collar,Permanent,Full Time,Fixed,Voluntarily Terminated,High,Male,20,"2 Years, 1 Months",2,33878.06,2,0.57,0.18,0.55,5,0,0,1,0,34569.45,1
7240,15772329,Fiorentino,Business Development Manager,02/04/1983,28/05/2011,06/06/2017,White Collar,Permanent,Full Time,Flex and Fixed,Voluntarily Terminated,Low,Male,39,"6 Years, 0 Months",6,47942.49,2,0.48,0.45,0.99,5,1,0,1,0,49425.25,1
7241,15591552,Okonkwo,Customer Servce Administrative Officer,03/09/1999,27/01/2013,,Blue Collar,Permanent,Full Time,Fixed,Active,High,Female,23,"9 Years, 10 Months",9,28989.97,3,0.2,0.2,0.76,2,0,0,1,0,32943.15,0
7242,15750921,Monds,National Air Logistics Warehousing Manager,22/08/1981,27/01/2022,,White Collar,Permanent,Full Time,Fixed,Active,High,Male,41,"0 Years, 10 Months",0,73651.55,3,0.74,0.96,0.93,0,1,1,1,1,73651.55,0
7243,15701687,Campbell,Aerospace International Logistics Specialist,02/02/1959,27/04/2016,02/10/2021,Blue Collar,Permanent,Full Time,Fixed,Terminated for Cause,Medium,Male,64,"5 Years, 5 Months",5,28997.36,2,0.26,0.59,0.69,4,0,0,0,0,32951.55,1
7244,15728906,Ibekwe,Account Manager ,05/10/1975,10/10/2018,,White Collar,Permanent,Full Time,Fixed,Active,Medium,Male,47,"4 Years, 2 Months",4,32064.86,3,0.45,0.97,0.99,1,1,1,1,1,34111.55,0
7245,15670029,Marcelo,Accounting Coordinator,22/11/1983,22/07/2021,,White Collar,Permanent,Full Time,Fixed,Active,Medium,Female,39,"1  Years, 4 Months",1,35203.15,2,0.91,0.14,0.99,0,1,0,1,0,35203.15,0
7246,15763579,Castro,Business Analyst,23/12/1985,24/11/2019,,White Collar,Permanent,Full Time,Flex and Fixed,Active,High,Female,37,"3 Years, 0 Months",3,44309.55,4,0.16,0.75,0.96,2,1,1,1,1,45679.95,0
7247,15728010,Capon,Perishable Operational Care Specialist - Air Logistics,14/10/1957,08/10/1990,,Blue Collar,Permanent,Full Time,Fixed,Active,Low,Male,65,"32 Years, 2 Months",32,24521.35,4,0.9,0.71,0.63,5,0,1,0,1,35030.5,0
7248,15663194,Voronova,Sea Logiscitcs Customer Care Specialist ,27/05/1991,07/08/2021,11/07/2022,Blue Collar,Permanent,Full Time,Fixed,Voluntarily Terminated,Medium,Female,31,"1  Years, 4 Months",1,33817.22,1,0.41,0.4,0.52,4,0,1,1,1,36757.85,1
7249,15736510,Loggia,Gateway & Procurement Team Leader- Air Logistics,15/01/1998,04/04/2021,06/07/2021,White Collar,Permanent,Full Time,Fixed,Voluntarily Terminated,Medium,Female,25,"1  Years, 8 Months",1,39329.49,2,0.3,0.57,0.75,4,0,0,1,0,42749.45,1
7250,15745804,Law,Stock Investigator & Analyst,12/06/1980,24/07/2015,,White Collar,Permanent,Full Time,Flex and Fixed,Active,Medium,Male,42,"7 Years, 4 Months",7,41845.75,3,0.48,0.46,0.55,2,1,1,1,1,48657.85,0
7251,15631451,Grant,Trucking Specialist - Air Logistics,26/11/1983,10/07/2012,,Blue Collar,Permanent,Full Time,Fixed,Active,Low,Female,39,"10 Years, 5 Months",10,33136.42,3,0.3,0.77,0.94,2,0,1,1,1,36017.85,0
7252,15746995,Greco,IT System Engineer,21/03/1970,14/05/2006,,White Collar,Permanent,Full Time,Flex and Fixed,Active,High,Male,52,"16 Years, 7 Months",16,61229.58,4,0.21,0.44,0.65,2,1,0,1,0,67285.25,0
7253,15730673,Dietz,Inside Sales Executive/ Account Manager,30/10/1984,15/06/2019,,White Collar,Permanent,Full Time,Flex and Fixed,Active,Low,Male,38,"3 Years, 6 Months",3,31669.97,4,0.23,0.68,0.59,3,1,0,1,0,32649.45,0
7254,15734649,Martel,Perishable Warehouse Specialist - Air Logistics,09/01/1959,08/11/1998,04/11/2020,Blue Collar,Permanent,Full Time,Fixed,Terminated for Cause,Low,Female,64,"21 Years, 11 Months",21,25620.1,2,0.58,0.41,0.58,4,0,0,1,0,32430.5,1
7255,15701081,Jarvis,Project Coordinator,05/11/1989,03/02/2012,,White Collar,Permanent,Full Time,Fixed,Active,High,Male,33,"10  Years, 10 Months",10,29319.12,1,0.59,0.73,0.91,2,0,1,0,1,32576.8,0
7256,15632503,Meng,Pricing Analyst,10/06/1959,29/05/1996,18/09/2020,White Collar,Permanent,Full Time,Flex and Fixed,Terminated for Cause,Low,Female,63,"24 Years, 3 Months",24,33694.02,2,0.24,0.51,0.5,4,1,0,1,0,51051.55,1
7257,15585928,Hay,Apprentice,24/11/2004,01/12/2022,,Blue Collar,Apprentice,Full Time,Fixed,Active,Low,Female,18,"0 Years, 0 Months",0,21186.3,2,0.08,0.93,0.87,0,0,1,1,1,21186.3,0
7258,15648681,Voronoff,Data Engineer,09/01/1991,29/03/2015,11/03/2019,White Collar,Permanent,Full Time,Flex and Fixed,Voluntarily Terminated,High,Female,32,"3 Years, 11 Months",3,63901.22,1,0.3,0.45,1,4,1,1,0,1,69457.85,1
7259,15747757,Trevascus,Regional Air logistics Trainer Specialist,03/05/1984,04/03/2020,01/08/2020,White Collar,Permanent,Full Time,Fixed,Voluntarily Terminated,High,Female,38,"0 Years, 4 Months",0,33377.55,1,0.48,0.41,0.9,4,0,0,0,1,36279.95,1
7260,15718921,Ho,Accounts Payable,09/07/1981,17/09/2020,,White Collar,Permanent,Full Time,Fixed,Active,Medium,Male,41,"2 Years, 3 Months",2,30981.54,2,0.1,0.86,0.91,1,1,1,1,1,35206.3,0
7261,15571081,Hansen,Apprentice,24/05/2003,23/07/2022,,Blue Collar,Apprentice,Full Time,Fixed,Active,Low,Female,19,"0 Years, 4 Months",0,21667.35,3,0.27,0.99,0.86,0,0,1,1,1,21667.35,0
7262,15734578,Craig,Customer Servce Administrative Officer,10/02/1998,01/05/2016,,Blue Collar,Permanent,Full Time,Fixed,Active,Medium,Female,25,"6 Years, 7 Months",6,34246.64,3,0.13,0.58,0.86,2,0,1,0,1,36432.6,0
7263,15579583,Hall,Trucking Team Leader- Air Logistics,19/04/1964,08/05/2017,,White Collar,Permanent,Full Time,Fixed,Active,High,Female,58,"5 Years, 7 Months",5,36175.15,2,0.26,0.96,0.6,2,0,1,1,1,38484.2,0
7264,15622729,Sun,Network Engineer,07/05/1984,18/02/2013,,White Collar,Permanent,Full Time,Flex and Fixed,Active,Medium,Female,38,"9 Years, 10 Months",9,61822.49,1,0.73,0.72,0.67,3,1,1,1,1,67936.8,0
7265,15662189,Durant,National Air Logistics Gateway Trade Lane Specialist,17/04/1989,25/05/2017,,White Collar,Permanent,Full Time,Fixed,Active,Low,Male,33,"5 Years, 6 Months",5,31923.39,2,0.2,0.23,0.94,1,0,1,1,1,33961.05,0
7266,15692718,Jackson,National Service Excellence Specialist- Air Logistics,07/08/1995,27/04/2018,,White Collar,Permanent,Full Time,Flex and Fixed,Active,High,Female,27,"4 Years, 7 Months",4,32864.3,3,0.28,0.99,0.79,2,0,0,0,0,34233.65,0
7267,15762716,Chigozie,Operations Specialist,03/07/1957,31/07/1987,25/08/2020,Blue Collar,Permanent,Full Time,Fixed,Terminated for Cause,High,Female,65,"33 Years, 0 Months",33,22543.17,4,0.27,0.41,0.58,4,0,0,1,0,36359.95,1
7268,15724851,Farmer,Customer Brokerage Specialist,03/04/1968,13/05/2000,,Blue Collar,Permanent,Full Time,Fixed,Active,High,Male,54,"22 Years, 7 Months",22,31458.16,2,0.28,0.75,0.55,1,1,0,1,0,34193.65,0
7269,15587266,Douglas,Apprentice,14/09/2002,04/12/2022,,Blue Collar,Apprentice,Full Time,Fixed,Active,Low,Female,20,"0 Years, 0 Months",0,23018.9,4,0.22,0.95,0.54,0,0,1,1,0,23018.9,0
7270,15675926,Ardis,Accountant,08/07/2000,22/09/2015,,White Collar,Permanent,Full Time,Fixed,Active,Low,Male,22,"7 Years, 2 Months",7,27438.8,3,0.96,0.97,0.84,2,1,0,1,0,32280.94,0
7271,15706268,Smith,Internal Trainer,28/10/1958,02/03/2003,,White Collar,Permanent,Full Time,Fixed,Active,High,Male,64,"19 Years, 9 Months",19,24389.96,3,0.11,0.98,0.86,4,0,1,1,1,32519.95,0
7272,15581871,Butler,Senior DevOps Engineer,04/06/1992,08/05/2019,,White Collar,Permanent,Full Time,Flex and Fixed,Active,High,Male,30,"3 Years, 7 Months",3,60641.24,1,0.27,0.79,0.98,2,1,1,1,1,68910.5,0
7273,15666166,Pettry,Trucking Team Leader- Air Logistics,06/11/1987,30/12/2017,,White Collar,Permanent,Full Time,Fixed,Active,Low,Female,35,"4 Years, 11 Months",4,39125.52,3,0.29,0.54,0.91,1,0,1,1,1,40755.75,0
7274,15671582,John,Warehouse Shift Manager - Air Logistics,14/10/1972,06/07/2015,,White Collar,Permanent,Full Time,Fixed,Active,High,Male,50,"7 Years, 5 Months",7,60022.15,3,0.3,0.51,0.51,2,1,1,1,1,64539.95,0
7275,15680901,Potter,National Perishable Air Logistics Development Manager Retail,15/11/1961,28/05/2007,,White Collar,Permanent,Full Time,Flex and Fixed,Active,Low,Female,61,"15 Years, 6 Months",15,31601.14,2,0.3,0.83,0.91,3,1,1,1,1,36323.15,0
7276,15642336,Shaw,Java Software Engineer ,06/09/1982,08/01/2013,,White Collar,Permanent,Full Time,Flex and Fixed,Active,High,Female,40,"9 Years, 11 Months",9,59879.91,3,0.47,0.6,0.7,2,1,0,0,0,65802.1,0
7277,15653147,Boyle,Inside Sales Executive/ Account Manager,10/09/1998,12/05/2018,,White Collar,Permanent,Full Time,Flex and Fixed,Active,High,Male,24,"4 Years, 7 Months",4,33490.85,4,0.41,0.58,0.83,1,1,1,1,0,34886.3,0
7278,15571284,Elmore,Business Development Manager,05/01/1955,22/12/1993,,White Collar,Permanent,Full Time,Flex and Fixed,Active,Low,Male,68,"28 Years, 11 Months",28,34575.91,1,0.16,0.55,0.68,3,1,1,1,1,48022.1,0
7279,15591360,Udinesi,Account Manager ,12/06/1958,31/08/2016,,White Collar,Permanent,Full Time,Fixed,Active,Medium,Female,64,"6 Years, 3 Months",6,30419.39,4,0.3,0.5,0.64,1,1,1,0,1,32361.05,0
7280,15810485,Sun,Inside Sales Executive/ Account Manager,06/04/1998,21/04/2020,,White Collar,Permanent,Full Time,Flex and Fixed,Active,Low,Male,24,"2 Years, 7 Months",2,32158.32,2,0.29,0.46,0.41,2,1,0,0,0,34954.7,0
7281,15611973,Tuan,Trucking Specialist - Air Logistics,02/01/1973,18/09/2017,,Blue Collar,Permanent,Full Time,Fixed,Active,Medium,Male,50,"5 Years, 3 Months",5,34949.98,4,0.94,0.61,0.82,3,0,1,1,1,36789.45,0
7282,15735572,Lawrence,Customer Care Specialist-Key Accounts,24/06/1971,30/12/2020,03/05/2021,White Collar,Permanent,Full Time,Fixed,Voluntarily Terminated,High,Male,51,"1  Years, 11 Months",1,31807.76,1,0.37,0.43,0.98,4,0,1,1,1,34573.65,1
7283,15567860,Burrows,Apprentice,15/09/2004,09/02/2009,11/11/2019,Blue Collar,Apprentice,Full Time,Fixed,Voluntarily Terminated,High,Female,18,"10 Years, 9 Months",10,22260.07,2,0.29,0.5,0.94,4,0,0,1,0,23884.2,1
7284,15795690,Shao,Project Coordinator,05/03/1985,31/03/2002,,White Collar,Permanent,Full Time,Fixed,Active,High,Male,38,"20 Years, 8 Months",20,30282.16,3,0.24,0.75,0.82,4,0,1,1,1,34411.55,0
7285,15706464,White,Warehouse Quality Control Specialist - Air Logistics,17/06/1987,12/05/2019,,Blue Collar,Permanent,Full Time,Fixed,Active,Medium,Male,35,"3 Years, 7 Months",3,26987.44,2,0.89,0.74,0.87,2,0,0,0,0,27822.1,0
7286,15725028,Chialuka,Perishable Apprentice- Air Logistics,20/06/2003,10/06/2022,,Blue Collar,Apprentice,Full Time,Fixed,Active,High,Male,19,"0 Years, 6 Months",0,22171.55,3,0.17,0.62,0.53,0,0,1,1,1,22171.55,0
7287,15751167,Toscano,Human Resoruces Coordinator,26/07/1961,29/12/2020,,White Collar,Permanent,Full Time,Fixed,Active,Low,Female,61,"1  Years, 11 Months",1,31141.05,3,0.26,0.87,0.76,0,0,1,1,1,31141.05,0
7288,15633944,McKay,National Air Logistics Transport Manager,19/07/1974,03/06/2014,,White Collar,Permanent,Full Time,Flex and Fixed,Active,High,Male,48,"8 Years, 6 Months",8,57324.1,4,0.75,0.13,0.72,2,1,1,1,1,67440.12,0
7289,15672637,Voronkov,Sales Specialist-Air Logitics ,13/12/2003,04/05/2022,,Blue Collar,Permanent,Full Time,Fixed,Active,Medium,Female,19,"0 Years, 7 Months",0,33606.3,2,0.26,0.71,0.43,0,0,0,1,0,33606.3,0
7290,15680895,Sal,Operations Specialist,28/11/1978,02/10/2018,,Blue Collar,Permanent,Full Time,Fixed,Active,Medium,Female,44,"4 Years, 2 Months",4,32173.01,1,0.29,0.7,0.9,1,0,0,1,0,36149.45,0
7291,15793825,Ikechukwu,National Perishable Air Logistics Development Manager Seafood,02/06/1978,13/08/2015,,White Collar,Permanent,Full Time,Flex and Fixed,Active,Medium,Male,44,"7 Years, 4 Months",7,29848.07,1,0.68,0.32,0.87,1,1,0,1,0,32094.7,0
7292,15611318,Kruglova,Accountant,30/07/2000,23/09/2016,01/04/2021,White Collar,Permanent,Full Time,Fixed,Voluntarily Terminated,Low,Male,22,"4 Years, 6 Months",4,30530.17,1,0.39,0.45,0.72,5,1,0,1,0,32478.9,1
7293,15768474,Clements,Cloud Service Analyst,12/02/1979,12/01/2019,,White Collar,Permanent,Full Time,Flex and Fixed,Active,Medium,Male,44,"3 Years, 11 Months",3,60323.77,1,0.7,0.79,0.87,2,1,0,1,0,62189.45,0
7294,15716276,Kennedy,Accounting Coordinator,16/02/1982,18/03/2012,,White Collar,Permanent,Full Time,Fixed,Active,Medium,Female,41,"10  Years, 9 Months",10,29432.36,4,0.87,0.97,0.64,5,1,0,1,0,34626.3,0
7295,15623668,Johnson,Account Manager ,08/07/1998,13/07/2012,,White Collar,Permanent,Full Time,Fixed,Active,High,Male,24,"10  Years, 5 Months",10,28053.09,4,0.57,0.76,0.58,4,1,0,0,0,33798.9,0
7296,15696361,Chung,Inside Sales Executive/ Account Manager,14/06/1955,22/02/1996,,White Collar,Permanent,Full Time,Flex and Fixed,Active,Medium,Male,67,"26 Years, 9 Months",26,24838.52,4,0.28,0.97,0.63,1,1,1,0,1,35997.85,0
7297,15607988,Garland,Project Manager,01/03/1979,26/12/2016,,White Collar,Permanent,Full Time,Flex and Fixed,Active,High,Female,44,"5 Years, 11 Months",5,39574.96,4,0.54,0.53,0.4,1,1,0,1,0,41657.85,0
7298,15637891,Docherty,Sea Logiscitcs Customer Care Specialist ,12/01/1988,18/01/2014,,Blue Collar,Permanent,Full Time,Fixed,Active,High,Female,35,"8 Years, 11 Months",8,35192.85,1,0.28,0.61,0.57,2,0,1,0,1,36735.75,0
7299,15789865,Nnaife,Warehouse Specialist - Air Logistics,16/10/1966,09/09/1996,,Blue Collar,Temporary,Full Time,Fixed,Active,Low,Male,56,"26 Years, 3 Months",26,25980.75,4,0.29,0.94,0.89,2,0,1,0,1,28239.95,0
7300,15627190,Lettiere,Business Development Executive,28/07/1979,05/12/2018,,White Collar,Permanent,Full Time,Flex and Fixed,Active,Low,Male,43,"4 Years, 0 Months",4,37785.11,3,0.21,0.52,0.79,2,0,1,1,1,41522.1,0
7301,15788224,Sanderson,National Air Logistics Gateway Trade Lane Specialist,11/06/1991,21/10/2020,,White Collar,Permanent,Full Time,Fixed,Active,Medium,Male,31,"2 Years, 1 Months",2,32075.56,3,0.54,0.91,0.67,1,0,0,0,0,36039.95,0
7302,15702149,Fomin,Sea Logistics Pricing Coordinator,20/10/1983,29/04/2018,,White Collar,Permanent,Full Time,Fixed,Active,Medium,Female,39,"4 Years, 7 Months",4,34042.61,4,0.23,0.52,0.63,1,0,1,1,0,35461.05,0
7303,15708236,Wright,Finance Analyst,23/07/1979,30/10/2015,,White Collar,Permanent,Full Time,Flex and Fixed,Active,High,Female,43,"7 Years, 1 Months",7,42012.74,1,0.19,0.59,0.68,2,1,1,1,1,48290.5,0
7304,15568469,Buckley,Data Analyst,12/02/1986,08/08/2017,,White Collar,Permanent,Full Time,Flex and Fixed,Active,Low,Male,37,"5 Years, 4 Months",5,47204.69,3,0.6,0.61,0.71,1,1,0,1,0,51309.45,0
7305,15764444,Pan,National Air Logistics Pharma Compliance Specialist,02/03/1995,29/04/2015,,Blue Collar,Permanent,Full Time,Fixed,Active,Medium,Male,28,"7 Years, 7 Months",7,30701.83,3,0.37,0.78,0.78,2,0,1,1,1,33371.55,0
7306,15794204,Manna,National Perishable Air Logistics Development Manager Retail,06/09/1973,10/08/2019,,White Collar,Permanent,Full Time,Flex and Fixed,Active,Low,Male,49,"3 Years, 4 Months",3,34297.4,4,0.27,0.44,0.67,2,1,1,1,1,37689.45,0
7307,15807546,Chinwendu,IT-Support,15/02/1991,17/04/2012,,White Collar,Permanent,Full Time,Fixed,Active,Low,Female,32,"10  Years, 8 Months",10,38389.23,1,0.09,0.8,0.97,2,0,1,1,1,42654.7,0
7308,15782159,Ndubuagha,Senior DevOps Engineer,09/10/1981,03/09/2022,,White Collar,Permanent,Full Time,Flex and Fixed,Active,High,Male,41,"0 Years, 3 Months",0,70336.8,1,0.55,0.54,0.6,0,1,1,1,1,70336.8,0
7309,15618703,White,Analyst Programmer ,20/01/1980,28/04/2013,02/08/2013,White Collar,Permanent,Full Time,Flex and Fixed,Voluntarily Terminated,High,Female,43,"0 Years, 3 Months",0,54877.4864,2,0.35,0.39,0.91,2,1,1,0,1,62360.78,1
7310,15793317,Hale,Regional Air logistics Trainer Specialist,16/03/1958,10/05/2009,,White Collar,Permanent,Full Time,Fixed,Active,High,Female,65,"13 Years, 7 Months",13,27424.84,3,0.18,0.98,0.49,4,0,0,1,0,34281.05,0
7311,15740487,Ross,Operations Specialist,08/05/1981,23/01/2013,23/04/2014,Blue Collar,Permanent,Full Time,Fixed,Voluntarily Terminated,Medium,Female,41,"1 Years, 3 Months",1,29806.16,2,0.26,0.36,0.91,4,0,1,1,1,34259.95,1
7312,15722479,Ikenna,Trucking Specialist - Air Logistics,15/03/1964,16/12/2016,,Blue Collar,Permanent,Full Time,Fixed,Active,Low,Male,58,"6 Years, 0 Months",6,30886.11,1,0.53,0.64,0.89,3,0,1,0,1,35097.85,0
7313,15688264,Nkemdilim,Transport Controller,23/01/1982,05/06/2012,,Blue Collar,Temporary,Full Time,Fixed,Active,Low,Female,41,"10  Years, 6 Months",10,22097.34,4,0.26,0.51,0.78,2,0,1,1,1,24552.6,0
7314,15583067,McMillan,Operations Specialist,16/10/1999,26/02/2016,,Blue Collar,Permanent,Full Time,Fixed,Active,Medium,Female,23,"6 Years, 9 Months",6,28981.96,2,0.88,0.53,0.42,1,0,1,0,1,33699.95,0
7315,15686670,Duke,Sales Specialist-Air Logitics ,16/01/2002,22/01/2015,26/03/2022,Blue Collar,Permanent,Full Time,Fixed,Voluntarily Terminated,High,Female,21,"7 Years, 2 Months",7,31280.02,2,0.55,0.53,0.68,5,0,0,1,0,34373.65,1
7316,15593345,Bradbury,Technical Support Engineer,24/12/1955,09/02/1984,,White Collar,Permanent,Full Time,Flex and Fixed,Active,Low,Female,67,"38 Years, 10 Months",38,35096.92,4,0.16,0.81,0.53,5,1,1,1,0,59486.3,0
7317,15811690,Bayley,Apprentice,02/12/2004,08/10/2013,16/02/2017,Blue Collar,Apprentice,Full Time,Fixed,Voluntarily Terminated,Medium,Male,18,"3 Years, 4 Months",3,20147.336,1,0.08,0.17,0.85,2,0,0,1,0,22894.7,1
7318,15734008,Bartlett,Accounts Payable,08/12/1982,02/11/2009,06/04/2016,White Collar,Permanent,Full Time,Fixed,Voluntarily Terminated,Low,Male,40,"6 Years, 5 Months",6,32764.41,4,0.14,0.39,0.98,6,1,0,1,0,34855.75,1
7319,15771856,Cremin,Revenue Care Specialist- Air Logistics,31/01/1959,01/01/1995,,White Collar,Permanent,Full Time,Fixed,Active,High,Female,64,"27 Years, 11 Months",27,27892.99,2,0.26,0.49,0.49,4,1,0,1,0,42262.1,0
7320,15762045,Gilchrist,Customer Servce Administrative Officer,09/03/1992,01/05/2016,,Blue Collar,Permanent,Full Time,Fixed,Active,Low,Female,30,"6 Years, 7 Months",6,31053.6,4,0.26,0.81,0.95,1,0,1,1,1,36533.65,0
7321,15778142,Shih,National Service Excellence Specialist- Air Logistics,24/08/1999,25/07/2021,,White Collar,Permanent,Full Time,Flex and Fixed,Active,Low,Female,23,"1  Years, 4 Months",1,34359.95,1,0.17,0.75,0.98,0,0,1,1,0,34359.95,0
7322,15689268,Fitzpatrick,Network Engineer,11/04/1964,15/09/1997,,White Collar,Permanent,Full Time,Flex and Fixed,Active,High,Male,58,"25  Years, 3 Months",25,52450.74,3,0.53,0.74,0.73,1,1,1,1,1,68117.85,0
7323,15721507,Pagan,Apprentice,28/03/2003,13/04/2009,01/03/2013,Blue Collar,Apprentice,Full Time,Fixed,Voluntarily Terminated,High,Female,19,"3 Years, 10 Months",3,20440.992,2,0.14,0.42,0.73,2,0,0,1,0,23228.4,1
7324,15750476,Hendrick,National Air Logistics Warehousing Manager,10/02/1979,20/09/2020,,White Collar,Permanent,Full Time,Fixed,Active,High,Male,44,"2 Years, 2 Months",2,70584.75,1,0.46,0.63,0.4,1,1,0,1,0,72025.25,0
7325,15810723,Sanderson,Transport Controller,29/04/1974,09/07/2015,16/11/2021,Blue Collar,Temporary,Full Time,Fixed,Voluntarily Terminated,High,Female,48,"6 Years, 4 Months",6,24533.96,2,0.41,0.43,0.55,5,0,0,1,0,28199.95,1
7326,15787229,Samsonova,Sales Account Manager,02/10/1975,11/02/2016,,White Collar,Permanent,Full Time,Fixed,Active,High,Female,47,"6 Years, 10 Months",6,33646.03,3,0.12,0.78,0.87,1,1,0,1,0,35793.65,0
7327,15570508,Azubuike,National Air Logistics Pharma Compliance Specialist,23/04/1994,16/12/2015,,Blue Collar,Permanent,Full Time,Fixed,Active,Medium,Male,28,"7 Years, 0 Months",7,32845.57,4,0.22,0.81,0.56,2,0,0,1,0,34942.1,0
7328,15617065,Pan,Stock Investigator & Analyst,02/06/1979,03/01/2018,20/05/2020,White Collar,Permanent,Full Time,Flex and Fixed,Voluntarily Terminated,Low,Male,43,"2 Years, 4 Months",2,43852.73,2,0.5,0.61,0.78,4,1,0,1,0,48725.25,1
7329,15689786,Massie,IT-Support,22/02/1956,04/10/1991,02/07/2021,White Collar,Permanent,Full Time,Fixed,Voluntarily Terminated,Medium,Male,67,"29 Years, 8 Months",29,28224.35,2,0.18,0.23,0.96,5,0,0,0,0,39752.6,1
7330,15648876,Sandover,Warehouse Quality Control Specialist - Air Logistics,26/09/1987,14/02/2020,,Blue Collar,Permanent,Full Time,Fixed,Active,High,Female,35,"2 Years, 10 Months",2,26222.05,3,0.84,0.73,1,1,0,0,1,0,28195.75,0
7331,15802106,Craig,Human Resoruces Coordinator,30/12/1959,10/02/1990,,White Collar,Permanent,Full Time,Fixed,Active,Medium,Male,63,"32 Years, 10 Months",32,30816.94,4,0.48,0.4,0.65,3,0,0,1,0,35833.65,0
7332,15773869,Onwudiwe,Inside Sales Executive/ Account Manager,15/03/1982,30/08/1993,,White Collar,Permanent,Full Time,Flex and Fixed,Active,Medium,Male,40,"29 Years, 3 Months",29,30640.2,2,0.27,0.99,0.63,2,1,1,1,1,32875.75,0
7333,15711635,Chu,Software Engineer,19/08/1983,07/01/2015,,White Collar,Permanent,Full Time,Flex and Fixed,Active,High,Female,39,"7 Years, 11 Months",7,66113.13,3,0.76,0.62,0.54,1,1,0,1,0,71862.1,0
7334,15795527,Zetticci,Perishable Customer Care Team Leader - Air Logistics,20/11/1994,14/06/2019,,White Collar,Permanent,Full Time,Fixed,Active,Medium,Male,28,"3 Years, 6 Months",3,38504.69,2,0.81,0.61,0.93,1,0,0,1,0,39290.5,0
7335,15759133,Vaguine,Java Software Engineer ,01/10/1987,11/06/2013,,White Collar,Permanent,Full Time,Flex and Fixed,Active,Low,Male,35,"9 Years, 6 Months",9,59406.34,3,0.45,0.9,0.98,1,1,1,1,1,68283.15,0
7336,15679394,Owen,Technical Support Engineer,07/06/1990,06/03/2013,,White Collar,Permanent,Full Time,Flex and Fixed,Active,Medium,Female,32,"9 Years, 9 Months",9,51931.65,2,0.19,0.93,0.67,1,1,1,1,1,59691.55,0
7337,15801072,Hurst,Accountant,07/11/1981,19/05/2021,,White Collar,Permanent,Full Time,Fixed,Active,High,Female,41,"1  Years, 6 Months",1,36006.3,4,0.87,0.52,0.75,0,1,0,1,0,36006.3,0
7338,15646082,Harding,National Perishable Air Logistics Development Manager Seafood,30/12/1979,30/08/2020,11/01/2022,White Collar,Permanent,Full Time,Flex and Fixed,Voluntarily Terminated,Medium,Female,43,"1 Years, 4 Months",1,32756.372,1,0.56,0.36,0.72,2,1,0,1,1,37223.15,1
7339,15796111,Smith,Road Logistics Sales Representative,06/03/2003,24/04/2009,04/07/2019,White Collar,Permanent,Full Time,Fixed,Voluntarily Terminated,Low,Female,19,"10 Years, 2 Months",10,34084.59,2,0.12,0.59,0.76,5,0,1,0,1,35578.9,1
7340,15670646,Moore,Customer Servce Administrative Officer,09/10/1974,14/09/2012,05/08/2019,Blue Collar,Permanent,Full Time,Fixed,Voluntarily Terminated,Medium,Female,48,"10  Years, 3 Months",10,26745.87,2,0.23,0.51,0.59,4,0,1,1,1,31840.32,1
7341,15578722,Bradley,Project Manager,05/06/1969,19/06/2012,,White Collar,Permanent,Full Time,Flex and Fixed,Active,Low,Male,53,"10 Years, 5 Months",10,36979.12,4,0.27,0.67,0.95,1,1,0,1,0,40194.7,0
7342,15815095,Burfitt,National Air Logistics Warehousing Manager,12/01/1971,12/04/2009,25/08/2016,White Collar,Permanent,Full Time,Fixed,Voluntarily Terminated,High,Male,52,"7 Years, 4 Months",7,72903.98,4,0.42,0.95,0.65,5,1,0,0,0,78223.15,1
7343,15730360,Mackenzie,Business Development Manager,29/05/1956,08/02/2014,,White Collar,Permanent,Full Time,Flex and Fixed,Active,High,Male,66,"8 Years, 10 Months",8,45004.05,1,0.15,0.75,0.76,1,1,1,1,1,51140.97,0
7344,15763194,Milanesi,Analyst Programmer ,20/01/1972,14/05/2017,,White Collar,Permanent,Full Time,Flex and Fixed,Active,Medium,Male,51,"5 Years, 7 Months",5,57471.55,2,0.27,0.54,0.61,3,1,1,0,1,61139.95,0
7345,15720725,Shubin,Accounting Coordinator,03/08/1966,29/03/2002,,White Collar,Permanent,Full Time,Fixed,Active,High,Male,56,"20 Years, 8 Months",20,31333.67,3,0.28,0.45,0.71,1,1,0,1,0,34432.6,0
7346,15567834,Nieves,Inside Sales Executive/ Account Manager,04/02/1990,18/01/2022,,White Collar,Permanent,Full Time,Flex and Fixed,Active,Low,Male,33,"0 Years, 11 Months",0,36110.5,3,0.94,0.66,0.66,0,1,1,1,1,36110.5,0
7347,15720644,Martin,Project Coordinator,24/06/1979,25/02/2016,,White Collar,Permanent,Full Time,Fixed,Active,Medium,Male,43,"6 Years, 9 Months",6,31918.73,4,0.28,0.54,0.69,1,0,0,1,0,35465.25,0
7348,15811742,Jen,National Perishable Air Logistics Development Manager Retail,12/02/1996,13/12/2020,,White Collar,Permanent,Full Time,Flex and Fixed,Active,Low,Male,27,"2  Years, 0 Months",2,33028.4,3,0.29,0.77,0.47,0,1,0,1,0,33028.4,0
7349,15813363,Woods,Accounts Payable,24/10/1963,18/02/2004,,White Collar,Permanent,Full Time,Fixed,Active,High,Male,59,"18 Years, 10 Months",18,34915.43,1,0.14,0.61,0.63,2,1,0,0,0,37951.55,0
7350,15717629,Docherty,Human Resoruces Coordinator,18/02/1996,08/09/2011,,White Collar,Permanent,Full Time,Fixed,Active,High,Male,27,"11 Years, 3 Months",11,34404.28,3,0.55,0.71,0.7,2,0,1,0,1,36600.3,0
7351,15713160,Lin,Project Coordinator,28/12/1974,22/02/2012,,White Collar,Permanent,Full Time,Fixed,Active,Low,Male,48,"10  Years, 9 Months",10,27759.96,4,0.16,0.6,0.99,2,0,0,1,0,34699.95,0
7352,15568878,Cheng,Software Engineer,20/07/1985,03/10/2017,,White Collar,Permanent,Full Time,Flex and Fixed,Active,Low,Male,37,"5 Years, 2 Months",5,58927.23,2,0.67,0.52,0.61,2,1,0,1,0,65474.7,0
7353,15809800,Korovina,Finance Analyst,13/07/1989,12/06/2022,,White Collar,Permanent,Full Time,Flex and Fixed,Active,Low,Female,33,"0 Years, 6 Months",0,49968.4,3,0.24,0.91,1,0,1,0,0,0,49968.4,0
7354,15736420,Macdonald,Warehouse Apprentice- Air Logistics,10/11/2001,30/09/2013,20/03/2019,Blue Collar,Apprentice,Full Time,Fixed,Voluntarily Terminated,High,Male,21,"5 Years, 5 Months",5,18877.364,1,0.21,0.98,0.69,2,0,1,1,1,21451.55,1
7355,15757933,Hardy,Customer Brokerage Specialist,08/08/1968,21/05/1987,,Blue Collar,Permanent,Full Time,Fixed,Active,Medium,Female,54,"35 Years, 6 Months",35,29673.61,1,0.29,0.9,0.78,1,1,0,1,0,34504.2,0
7356,15623072,Shaw,Perishable Warehouse Specialist - Air Logistics,13/05/1971,17/02/2019,,Blue Collar,Permanent,Full Time,Fixed,Active,Low,Female,51,"3 Years, 10 Months",3,33369.09,4,0.82,0.73,0.94,2,0,0,1,0,35880.74,0
7357,15683993,Knight,National Air Logistics Gateway Trade Lane Specialist,01/07/1963,16/05/1986,,White Collar,Permanent,Full Time,Fixed,Active,High,Female,59,"36  Years, 7 Months",36,30340.41,4,0.21,0.52,0.56,3,0,0,1,0,37000.5,0
7358,15570947,Bruny,Project Manager,20/06/1978,29/04/2016,,White Collar,Permanent,Full Time,Flex and Fixed,Active,High,Female,44,"6 Years, 7 Months",6,35374.94,3,0.19,0.77,0.56,1,1,1,1,0,41133.65,0
7359,15797767,Ikedinachukwu,Recruiter,05/02/1956,26/03/1987,10/12/2022,White Collar,Permanent,Full Time,Fixed,Voluntarily Terminated,Medium,Female,67,"35  Years, 8 Months",35,23384.96,2,0.6,0.98,0.62,4,0,1,0,1,40318.9,1
7360,15731989,Moran,Warehouse Specialist - Air Logistics,22/11/1981,06/08/2012,,Blue Collar,Temporary,Full Time,Fixed,Active,High,Male,41,"10  Years, 4 Months",10,25827.12,4,0.67,0.79,0.5,2,0,0,1,0,28696.8,0
7361,15591035,Macleod,Accounts Payable,09/04/1975,16/08/2017,,White Collar,Permanent,Full Time,Fixed,Active,Low,Male,47,"5 Years, 4 Months",5,30746.88,4,0.17,0.73,0.91,2,1,1,0,1,32709.45,0
7362,15586479,Yin,Pricing Analyst,29/09/1985,31/12/2021,31/03/2022,White Collar,Permanent,Full Time,Flex and Fixed,Voluntarily Terminated,High,Female,37,"0 Years, 3 Months",0,44949.432,2,0.26,0.97,0.95,2,1,0,1,0,51078.9,1
7363,15605872,Felix,BI Developer,06/02/1965,10/03/1984,,White Collar,Permanent,Full Time,Flex and Fixed,Active,Low,Male,58,"38  Years, 9 Months",38,54413.59,2,0.27,0.71,0.6,2,1,1,1,1,59468.4,0
7364,15666012,Rippey,Recruiter,06/02/1963,23/02/2010,,White Collar,Permanent,Full Time,Fixed,Active,Low,Male,60,"12 Years, 9 Months",12,40177.89,3,0.28,0.59,0.48,2,0,1,1,1,40997.85,0
7365,15641733,Mishina,Trucking Specialist - Air Logistics,11/06/2000,13/04/2015,,Blue Collar,Permanent,Full Time,Fixed,Active,Low,Female,22,"7 Years, 8 Months",7,31291.42,4,0.3,0.73,0.79,2,0,0,1,0,35158.9,0
7366,15593178,Graham,Transport Controller,04/02/2002,23/04/2017,12/10/2019,Blue Collar,Temporary,Full Time,Fixed,Voluntarily Terminated,Low,Female,21,"2 Years, 5 Months",2,23131.9,2,0.21,0.84,0.53,4,0,1,1,1,24608.4,1
7367,15649183,Johnston,Senior DevOps Engineer,27/01/1974,08/03/2013,,White Collar,Permanent,Full Time,Flex and Fixed,Active,Medium,Female,49,"9 Years, 9 Months",9,59341.81,1,0.49,0.61,0.59,1,1,1,0,1,69002.1,0
7368,15736399,Korovin,Gateway & Procurement Team Leader- Air Logistics,13/03/1995,28/05/2022,,White Collar,Permanent,Full Time,Fixed,Active,Medium,Male,27,"0 Years, 6 Months",0,40284.2,4,0.1,0.79,0.78,0,0,0,1,0,40284.2,0
7369,15751137,Lei,National Air Logistics Pharma Compliance Specialist,17/08/2000,26/04/2017,,Blue Collar,Permanent,Full Time,Fixed,Active,Medium,Female,22,"5 Years, 7 Months",5,31560.71,2,0.77,0.73,0.91,2,0,0,1,0,34682.1,0
7370,15757188,Chimaijem,Perishable Customer Care Team Leader - Air Logistics,07/09/1978,26/08/2020,,White Collar,Permanent,Full Time,Fixed,Active,High,Female,44,"2 Years, 3 Months",2,36350.26,1,0.29,0.75,0.9,1,0,1,1,1,39086.3,0
7371,15726167,Scott,Accounts Payable,27/10/1961,04/10/1997,,White Collar,Permanent,Full Time,Fixed,Active,Low,Male,61,"25 Years, 2 Months",25,31837.76,4,0.27,0.84,0.52,1,1,1,1,1,37902.1,0
7372,15624850,Grant,IT-Support,07/07/1960,18/09/1984,,White Collar,Permanent,Full Time,Fixed,Active,Medium,Male,62,"38  Years, 3 Months",38,21344.93,4,0.8,0.58,0.85,3,0,0,1,0,36177.85,0
7373,15717700,McIntyre,Account Manager ,29/09/1989,17/10/2012,,White Collar,Permanent,Full Time,Fixed,Active,Medium,Male,33,"10  Years, 2 Months",10,30903.14,4,0.1,0.44,0.69,2,1,1,0,1,36789.45,0
7374,15716347,Griffin,Customer Servce Administrative Officer,10/01/1971,11/02/2022,,Blue Collar,Permanent,Full Time,Fixed,Active,Low,Male,52,"0 Years, 10 Months",0,33065.25,1,0.75,0.7,0.52,0,0,1,0,1,33065.25,0
7375,15696287,Converse,First Line Manager,08/12/1971,18/04/2015,23/04/2020,White Collar,Permanent,Full Time,Flex and Fixed,Voluntarily Terminated,High,Female,51,"5 Years, 0 Months",5,56092.86,2,0.15,0.51,0.86,5,1,1,1,1,60970.5,1
7376,15638871,Ch'ang,Accounts Payable,21/05/1961,24/07/1996,,White Collar,Permanent,Full Time,Fixed,Active,Low,Male,61,"26 Years, 4 Months",26,34441.73,3,0.75,0.55,0.98,3,1,1,1,1,35876.8,0
7377,15765093,Coates,National Air Logistics Transport Manager,08/08/1986,18/12/2016,,White Collar,Permanent,Full Time,Flex and Fixed,Active,High,Male,36,"6 Years, 0 Months",6,64647.98,1,1,0.72,0.38,3,1,1,1,1,68050.5,0
7378,15592999,Reid,Sea Logistics Pricing Coordinator,14/05/1982,04/06/1985,,White Collar,Permanent,Full Time,Fixed,Active,High,Female,40,"37 Years, 6 Months",37,31704.63,1,0.21,0.65,0.77,3,0,1,1,1,36442.1,0
7379,15641715,Ts'ui,BI Developer,22/01/1981,22/07/2013,,White Collar,Permanent,Full Time,Flex and Fixed,Active,Low,Male,42,"9 Years, 4 Months",9,56678.47,1,0.82,0.44,0.42,1,1,1,1,1,64407.35,0
7380,15607746,Belstead,Apprentice,01/07/2004,01/08/2022,,Blue Collar,Apprentice,Full Time,Fixed,Active,Low,Female,18,"0 Years, 4 Months",0,21309.45,2,0.29,0.98,0.67,0,0,1,1,1,21309.45,0
7381,15625311,Dickinson,National Air Logistics Gateway Trade Lane Specialist,09/10/1974,25/03/2019,,White Collar,Permanent,Full Time,Fixed,Active,Medium,Female,48,"3 Years, 8 Months",3,29164.81,3,0.36,0.69,0.8,1,0,1,1,1,32769.45,0
7382,15573077,Nwora,BI Developer,04/09/1979,18/03/2014,07/06/2022,White Collar,Permanent,Full Time,Flex and Fixed,Voluntarily Terminated,High,Female,43,"8 Years, 2 Months",8,53603.68,2,0.21,0.71,0.56,5,1,1,1,1,63063.15,1
7383,15735106,Bishop,Analyst Programmer ,07/11/1970,21/05/2016,,White Collar,Permanent,Full Time,Flex and Fixed,Active,High,Male,52,"6 Years, 6 Months",6,51600.9,2,0.39,0.54,0.71,1,1,0,1,0,60001.05,0
7384,15672912,Loggia,Gateway & Procurement Specialist - Air Logistics,17/02/2001,03/06/2020,06/09/2020,Blue Collar,Permanent,Full Time,Fixed,Voluntarily Terminated,High,Female,22,"0 Years, 3 Months",0,31620.688,2,0.6,0.77,0.98,2,0,0,0,0,35932.6,1
7385,15589881,Rowe,Recruiter,03/11/1965,13/09/2010,,White Collar,Permanent,Full Time,Fixed,Active,Low,Female,57,"12 Years, 3 Months",12,34280.89,4,0.42,0.53,0.43,1,0,1,1,0,38517.85,0
7386,15660144,Balashov,Perishable Customer Care Team Leader - Air Logistics,12/05/1959,31/10/2016,,White Collar,Permanent,Full Time,Fixed,Active,Medium,Male,63,"6 Years, 1 Months",6,41857,4,0.6,0.64,0.72,3,0,0,0,0,43151.55,0
7387,15664083,Ulyanova,Perishable Customer Care Team Leader - Air Logistics,10/05/1981,30/08/2021,,White Collar,Permanent,Full Time,Fixed,Active,Medium,Female,41,"1  Years, 3 Months",1,40977.85,3,0.44,0.69,0.59,0,0,1,0,1,40977.85,0
7388,15690898,Bogolyubova,Data Analyst,08/09/1960,27/06/1994,,White Collar,Permanent,Full Time,Flex and Fixed,Active,Low,Male,62,"28 Years, 5 Months",28,42219.55,4,0.3,0.93,0.71,3,1,0,0,0,45299.95,0
7389,15808023,Remington,Sea Logistics Pricing Coordinator,05/02/1982,25/03/2015,,White Collar,Permanent,Full Time,Fixed,Active,High,Female,41,"7 Years, 8 Months",7,30730.6,4,0.27,0.58,0.65,2,0,1,1,1,36153.65,0
7390,15676909,Mishin,Transport Controller,13/01/2004,19/11/2021,,Blue Collar,Temporary,Full Time,Fixed,Active,Medium,Female,19,"1  Years, 0 Months",1,24392.6,4,0.66,0.65,0.46,0,0,0,1,0,24392.6,0
7391,15764922,Tu,Customer Servce Administrative Officer,14/10/1995,21/03/2022,,Blue Collar,Permanent,Full Time,Fixed,Active,Medium,Male,27,"0 Years, 8 Months",0,32596.8,1,0.52,0.95,0.57,0,0,0,1,0,32596.8,0
7392,15766734,Castiglione,Network Engineer,19/07/1980,10/06/2014,,White Collar,Permanent,Full Time,Flex and Fixed,Active,High,Male,42,"8 Years, 6 Months",8,60151.21,2,0.48,0.65,0.9,1,1,0,1,0,68353.65,0
7393,15795079,Nnaife,Internal Trainer,09/01/1978,13/01/2017,,White Collar,Permanent,Full Time,Fixed,Active,High,Male,45,"5 Years, 11 Months",5,29561.5,1,0.23,0.9,0.7,2,0,1,1,1,31448.4,0
7394,15757434,Yang,Business Development Manager,02/04/1969,01/03/1985,,White Collar,Permanent,Full Time,Flex and Fixed,Active,Low,Male,53,"37 Years, 9 Months",37,46055.55,2,0.56,0.59,0.8,1,1,0,0,0,49522.1,0
7395,15673747,Ayers,Project Manager,09/10/1970,30/04/2012,,White Collar,Permanent,Full Time,Flex and Fixed,Active,Medium,Female,52,"10 Years, 7 Months",10,37497.22,3,0.28,0.88,0.55,2,1,1,0,0,40757.85,0
7396,15808386,Cocci,Sea Logiscitcs Customer Care Specialist ,23/11/1994,13/11/2019,11/03/2021,Blue Collar,Permanent,Full Time,Fixed,Voluntarily Terminated,Low,Female,28,"1 Years, 3 Months",1,30838.896,2,0.29,0.63,0.83,2,0,0,0,0,35044.2,1
7397,15603565,Mackenzie,Account Manager ,08/12/1998,24/06/2015,17/05/2019,White Collar,Permanent,Full Time,Fixed,Voluntarily Terminated,Medium,Female,24,"3 Years, 10 Months",3,28860.26,2,0.12,0.53,0.61,2,1,0,1,0,32795.75,1
7398,15744044,Fiorentini,Data Engineer,25/04/1985,05/03/1984,08/10/2021,White Collar,Permanent,Full Time,Flex and Fixed,Voluntarily Terminated,Medium,Male,37,"37 Years, 7 Months",37,66968.58,1,0.27,0.63,0.64,4,1,0,1,0,71854.7,1
7399,15577771,Akabueze,Trucking Specialist - Air Logistics,25/11/1958,10/04/1994,02/10/2020,Blue Collar,Permanent,Full Time,Fixed,Terminated for Cause,High,Female,64,"26 Years, 5 Months",26,25295.37,1,0.13,0.96,0.76,4,0,1,1,1,36659.95,1
7400,15769548,Hyde,BI Developer,18/08/1982,09/08/2006,,White Collar,Permanent,Full Time,Flex and Fixed,Active,Low,Female,40,"16  Years, 4 Months",16,48116.7,3,0.67,0.7,0.73,3,1,0,1,0,58678.9,0
7401,15802071,Levi,National Service Excellence Specialist- Air Logistics,22/08/1959,26/12/2016,10/08/2017,White Collar,Permanent,Full Time,Flex and Fixed,Voluntarily Terminated,High,Male,63,"0 Years, 7 Months",0,28363.764,2,0.29,0.73,0.36,2,0,1,0,1,32231.55,1
7402,15677395,Nwabugwu,Pricing Analyst,02/04/1958,02/06/2011,,White Collar,Permanent,Full Time,Flex and Fixed,Active,High,Female,64,"11 Years, 6 Months",11,45981.8,3,0.25,0.94,0.8,3,1,0,0,0,50529.45,0
7403,15632010,Chia,Customer Brokerage Specialist,09/11/1990,03/04/2022,,Blue Collar,Permanent,Full Time,Fixed,Active,Low,Male,32,"0 Years, 8 Months",0,32623.15,3,0.67,0.82,0.58,0,1,0,1,0,32623.15,0
7404,15779492,Trevisano,Gateway & Procurement Team Leader- Air Logistics,09/07/1981,22/06/2009,13/07/2021,White Collar,Permanent,Full Time,Fixed,Voluntarily Terminated,Low,Male,41,"12 Years, 0 Months",12,36501.03,1,0.45,0.44,0.63,5,0,0,0,0,39164.2,1
7405,15694677,Bennetts,Warehouse Apprentice- Air Logistics,23/03/2004,28/04/2022,,Blue Collar,Apprentice,Full Time,Fixed,Active,High,Male,18,"0 Years, 7 Months",0,23502.1,2,0.28,0.58,0.9,0,0,1,1,1,23502.1,0
7406,15704315,Teng,Inside Sales Executive/ Account Manager,25/09/1968,06/11/1989,,White Collar,Permanent,Full Time,Flex and Fixed,Active,High,Male,54,"33 Years, 1 Months",33,30507.88,4,0.27,0.55,0.97,4,1,1,1,1,36318.9,0
7407,15742009,Hsueh,Transport Controller,27/03/1999,06/08/2014,,Blue Collar,Temporary,Full Time,Fixed,Active,High,Male,23,"8 Years, 4 Months",8,26580.23,4,0.1,0.92,0.84,2,0,1,1,1,28891.55,0
7408,15766663,Mahmood,National Perishable Air Logistics Development Manager Retail,06/11/2000,08/02/2017,,White Collar,Permanent,Full Time,Flex and Fixed,Active,Low,Male,22,"5 Years, 10 Months",5,35391.97,1,0.29,0.91,0.59,2,1,0,1,0,37254.7,0
7409,15742297,Sinclair,Cloud Service Analyst,12/04/1992,03/05/2019,,White Collar,Permanent,Full Time,Flex and Fixed,Active,Medium,Male,30,"3 Years, 7 Months",3,63622.79,4,0.36,0.69,0.61,3,1,1,1,1,65590.5,0
7410,15688059,Chin,National Air Logistics Pharma Compliance Specialist,27/11/1966,14/10/1997,,Blue Collar,Permanent,Full Time,Fixed,Active,Medium,Female,56,"25  Years, 2 Months",25,28073.56,1,0.22,0.53,0.7,4,0,1,1,1,33420.91,0
7411,15752344,She,Software Engineer,31/07/1981,29/05/2012,,White Collar,Permanent,Full Time,Flex and Fixed,Active,Medium,Male,41,"10  Years, 6 Months",10,56738.79,4,0.26,0.71,0.81,4,1,0,1,0,69193.65,0
7412,15698749,He,Business Analyst,04/07/1958,01/01/2003,,White Collar,Permanent,Full Time,Flex and Fixed,Active,Medium,Female,64,"19 Years, 11 Months",19,37481.14,2,0.2,0.51,0.6,4,1,0,1,0,48676.8,0
7413,15631693,Hill,Business Development Manager,08/10/1966,13/09/2000,,White Collar,Permanent,Full Time,Flex and Fixed,Active,Medium,Male,56,"22 Years, 3 Months",22,47543.23,3,0.1,0.73,0.74,2,1,1,1,1,49524.2,0
7414,15604536,Vachon,Accounts Payable,24/06/1958,20/04/2018,,White Collar,Permanent,Full Time,Fixed,Active,Low,Female,64,"4 Years, 7 Months",4,31250.3,2,0.5,0.65,0.67,4,1,1,0,1,32216.8,0
7415,15802869,Ball,National Perishable Air Logistics Development Manager Retail,31/08/1982,26/12/2020,,White Collar,Permanent,Full Time,Flex and Fixed,Active,High,Female,40,"1 Years, 11 Months",1,31081.3,4,0.46,0.64,0.48,1,1,1,1,1,36141.05,0
7416,15635598,Hsieh,Project Coordinator,06/08/1980,10/08/2019,,White Collar,Permanent,Full Time,Fixed,Active,High,Male,42,"3 Years, 4 Months",3,32539.18,1,0.09,0.77,0.49,1,0,0,0,0,36560.88,0
7417,15592326,Baker,Network Engineer,06/07/1957,08/02/1998,,White Collar,Permanent,Full Time,Flex and Fixed,Active,Medium,Male,65,"24 Years, 10 Months",24,46656.29,4,0.48,0.71,0.79,3,1,1,0,1,71778.9,0
7418,15736533,Monaldo,Recruiter,07/03/1988,14/12/2012,,White Collar,Permanent,Full Time,Fixed,Active,Low,Female,35,"10 Years, 0 Months",10,32002.14,4,0.98,0.5,0.38,4,0,0,1,0,38556.8,0
7419,15647191,Lucchesi,Inside Sales Executive/ Account Manager,09/11/1980,19/09/2013,,White Collar,Permanent,Full Time,Flex and Fixed,Active,Low,Male,42,"9 Years, 2 Months",9,27879.35,4,0.69,0.99,0.57,3,1,0,1,0,32417.85,0
7420,15622507,Hamilton,Analyst Programmer ,13/08/1980,03/10/2022,,White Collar,Permanent,Full Time,Flex and Fixed,Active,Low,Female,42,"0 Years, 2 Months",0,59084.2,3,0.29,0.77,0.57,0,1,0,0,0,59084.2,0
7421,15765487,Kuo,IT System Engineer,23/10/1968,21/06/2013,,White Collar,Permanent,Full Time,Flex and Fixed,Active,Low,Female,54,"9 Years, 5 Months",9,63127.46,1,1,0.8,0.56,1,1,1,1,1,71735.75,0
7422,15646521,Fan,Technical Support Engineer,09/09/1959,30/05/1997,,White Collar,Permanent,Full Time,Flex and Fixed,Active,High,Female,63,"25 Years, 6 Months",25,53854.11,1,0.94,0.97,0.5,3,1,1,1,1,61197.85,0
7423,15746258,Wright,Finance Analyst,30/12/1977,12/01/2018,,White Collar,Permanent,Full Time,Flex and Fixed,Active,Medium,Male,45,"4 Years, 11 Months",4,48975.12,4,0.26,0.89,0.53,3,1,1,1,1,51015.75,0
7424,15692430,Milano,Human Resoruces Coordinator,19/01/1999,16/10/2016,,White Collar,Permanent,Full Time,Fixed,Active,High,Male,24,"6 Years, 2 Months",6,29854.85,4,0.29,0.97,0.7,3,0,0,1,0,31760.48,0
7425,15625501,Wall,Data Engineer,08/03/1972,30/03/2012,09/08/2020,White Collar,Permanent,Full Time,Flex and Fixed,Terminated for Cause,High,Male,51,"8 Years, 4 Months",8,65451.7,1,0.36,0.23,0.99,4,1,0,1,1,71143.15,1
7426,15640521,Chidumaga,Technical Support Engineer,11/12/1966,11/12/2011,05/04/2021,White Collar,Permanent,Full Time,Flex and Fixed,Voluntarily Terminated,High,Male,56,"9 Years, 3 Months",9,54547.68,2,0.58,0.6,0.75,5,1,0,1,0,58029.45,1
7427,15790630,Olisaemeka,Human Resoruces Coordinator,06/04/1965,11/12/1997,31/12/2015,White Collar,Permanent,Full Time,Fixed,Voluntarily Terminated,High,Female,57,"18 Years, 0 Months",18,29723.73,2,0.58,0.52,0.63,5,0,0,0,0,32308.4,1
7428,15664720,Kovalyova,BI Developer,14/11/1979,31/12/2016,,White Collar,Permanent,Full Time,Flex and Fixed,Active,Low,Male,43,"5 Years, 11 Months",5,56518.97,4,0.3,0.86,0.63,2,1,0,0,0,59493.65,0
7429,15750055,Onio,National Perishable Air Logistics Development Manager Retail,12/08/1957,29/05/2009,,White Collar,Permanent,Full Time,Flex and Fixed,Active,High,Male,65,"13 Years, 6 Months",13,29518.1,1,1,0.86,0.95,1,1,1,1,1,36442.1,0
7430,15644878,Hill,Transport Controller,16/08/2001,28/03/2018,,Blue Collar,Temporary,Full Time,Fixed,Active,High,Female,21,"4 Years, 8 Months",4,25363.11,3,0.22,0.76,0.58,2,0,0,0,0,27871.55,0
7431,15754578,Okeke,Perishable Customer Care Team Leader - Air Logistics,07/03/1967,27/04/2016,,White Collar,Permanent,Full Time,Fixed,Active,Low,Female,56,"6 Years, 7 Months",6,37395.45,2,0.39,0.79,0.77,2,0,0,1,0,41550.5,0
7432,15705379,Upjohn,Finance Analyst,09/01/1983,08/11/2012,,White Collar,Permanent,Full Time,Flex and Fixed,Active,Low,Male,40,"10  Years, 1 Months",10,43488.95,3,0.96,0.56,0.52,2,1,0,1,0,48321.05,0
7433,15761047,H?,Sea Logistics Pricing Coordinator,19/03/1995,16/08/2018,,White Collar,Permanent,Full Time,Fixed,Active,Medium,Male,27,"4 Years, 4 Months",4,31607.23,4,0.27,1,0.97,1,0,1,0,1,32924.2,0
7434,15671293,Marcus,Cloud Service Analyst,30/03/1962,22/05/2018,19/09/2018,White Collar,Permanent,Full Time,Flex and Fixed,Voluntarily Terminated,High,Female,60,"0 Years, 3 Months",0,55690.096,4,0.6,0.2,0.8,2,1,1,1,1,63284.2,1
7435,15687527,Yobachukwu,Business Development Executive,20/04/1988,22/03/2018,,White Collar,Permanent,Full Time,Flex and Fixed,Active,Medium,Male,34,"4 Years, 8 Months",4,39063.89,4,0.3,0.57,0.62,2,0,0,1,0,40691.55,0
7436,15647898,Russell,Gateway & Procurement Team Leader- Air Logistics,08/07/1973,14/04/2017,05/03/2019,White Collar,Permanent,Full Time,Fixed,Voluntarily Terminated,High,Female,49,"1 Years, 10 Months",1,38092.87,2,0.44,0.23,0.46,5,0,0,1,0,43287.35,1
7437,15671534,Hovell,Warehouse Quality Control Specialist - Air Logistics,21/12/1984,04/03/2019,02/04/2022,Blue Collar,Permanent,Full Time,Fixed,Voluntarily Terminated,High,Female,38,"3 Years, 0 Months",3,24017.15,2,0.29,0.82,0.97,4,0,0,1,0,24759.95,1
7438,15591248,Chukwumaobim,Account Manager ,11/11/1968,04/10/2001,,White Collar,Permanent,Full Time,Fixed,Active,Medium,Female,54,"21  Years, 2 Months",21,35163.9,3,0.37,0.98,0.8,1,1,1,1,0,37408.4,0
7439,15676156,Boyle,Sales Account Manager,26/01/1978,29/11/2018,,White Collar,Permanent,Full Time,Fixed,Active,Medium,Female,45,"4 Years, 0 Months",4,31385.42,4,0.51,0.52,0.7,2,1,0,1,0,35665.25,0
7440,15812918,Scott,Human Resoruces Coordinator,03/01/1994,23/12/2017,,White Collar,Permanent,Full Time,Fixed,Active,Low,Female,29,"4 Years, 11 Months",4,32423.15,3,0.29,0.96,0.61,3,0,0,0,0,36430.5,0
7441,15604130,Johnstone,Revenue Care Specialist- Air Logistics,04/03/1980,01/06/2014,,White Collar,Permanent,Full Time,Fixed,Active,High,Female,43,"8 Years, 6 Months",8,37594.09,3,0.28,0.69,0.64,3,1,0,0,0,42720.56,0
7442,15700549,Alvares,Pricing Analyst,12/08/1966,12/10/1992,,White Collar,Permanent,Full Time,Flex and Fixed,Active,Low,Male,56,"30 Years, 2 Months",30,45475.58,3,0.83,0.92,0.77,6,1,1,1,1,51676.8,0
7443,15715519,McDavid,Pricing Analyst,30/06/1963,24/07/2019,,White Collar,Permanent,Full Time,Flex and Fixed,Active,Low,Male,59,"3  Years, 4 Months",3,50407.04,3,0.67,0.91,0.43,2,1,0,1,0,51435.75,0
7444,15707042,Dellucci,Human Resoruces Coordinator,29/06/1981,06/11/2017,,White Collar,Permanent,Full Time,Fixed,Active,Medium,Female,41,"5 Years, 1 Months",5,29756.05,2,0.14,0.85,0.96,1,0,0,1,0,31995.75,0
7445,15605276,Brothers,Warehouse Quality Control Specialist - Air Logistics,27/05/1971,02/12/2021,,Blue Collar,Permanent,Full Time,Fixed,Active,High,Female,51,"1  Years, 0 Months",1,26139.95,4,0.51,0.91,0.77,0,0,1,1,1,26139.95,0
7446,15630592,Sanders,Customer Care Specialist-Key Accounts,03/04/1996,26/01/2017,30/12/2018,White Collar,Permanent,Full Time,Fixed,Voluntarily Terminated,High,Female,26,"1 Years, 11 Months",1,30543.82,2,0.48,0.79,0.55,5,0,0,1,0,34318.9,1
7447,15636626,Morrison,Software Engineer,26/11/1959,13/08/2009,,White Collar,Permanent,Full Time,Flex and Fixed,Active,Low,Male,63,"13 Years, 4 Months",13,55789.94,1,0.46,0.74,0.95,4,1,1,1,1,67216.8,0
7448,15740411,Molle,Business Development Manager,25/11/1991,07/12/2021,,White Collar,Permanent,Full Time,Flex and Fixed,Active,Low,Male,31,"1  Years, 0 Months",1,50344.2,3,0.71,0.73,0.72,0,1,1,1,1,50344.2,0
7449,15593834,Genovese,Transport Controller,06/02/1999,03/05/2012,18/04/2018,Blue Collar,Temporary,Full Time,Fixed,Voluntarily Terminated,High,Male,24,"10  Years, 7 Months",10,25438.73,2,0.1,0.55,0.98,4,0,0,0,0,28265.25,1
7450,15804235,Zetticci,Data Analyst,18/03/1977,14/09/2021,,White Collar,Permanent,Full Time,Flex and Fixed,Active,Medium,Female,45,"1  Years, 3 Months",1,42726.05,1,0.2,0.79,0.97,1,1,1,1,1,44506.3,0
7451,15679801,Hsueh,Perishable Customer Care Team Leader - Air Logistics,06/07/2000,01/01/2017,,White Collar,Permanent,Full Time,Fixed,Active,Medium,Female,22,"5 Years, 11 Months",5,39921.99,4,0.42,0.53,0.51,3,0,1,1,1,42023.15,0
7452,15673907,Alexander,Accounting Coordinator,21/12/2000,11/07/2022,,White Collar,Permanent,Full Time,Fixed,Active,Medium,Male,22,"0 Years, 5 Months",0,37479.95,2,0.26,0.7,0.6,0,1,0,0,0,37479.95,0
7453,15636562,Muravyova,Road Logistics Sales Representative,28/09/2001,03/03/2019,,White Collar,Permanent,Full Time,Fixed,Active,High,Male,21,"3 Years, 9 Months",3,28544.2,3,0.95,0.74,0.56,1,0,0,0,0,31026.3,0
7454,15702571,Wright,Java Software Engineer ,02/02/1964,20/11/2014,08/03/2017,White Collar,Permanent,Full Time,Flex and Fixed,Voluntarily Terminated,High,Female,59,"2 Years, 3 Months",2,60807.6,1,0.42,0.95,0.76,5,1,1,1,1,68323.15,1
7455,15627365,Calabresi,Senior DevOps Engineer,30/08/1978,26/03/2019,,White Collar,Permanent,Full Time,Flex and Fixed,Active,Low,Male,44,"3 Years, 8 Months",3,63496.4,2,0.3,0.49,0.57,1,1,1,1,1,70551.55,0
7456,15748499,Johnson,Revenue Care Specialist- Air Logistics,19/07/1975,31/01/2013,15/02/2016,White Collar,Permanent,Full Time,Fixed,Voluntarily Terminated,High,Male,47,"9  Years, 10 Months",9,40257.46,2,0.35,0.79,0.9,4,1,1,0,1,43194.7,1
7457,15598614,Lucchesi,Sales Specialist-Air Logitics ,24/10/2002,17/04/2022,,Blue Collar,Permanent,Full Time,Fixed,Active,High,Male,20,"0 Years, 8 Months",0,33251.55,3,0.67,0.99,0.86,0,0,0,1,0,33251.55,0
7458,15668889,Galgano,Pricing Analyst,09/05/1988,30/04/2002,08/10/2015,White Collar,Permanent,Full Time,Flex and Fixed,Voluntarily Terminated,Medium,Female,34,"13 Years, 5 Months",13,47688.96,2,0.13,0.56,0.79,4,1,0,1,0,50198.9,1
7459,15800049,Grigoryeva,Perishable Customer Care Team Leader - Air Logistics,29/11/1961,07/11/2006,,White Collar,Permanent,Full Time,Fixed,Active,High,Female,61,"16 Years, 1 Months",16,36198.53,2,0.75,0.7,0.79,2,0,1,1,1,38923.15,0
7460,15583724,Raymond,Aerospace International Logistics Specialist,14/11/1991,22/09/2019,,Blue Collar,Permanent,Full Time,Fixed,Active,High,Female,31,"3 Years, 2 Months",3,33676.83,1,0.39,0.93,0.65,1,0,1,1,1,36605.25,0
7461,15622083,Paterson,IT System Engineer,02/03/1964,31/05/2020,,White Collar,Permanent,Full Time,Flex and Fixed,Active,High,Male,59,"2 Years, 6 Months",2,60741.28,4,0.45,0.46,0.66,2,1,0,1,0,71460.33,0
7462,15645571,Genovese,Account Manager ,24/04/1997,22/10/2013,,White Collar,Permanent,Full Time,Fixed,Active,Medium,Male,25,"9 Years, 1 Months",9,32363.42,3,0.58,0.66,0.61,2,1,1,0,1,35564.2,0
7463,15598266,Martin,Trucking Team Leader- Air Logistics,15/11/1972,30/05/2012,,White Collar,Permanent,Full Time,Fixed,Active,Low,Male,50,"10  Years, 6 Months",10,36913.13,4,0.28,0.76,0.41,1,0,1,1,1,43944.2,0
7464,15667934,Moretti,National Air Logistics Warehousing Manager,13/08/1975,02/06/2019,,White Collar,Permanent,Full Time,Fixed,Active,Low,Male,47,"3 Years, 6 Months",3,69794.51,3,0.96,0.5,0.78,1,1,0,1,0,77549.45,0
7465,15569682,Leckie,Stock Investigator & Analyst,29/04/1955,12/04/2008,12/02/2018,White Collar,Permanent,Full Time,Flex and Fixed,Voluntarily Terminated,Medium,Male,67,"9 Years, 10 Months",9,39927.93,2,0.29,0.58,0.72,4,1,0,1,0,48692.6,1
7466,15772941,Lane,Gateway & Procurement Team Leader- Air Logistics,15/05/1987,19/08/2012,,White Collar,Permanent,Full Time,Fixed,Active,Medium,Male,35,"10  Years, 3 Months",10,34858.4,4,0.1,0.83,0.81,3,0,1,0,0,38731.55,0
7467,15586174,Brodney,Customer Servce Administrative Officer,28/01/1986,29/12/2018,,Blue Collar,Permanent,Full Time,Fixed,Active,High,Female,37,"3 Years, 11 Months",3,32160.74,2,0.96,0.57,0.42,2,0,1,1,0,36546.3,0
7468,15803682,Angelo,Accounting Coordinator,05/08/1965,26/05/1992,,White Collar,Permanent,Full Time,Fixed,Active,Medium,Female,57,"30 Years, 6 Months",30,32996.26,2,0.44,0.51,0.83,1,1,1,1,1,37495.75,0
7469,15627328,Millar,Apprentice,31/05/2002,16/09/2022,,Blue Collar,Apprentice,Full Time,Fixed,Active,Low,Female,20,"0 Years, 3 Months",0,23262.1,3,0.77,0.65,0.96,0,0,1,1,1,23262.1,0
7470,15717065,Balashov,Gateway & Procurement Team Leader- Air Logistics,18/03/1995,02/08/2014,,White Collar,Permanent,Full Time,Fixed,Active,High,Female,27,"8 Years, 4 Months",8,34971.21,4,0.27,0.52,0.41,3,0,0,1,0,40664.2,0
7471,15602456,Afanasyev,BI Developer,28/10/1982,26/08/2004,,White Collar,Permanent,Full Time,Flex and Fixed,Active,Low,Female,40,"18 Years, 3 Months",18,59733.55,2,0.29,0.77,0.7,2,1,1,1,1,60952.6,0
7472,15721569,Chialuka,National Perishable Air Logistics Development Manager Seafood,24/11/1988,05/08/2015,,White Collar,Permanent,Full Time,Flex and Fixed,Active,Medium,Female,34,"7 Years, 4 Months",7,34265.11,4,0.16,0.42,0.77,2,1,1,0,1,36844.2,0
7473,15573798,Yermolayev,Software Engineer,28/06/1964,06/04/2018,,White Collar,Permanent,Full Time,Flex and Fixed,Active,High,Female,58,"4 Years, 8 Months",4,69746.3,1,0.12,0.68,0.79,0,1,0,1,0,69746.3,0
7474,15638272,Tien,National Air Logistics Gateway Trade Lane Specialist,20/07/1990,05/08/2017,,White Collar,Permanent,Full Time,Fixed,Active,Low,Male,32,"5 Years, 4 Months",5,32779.89,2,0.11,0.83,0.92,1,0,1,1,1,36422.1,0
7475,15799859,Lucchesi,Inside Sales Executive/ Account Manager,31/12/1999,23/05/2012,,White Collar,Permanent,Full Time,Flex and Fixed,Active,Low,Male,23,"10  Years, 6 Months",10,30133.36,2,0.7,0.66,0.63,4,1,0,1,0,36305.25,0
7476,15599152,Lai,Perishable Operational Care Specialist - Air Logistics,02/08/1965,24/02/2004,,Blue Collar,Permanent,Full Time,Fixed,Active,Medium,Male,57,"18 Years, 9 Months",18,30682.42,3,0.29,0.75,0.57,2,0,0,0,0,32921.05,0
7477,15737909,Bates,Trucking Specialist - Air Logistics,20/06/1982,28/08/2001,,Blue Collar,Permanent,Full Time,Fixed,Active,High,Male,40,"21 Years, 3 Months",21,30505.23,3,0.53,0.65,0.48,3,0,0,1,0,36315.75,0
7478,15646190,Saunders,Pricing Analyst,01/03/1987,25/12/2008,12/06/2015,White Collar,Permanent,Full Time,Flex and Fixed,Voluntarily Terminated,Medium,Female,36,"6 Years, 5 Months",6,44539.59,2,0.48,0.49,0.6,4,1,0,0,0,48412.6,1
7479,15711249,Chukwuemeka,Internal Trainer,25/01/1976,26/08/2015,,White Collar,Permanent,Full Time,Fixed,Active,High,Male,47,"7 Years, 3 Months",7,32460.16,4,0.2,0.77,0.96,3,0,0,1,0,35670.5,0
7480,15671987,Meagher,Aerospace International Logistics Specialist,12/05/1998,26/10/2013,,Blue Collar,Permanent,Full Time,Fixed,Active,Low,Male,24,"9 Years, 1 Months",9,27076.34,1,0.2,0.65,0.97,1,0,0,1,0,32622.1,0
7481,15812766,Golubeva,Human Resoruces Coordinator,28/04/1966,06/08/2018,,White Collar,Permanent,Full Time,Fixed,Active,Medium,Male,56,"4 Years, 4 Months",4,31923.46,1,0.38,0.65,0.49,1,0,0,0,0,34326.3,0
7482,15778589,Collier,Business Development Manager,25/04/1966,21/09/2005,,White Collar,Permanent,Full Time,Flex and Fixed,Active,High,Male,56,"17 Years, 2 Months",17,46999.89,4,0.26,0.44,0.58,2,1,1,1,1,52222.1,0
7483,15750104,Chan,National Air Logistics Transport Manager,11/07/1982,26/03/2017,,White Collar,Permanent,Full Time,Flex and Fixed,Active,Medium,Male,40,"5 Years, 8 Months",5,61424.02,4,0.42,0.61,0.72,1,1,0,1,0,69015.75,0
7484,15784526,Chen,Gateway & Procurement Specialist - Air Logistics,14/05/1995,01/09/2016,05/04/2020,Blue Collar,Permanent,Full Time,Fixed,Voluntarily Terminated,Low,Male,27,"3 Years, 7 Months",3,28853.46,2,0.1,0.98,0.89,5,0,1,0,1,33945.25,1
7485,15646563,Wright,National Air Logistics Pharma Compliance Specialist,22/02/1979,14/01/2015,,Blue Collar,Permanent,Full Time,Fixed,Active,Medium,Female,44,"7 Years, 11 Months",7,28553.81,3,0.54,0.68,0.88,3,0,1,0,1,33202.1,0
7486,15744423,Cocci,Material Handler ,11/09/2001,18/02/2018,,Blue Collar,Temporary,Full Time,Fixed,Active,Medium,Male,21,"4 Years, 10 Months",4,25824.86,3,0.79,0.58,0.5,1,0,0,1,0,28070.5,0
7487,15593694,Williams,Business Development Manager,02/06/1969,03/08/2001,,White Collar,Permanent,Full Time,Flex and Fixed,Active,High,Male,53,"21 Years, 4 Months",21,48196.24,4,0.1,0.81,0.92,1,1,0,0,0,51272.6,0
7488,15785367,McGuffog,Business Development Executive,24/07/1990,04/10/2017,23/08/2022,White Collar,Permanent,Full Time,Flex and Fixed,Voluntarily Terminated,Low,Female,32,"4 Years, 10 Months",4,38951,2,0.27,0.76,0.5,4,0,0,0,1,41001.05,1
7489,15687765,Chukwujamuike,Customer Care Specialist-Key Accounts,14/04/1998,10/12/2018,,White Collar,Permanent,Full Time,Fixed,Active,High,Female,24,"4 Years, 0 Months",4,31411.35,3,0.8,0.71,0.93,2,0,0,1,0,35293.65,0
7490,15789014,Scott,Trucking Specialist - Air Logistics,08/02/1989,11/05/2014,,Blue Collar,Permanent,Full Time,Fixed,Active,High,Female,34,"8 Years, 7 Months",8,32653.19,2,0.23,0.49,0.91,2,0,0,1,0,35492.6,0
7491,15703177,Bell,Transport Controller,29/12/1973,06/10/2015,,Blue Collar,Temporary,Full Time,Fixed,Active,Medium,Female,49,"7 Years, 2 Months",7,25479.95,3,0.66,0.97,0.78,1,0,1,1,1,27999.95,0
7492,15660263,Olisaemeka,Transport Controller,11/09/1959,06/03/1996,,Blue Collar,Temporary,Full Time,Fixed,Active,Medium,Male,63,"26 Years, 9 Months",26,21724.17,2,0.56,0.91,0.6,4,0,0,1,0,25557.85,0
7493,15776545,Napolitani,IT System Engineer,19/01/1988,16/03/2005,30/08/2017,White Collar,Permanent,Full Time,Flex and Fixed,Voluntarily Terminated,Low,Male,35,"12 Years, 5 Months",12,58782.14,1,0.18,0.15,0.98,5,1,1,0,1,66047.35,1
7494,15683276,Sargood,National Service Excellence Specialist- Air Logistics,01/06/1961,17/04/1995,,White Collar,Permanent,Full Time,Flex and Fixed,Active,High,Female,61,"27 Years, 8 Months",27,30302.75,3,0.19,0.82,0.63,2,0,1,1,1,35235.75,0
7495,15599272,Harrington,Account Manager ,28/01/1972,14/05/2012,,White Collar,Permanent,Full Time,Fixed,Active,High,Female,51,"10  Years, 7 Months",10,30817.32,1,0.39,0.67,0.87,2,1,1,1,1,37582.1,0
7496,15589541,Sutherland,Gateway & Procurement Specialist - Air Logistics,23/06/1955,10/05/2008,,Blue Collar,Permanent,Full Time,Fixed,Active,High,Female,67,"14 Years, 7 Months",14,29111.9,4,0.25,0.5,0.96,4,0,1,0,1,36850.5,0
7497,15608804,Allan,Human Resoruces Coordinator,25/07/1981,24/04/2013,,White Collar,Permanent,Full Time,Fixed,Active,Low,Male,41,"9 Years, 7 Months",9,29286.67,2,0.41,0.57,0.39,1,0,1,1,1,32183.15,0
7498,15645820,Folliero,Java Software Engineer ,20/01/1968,19/01/2002,,White Collar,Permanent,Full Time,Flex and Fixed,Active,High,Male,55,"20 Years, 10 Months",20,64785.77,4,0.09,0.99,0.94,1,1,0,1,0,66789.45,0
7499,15659031,Mordvinova,Inventory Clerk,03/11/2001,05/02/2020,,Blue Collar,Temporary,Full Time,Fixed,Active,Low,Female,21,"2 Years, 10 Months",2,24896.55,2,0.28,0.97,0.94,1,0,1,1,1,27973.65,0
7500,15790113,Schofield,Accounts Payable,16/06/1979,27/04/2017,17/12/2018,White Collar,Permanent,Full Time,Fixed,Voluntarily Terminated,High,Female,43,"1 Years, 7 Months",1,30231.15,2,0.3,0.93,0.58,3,1,0,1,1,32859.95,1
7501,15652289,Williams,Accounting Coordinator,07/10/2000,13/03/2018,,White Collar,Permanent,Full Time,Fixed,Active,Low,Male,22,"4 Years, 9 Months",4,32111.41,4,0.27,0.62,0.6,1,1,0,1,0,34528.4,0
7502,15605341,Baird,Sea Logistics Pricing Coordinator,24/05/1975,21/03/2017,,White Collar,Permanent,Full Time,Fixed,Active,High,Female,47,"5 Years, 8 Months",5,28424.53,4,0.81,0.62,0.51,2,0,1,1,1,31235.75,0
7503,15697844,Whitehouse,Sea Logistics Pricing Coordinator,21/04/1996,30/05/2018,,White Collar,Permanent,Full Time,Fixed,Active,Medium,Female,26,"4 Years, 6 Months",4,30406.29,2,0.28,0.96,0.61,2,0,0,1,0,34552.6,0
7504,15652048,Thompson,Accounting Coordinator,15/01/1987,04/11/2017,,White Collar,Permanent,Full Time,Fixed,Active,Medium,Male,36,"5 Years, 1 Months",5,31985.12,2,0.55,0.98,0.96,2,1,1,1,0,34392.6,0
7505,15587038,Ogochukwu,National Perishable Air Logistics Development Manager Retail,24/09/1986,04/02/1984,12/09/2016,White Collar,Permanent,Full Time,Flex and Fixed,Voluntarily Terminated,High,Female,36,"32 Years, 7 Months",32,27567.71,2,0.3,0.52,0.57,5,1,1,1,1,32432.6,1
7506,15660528,Niu,Cloud Service Analyst,22/08/1963,11/08/1988,,White Collar,Permanent,Full Time,Flex and Fixed,Active,High,Male,59,"34 Years, 4 Months",34,58486.79,4,0.48,0.56,0.77,1,1,0,1,0,63572.6,0
7507,15700300,Okoli,Perishable Customer Care Team Leader - Air Logistics,26/05/1995,12/05/2012,06/06/2013,White Collar,Permanent,Full Time,Fixed,Voluntarily Terminated,Low,Female,27,"10  Years, 7 Months",10,31934,2,0.09,0.14,0.41,5,0,1,0,1,38474.7,1
7508,15642001,Lorenzen,Transport Controller,05/01/1995,29/06/2014,10/05/2015,Blue Collar,Temporary,Full Time,Fixed,Voluntarily Terminated,Medium,Male,28,"0 Years, 10 Months",0,21435.832,2,0.45,0.29,0.38,2,0,0,1,1,24358.9,1
7509,15580366,Okechukwu,Inside Sales Executive/ Account Manager,15/04/1978,26/08/2020,,White Collar,Permanent,Full Time,Flex and Fixed,Active,Low,Male,44,"2 Years, 3 Months",2,34319.55,1,0.48,0.76,0.81,2,1,1,1,1,35019.95,0
7510,15657228,Anderson,Warehouse Apprentice- Air Logistics,03/09/2001,06/10/2022,,Blue Collar,Apprentice,Full Time,Fixed,Active,Low,Male,21,"0 Years, 2 Months",0,23049.45,1,0.45,0.65,0.58,0,0,1,1,1,23049.45,0
7511,15729377,Ku,Apprentice,15/09/2001,10/05/2022,,Blue Collar,Apprentice,Full Time,Fixed,Active,High,Male,21,"0 Years, 7 Months",0,23593.65,1,0.24,0.96,0.72,0,0,1,1,0,23593.65,0
7512,15686913,Kung,IT System Engineer,24/02/1962,31/01/1988,,White Collar,Permanent,Full Time,Flex and Fixed,Active,Low,Male,61,"34 Years, 10 Months",34,58805.96,2,0.24,0.84,0.93,2,1,0,1,0,65339.95,0
7513,15631267,Lu,Business Analyst,08/12/1957,10/03/2018,,White Collar,Permanent,Full Time,Flex and Fixed,Active,Low,Male,65,"4 Years, 9 Months",4,45211.92,4,0.66,0.81,0.62,1,1,1,1,1,47095.75,0
7514,15632275,Trevisano,Data Analyst,15/01/1991,03/04/2019,,White Collar,Permanent,Full Time,Flex and Fixed,Active,High,Male,32,"3 Years, 8 Months",3,43031.01,2,0.23,0.51,0.51,1,1,0,1,0,48349.45,0
7515,15715907,Onwubiko,Human Resoruces Coordinator,11/08/1966,29/08/2014,21/05/2020,White Collar,Permanent,Full Time,Fixed,Voluntarily Terminated,Low,Male,56,"5 Years, 8 Months",5,28113.68,2,0.6,0.87,0.75,5,0,0,1,0,31588.4,1
7516,15764841,Vidler,Sea Logiscitcs Customer Care Specialist ,09/12/1983,06/03/2015,,Blue Collar,Permanent,Full Time,Fixed,Active,Low,Female,39,"7 Years, 9 Months",7,31193.96,4,0.23,0.94,0.77,1,0,1,1,1,34659.95,0
7517,15748649,Shen,Inside Sales Executive/ Account Manager,03/07/1962,03/12/1988,,White Collar,Permanent,Full Time,Flex and Fixed,Active,Medium,Male,60,"34 Years, 0 Months",34,28886.22,3,0.6,0.69,0.97,2,1,0,1,0,32825.25,0
7518,15771409,McGregor,National Perishable Air Logistics Development Manager Retail,04/02/1988,04/11/1995,29/07/2018,White Collar,Permanent,Full Time,Flex and Fixed,Voluntarily Terminated,Low,Male,35,"22 Years, 8 Months",22,29589.33,2,0.44,0.44,0.53,5,1,0,1,0,32515.75,1
7519,15779207,Nnamdi,Human Resoruces Coordinator,26/06/1974,20/05/2017,,White Collar,Permanent,Full Time,Fixed,Active,Medium,Male,48,"5 Years, 6 Months",5,34226.98,2,0.24,0.85,0.55,2,0,1,1,1,36028.4,0
7520,15814116,Castiglione,IT System Engineer,24/10/1992,13/12/2021,,White Collar,Permanent,Full Time,Flex and Fixed,Active,Low,Female,30,"1 Years, 0 Months",1,66425.25,4,0.52,0.69,0.86,0,1,0,1,0,66425.25,0
7521,15665087,Bergamaschi,Perishable Operational Care Specialist - Air Logistics,22/12/1957,23/04/2019,,Blue Collar,Permanent,Full Time,Fixed,Active,Low,Female,65,"3 Years, 7 Months",3,35407.35,2,0.26,0.91,0.74,0,0,1,1,1,35407.35,0
7522,15611189,Allingham,Warehouse Specialist - Air Logistics,16/06/1998,02/11/2020,,Blue Collar,Temporary,Full Time,Fixed,Active,Low,Male,24,"2 Years, 1 Months",2,22188.94,1,0.27,0.81,0.83,2,0,0,0,0,25214.7,0
7523,15729718,Stelzer,Regional Air logistics Trainer Specialist,08/02/1995,10/01/2017,15/12/2021,White Collar,Permanent,Full Time,Fixed,Voluntarily Terminated,High,Male,28,"4 Years, 11 Months",4,30548.84,1,0.14,0.82,0.59,5,0,0,0,0,33943.15,1
7524,15733602,Rubin,Business Development Executive,31/01/1962,05/04/1991,,White Collar,Permanent,Full Time,Flex and Fixed,Active,High,Female,61,"31 Years, 8 Months",31,34928.05,4,0.94,0.48,0.79,3,0,1,0,1,43121.05,0
7525,15620103,Ho,Perishable Warehouse Specialist - Air Logistics,19/04/1969,01/09/2013,,Blue Collar,Permanent,Full Time,Fixed,Active,Medium,Female,53,"9 Years, 3 Months",9,29874.79,4,0.83,0.92,0.84,1,0,1,1,1,32472.6,0
7526,15770406,Watson,BI Developer,18/08/1991,05/02/2013,,White Collar,Permanent,Full Time,Flex and Fixed,Active,Low,Male,31,"9 Years, 10 Months",9,53753.41,1,0.86,0.94,0.88,2,1,1,0,1,64763.15,0
7527,15800554,Perry,Apprentice,16/08/2001,21/03/2022,,Blue Collar,Apprentice,Full Time,Fixed,Active,High,Female,21,"0 Years, 8 Months",0,22191.55,4,0.26,1,0.56,0,0,1,1,1,22191.55,0
7528,15611409,Sun,Sea Logistics Pricing Coordinator,13/09/1969,25/05/1997,,White Collar,Permanent,Full Time,Fixed,Active,Low,Male,53,"25 Years, 6 Months",25,33997.31,1,0.74,0.96,0.91,2,0,0,0,0,36167.35,0
7529,15646535,Harrell,Forklift Operator,16/06/2003,06/02/2020,,Blue Collar,Temporary,Full Time,Fixed,Active,Low,Male,19,"2 Years, 10 Months",2,26469.26,4,0.77,0.64,0.74,2,0,0,1,0,27009.45,0
7530,15575430,Robson,National Service Excellence Specialist- Air Logistics,26/09/1979,10/06/2018,,White Collar,Permanent,Full Time,Flex and Fixed,Active,Low,Female,43,"4 Years, 6 Months",4,35323.92,4,0.76,0.62,0.89,2,0,1,1,0,36795.75,0
7531,15711299,Wilson,Analyst Programmer ,18/03/1982,02/10/2004,,White Collar,Permanent,Full Time,Flex and Fixed,Active,Low,Female,40,"18 Years, 2 Months",18,50789.71,3,0.21,0.55,0.76,3,1,1,0,1,59752.6,0
7532,15642063,Kelechi,Data Engineer,30/01/1970,03/05/2019,,White Collar,Permanent,Full Time,Flex and Fixed,Active,Low,Male,53,"3 Years, 7 Months",3,67247.76,4,0.1,0.82,0.52,1,1,0,0,0,71540.17,0
7533,15706602,Bates,Regional Air logistics Trainer Specialist,31/01/1998,16/01/2019,,White Collar,Permanent,Full Time,Fixed,Active,High,Female,25,"3 Years, 11 Months",3,33712.35,3,0.23,0.62,0.56,2,0,1,0,1,35864.2,0
7534,15592773,Eberegbulam,Perishable Apprentice- Air Logistics,16/07/2001,26/02/2009,30/08/2018,Blue Collar,Apprentice,Full Time,Fixed,Voluntarily Terminated,High,Female,21,"9 Years, 6 Months",9,20178.27,1,0.28,0.61,0.69,5,0,0,1,1,21650.5,1
7535,15786539,Olisaemeka,National Service Excellence Specialist- Air Logistics,11/09/1998,19/12/2017,,White Collar,Permanent,Full Time,Flex and Fixed,Active,High,Male,24,"4 Years, 11 Months",4,29421.61,3,0.7,0.72,0.52,2,0,1,1,1,33433.65,0
7536,15737542,Davey,Regional Air logistics Trainer Specialist,24/06/1974,30/05/2016,,White Collar,Permanent,Full Time,Fixed,Active,Low,Female,48,"6 Years, 6 Months",6,28593.56,4,0.29,0.45,0.76,1,0,0,1,0,34039.95,0
7537,15590234,De Luca,Apprentice,19/10/2002,17/08/2009,21/05/2022,Blue Collar,Apprentice,Full Time,Fixed,Voluntarily Terminated,Low,Female,20,"12 Years, 9 Months",12,21832.33,2,0.6,0.51,0.93,5,0,0,1,1,23425.25,1
7538,15773776,Ho,Project Coordinator,06/11/1992,05/07/2012,,White Collar,Permanent,Full Time,Fixed,Active,Medium,Female,30,"10  Years, 5 Months",10,30476.45,1,0.27,0.42,0.53,5,0,1,1,1,37625.25,0
7539,15728082,Vasiliev,Perishable Warehouse Specialist - Air Logistics,01/05/1965,04/03/2007,,Blue Collar,Permanent,Full Time,Fixed,Active,Low,Male,57,"15 Years, 9 Months",15,35813.42,2,0.84,0.69,0.64,3,0,0,1,0,36921.05,0
7540,15609987,Smith,Inside Sales Executive/ Account Manager,06/02/1988,25/01/2012,,White Collar,Permanent,Full Time,Flex and Fixed,Active,Low,Male,35,"10  Years, 10 Months",10,25962.92,3,0.17,0.61,0.66,4,1,0,1,0,32453.65,0
7541,15735330,Sung,National Air Logistics Pharma Compliance Specialist,11/03/1983,11/01/2013,,Blue Collar,Permanent,Full Time,Fixed,Active,Low,Male,39,"9 Years, 11 Months",9,29337.4,3,0.13,0.5,0.98,1,0,0,1,0,32238.9,0
7542,15649430,White,Accounts Payable,16/12/1992,11/08/2021,,White Collar,Permanent,Full Time,Fixed,Active,Low,Male,30,"1  Years, 4 Months",1,32779.99,3,0.23,0.68,0.68,1,1,1,1,1,34505.25,0
7543,15768777,Wang,Perishable Operational Care Specialist - Air Logistics,03/12/1985,07/09/2021,,Blue Collar,Permanent,Full Time,Fixed,Active,Medium,Female,37,"1  Years, 3 Months",1,33830.5,4,0.13,0.88,0.89,0,0,1,1,1,33830.5,0
7544,15777893,Davide,Operations Specialist,06/12/1969,07/02/2015,,Blue Collar,Permanent,Full Time,Fixed,Active,Low,Male,53,"7 Years, 10 Months",7,31248.35,2,0.8,0.81,0.66,1,0,0,1,0,35110.5,0
7545,15791326,Nnamdi,IT-Support,13/03/1974,26/07/2017,,White Collar,Permanent,Full Time,Fixed,Active,Medium,Male,48,"5 Years, 4 Months",5,34016.98,1,0.27,0.75,0.77,2,0,0,0,0,35807.35,0
7546,15615176,Welsh,Gateway & Procurement Team Leader- Air Logistics,16/09/1960,03/12/1991,,White Collar,Permanent,Full Time,Fixed,Active,Medium,Male,62,"31 Years, 0 Months",31,36669.45,2,0.3,0.77,0.8,2,0,0,1,0,42638.9,0
7547,15735221,Sousa,Analyst Programmer ,12/08/1964,14/10/2004,,White Collar,Permanent,Full Time,Flex and Fixed,Active,High,Female,58,"18 Years, 2 Months",18,54962.04,3,0.92,0.55,0.72,1,1,0,1,0,60397.85,0
7548,15617991,Andrews,Warehouse Quality Control Specialist - Air Logistics,20/12/1974,06/07/2017,,Blue Collar,Permanent,Full Time,Fixed,Active,Medium,Male,48,"5 Years, 5 Months",5,22708.38,3,0.3,0.7,0.73,1,0,1,1,1,24157.85,0
7549,15658504,Chiawuotu,Cloud Service Analyst,17/02/1973,16/09/2019,,White Collar,Permanent,Full Time,Flex and Fixed,Active,Medium,Female,50,"3 Years, 3 Months",3,53240.22,4,0.25,0.96,0.78,1,1,1,0,1,60500.25,0
7550,15785705,Thomson,National Air Logistics Gateway Trade Lane Specialist,17/10/1970,26/12/2017,26/05/2021,White Collar,Permanent,Full Time,Fixed,Voluntarily Terminated,Medium,Female,52,"3 Years, 5 Months",3,33052.2,1,0.15,0.18,0.73,4,0,0,1,0,35926.3,1
7551,15801817,Carpenter,Accounting Coordinator,03/02/1994,19/12/2017,,White Collar,Permanent,Full Time,Fixed,Active,High,Female,29,"4 Years, 11 Months",4,30620.84,3,0.08,0.78,0.62,2,1,1,1,1,34023.15,0
7552,15752578,Yefimova,Perishable Operational Care Specialist - Air Logistics,20/12/1988,01/04/2015,,Blue Collar,Permanent,Full Time,Fixed,Active,High,Female,34,"7 Years, 8 Months",7,31699.1,4,0.26,0.95,0.49,2,0,0,1,0,36435.75,0
7553,15781574,Ma,National Perishable Air Logistics Development Manager Seafood,05/08/1985,17/07/2013,,White Collar,Permanent,Full Time,Flex and Fixed,Active,Medium,Male,37,"9 Years, 5 Months",9,30021.96,1,0.4,0.68,0.71,2,1,1,1,1,35319.95,0
7554,15792107,Black,Warehouse Quality Control Specialist - Air Logistics,01/04/1997,07/08/2018,,Blue Collar,Permanent,Full Time,Fixed,Active,Medium,Female,25,"4 Years, 4 Months",4,22509,3,0.39,0.84,0.45,2,0,1,1,1,24466.3,0
7555,15569917,Obijiaku,Inventory Clerk,14/05/2003,15/03/2020,12/05/2020,Blue Collar,Temporary,Full Time,Fixed,Voluntarily Terminated,Low,Male,19,"0 Years, 1 Months",0,24405.612,2,0.18,0.8,0.68,2,0,0,0,0,27733.65,1
7556,15721504,King,Accounts Payable,10/03/1983,05/02/2013,,White Collar,Permanent,Full Time,Fixed,Active,High,Male,40,"9 Years, 10 Months",9,30028.66,1,0.27,0.57,0.55,2,1,0,1,0,35748.4,0
7557,15757306,Miller,Warehouse Specialist - Air Logistics,11/05/1997,13/11/2013,27/06/2015,Blue Collar,Temporary,Full Time,Fixed,Voluntarily Terminated,Medium,Male,25,"1 Years, 7 Months",1,22015.8075,2,0.27,0.98,0.63,2,0,1,1,1,25900.95,1
7558,15647295,Chin,National Air Logistics Gateway Trade Lane Specialist,18/08/1975,18/11/2021,,White Collar,Permanent,Full Time,Fixed,Active,High,Male,47,"1  Years, 1 Months",1,36248.4,3,0.29,0.95,0.62,0,0,0,1,0,36248.4,0
7559,15642098,Cox,Accounting Coordinator,22/01/1996,02/10/2012,08/03/2017,White Collar,Permanent,Full Time,Fixed,Voluntarily Terminated,Medium,Female,27,"10  Years, 2 Months",10,28684.21,1,0.28,0.8,0.65,4,1,0,1,0,35412.6,1
7560,15696120,Wallace,Data Analyst,02/09/1955,06/01/1999,,White Collar,Permanent,Full Time,Flex and Fixed,Active,Medium,Female,67,"23 Years, 11 Months",23,35206.8,1,0.26,0.52,0.7,5,1,0,1,0,51774.7,0
7561,15675176,Price,National Perishable Air Logistics Development Manager Seafood,13/05/1994,21/08/2012,,White Collar,Permanent,Full Time,Flex and Fixed,Active,High,Male,28,"10  Years, 3 Months",10,30035.08,2,0.86,0.78,0.62,5,1,1,1,1,37080.34,0
7562,15700046,Yuan,Recruiter,04/12/1991,11/12/2018,,White Collar,Permanent,Full Time,Fixed,Active,Medium,Male,31,"4 Years, 0 Months",4,37946.26,1,0.25,0.71,0.59,3,0,0,1,0,39527.35,0
7563,15782089,Mullen,Technical Support Engineer,09/10/1991,29/07/2013,,White Collar,Permanent,Full Time,Flex and Fixed,Active,Medium,Male,31,"9 Years, 4 Months",9,52859.27,1,0.28,0.71,0.85,1,1,0,1,0,60067.35,0
7564,15706394,Howell,Stock Investigator & Analyst,15/04/1985,06/11/2019,,White Collar,Permanent,Full Time,Flex and Fixed,Active,High,Male,37,"3 Years, 1 Months",3,42540.09,4,0.27,0.5,0.96,2,1,1,0,1,47797.85,0
7565,15759387,McIntosh,National Perishable Air Logistics Development Manager Retail,11/08/1981,09/05/2012,18/08/2017,White Collar,Permanent,Full Time,Flex and Fixed,Voluntarily Terminated,Medium,Male,41,"10  Years, 7 Months",10,32479.56,2,0.3,0.95,0.9,5,1,1,1,1,36088.4,1
7566,15623369,Clifton,Perishable Apprentice- Air Logistics,31/10/2003,30/07/2009,26/11/2017,Blue Collar,Apprentice,Full Time,Fixed,Voluntarily Terminated,Low,Male,19,"8 Years, 3 Months",8,20472.59,1,0.29,0.95,0.77,5,0,0,1,0,21966.3,1
7567,15732943,Okwuoma,Warehouse Specialist - Air Logistics,26/11/1979,17/07/2009,27/06/2018,Blue Collar,Temporary,Full Time,Fixed,Voluntarily Terminated,High,Male,43,"8 Years, 11 Months",8,25554.24,4,0.3,0.65,0.85,5,0,0,1,0,26075.75,1
7568,15750545,Chidiebere,National Air Logistics Gateway Trade Lane Specialist,21/11/1956,11/04/1999,07/02/2020,White Collar,Permanent,Full Time,Fixed,Voluntarily Terminated,Medium,Male,66,"20 Years, 9 Months",20,27492.6,2,0.26,0.94,0.72,4,0,0,0,0,36656.8,1
7569,15809909,Fan,Apprentice,16/07/2004,03/12/2021,,Blue Collar,Apprentice,Full Time,Fixed,Active,Medium,Female,18,"1  Years, 0 Months",1,23053.65,1,0.21,0.72,0.85,0,0,1,1,0,23053.65,0
7570,15642448,Onyemauchechukwu,Aerospace International Logistics Specialist,09/07/1977,13/11/2012,,Blue Collar,Permanent,Full Time,Fixed,Active,High,Male,45,"10 Years, 1 Months",10,30761.82,2,0.99,0.94,0.79,2,0,1,1,1,33804.2,0
7571,15791944,Harker,Trucking Specialist - Air Logistics,04/06/1979,05/11/2013,07/05/2021,Blue Collar,Permanent,Full Time,Fixed,Voluntarily Terminated,High,Male,43,"7 Years, 6 Months",7,28203.63,2,0.59,0.79,0.94,5,0,0,1,1,33575.75,1
7572,15768342,Bolton,National Air Logistics Pharma Compliance Specialist,05/10/1970,22/07/2013,02/12/2017,Blue Collar,Permanent,Full Time,Fixed,Voluntarily Terminated,High,Male,52,"4 Years, 4 Months",4,29729.17,2,0.27,0.6,0.58,4,0,1,1,1,33783.15,1
7573,15567919,Lazarev,Material Handler ,06/02/2002,06/07/2012,,Blue Collar,Temporary,Full Time,Fixed,Active,Low,Male,21,"10  Years, 5 Months",10,20225.25,1,0.26,0.62,0.76,4,0,1,0,1,24969.45,0
7574,15674750,Alexeyeva,National Air Logistics Gateway Operations Manager,15/05/1979,24/07/2018,,White Collar,Permanent,Full Time,Flex and Fixed,Active,Medium,Female,43,"4 Years, 4 Months",4,65950.94,2,0.29,0.94,0.74,4,1,0,1,0,68698.9,0
7575,15778345,Stevens,Sea Logiscitcs Customer Care Specialist ,09/05/1997,25/09/2019,,Blue Collar,Permanent,Full Time,Fixed,Active,Low,Female,25,"3 Years, 2 Months",3,33234.25,3,0.24,0.61,0.5,1,0,0,1,0,35735.75,0
7576,15687634,Glover,Senior DevOps Engineer,25/06/1974,06/06/2017,,White Collar,Permanent,Full Time,Flex and Fixed,Active,Low,Male,48,"5 Years, 6 Months",5,66784.95,1,0.17,0.79,0.71,1,1,1,1,1,70299.95,0
7577,15666096,Ibekwe,Warehouse Shift Manager - Air Logistics,15/12/1987,25/10/2020,,White Collar,Permanent,Full Time,Fixed,Active,Low,Male,35,"2 Years, 1 Months",2,61847.26,3,0.29,0.66,0.83,2,1,1,0,1,63109.45,0
7578,15581700,Paterson,National Perishable Air Logistics Development Manager Seafood,24/03/1979,20/03/2013,,White Collar,Permanent,Full Time,Flex and Fixed,Active,High,Male,43,"9 Years, 8 Months",9,28821.36,4,0.54,0.65,0.56,3,1,1,1,1,32751.55,0
7579,15656417,Marsh,Business Development Manager,04/09/1960,03/06/1987,,White Collar,Permanent,Full Time,Flex and Fixed,Active,Medium,Female,62,"35 Years, 6 Months",35,49164,3,0.52,0.51,0.62,2,1,0,1,0,50167.35,0
7580,15649101,Reeves,National Perishable Air Logistics Development Manager Seafood,28/08/1962,22/03/2019,,White Collar,Permanent,Full Time,Flex and Fixed,Active,Medium,Male,60,"3 Years, 8 Months",3,26998.48,3,0.1,0.41,0.75,1,1,0,0,0,32141.05,0
7581,15781975,Rees,Human Resoruces Coordinator,07/08/1995,02/11/2012,27/11/2015,White Collar,Permanent,Full Time,Fixed,Voluntarily Terminated,Low,Male,27,"10  Years, 1 Months",10,31814.51,2,0.16,0.98,0.99,4,0,1,0,1,35349.45,1
7582,15700511,Hanson,Sea Logiscitcs Customer Care Specialist ,16/05/1996,13/10/2019,,Blue Collar,Permanent,Full Time,Fixed,Active,High,Male,26,"3 Years, 2 Months",3,32928.93,2,0.19,0.96,0.55,2,0,1,1,1,33947.35,0
7583,15770255,Onwughara,Perishable Warehouse Specialist - Air Logistics,26/01/2000,23/09/2015,,Blue Collar,Permanent,Full Time,Fixed,Active,High,Female,23,"7 Years, 2 Months",7,31442.82,4,0.7,0.55,0.97,3,0,0,0,0,36991.55,0
7584,15643574,Odinakachukwu,Data Analyst,28/07/1965,15/04/2005,,White Collar,Permanent,Full Time,Flex and Fixed,Active,High,Male,57,"17 Years, 8 Months",17,40416.35,4,0.29,0.99,0.71,1,1,0,1,0,46995.75,0
7585,15595010,Huang,Network Engineer,29/01/1970,10/07/2014,,White Collar,Permanent,Full Time,Flex and Fixed,Active,Medium,Female,53,"8 Years, 5 Months",8,63019.95,4,0.28,0.51,0.98,1,1,0,0,0,68499.95,0
7586,15580579,Trevisani,Project Coordinator,15/02/1985,18/11/2014,21/10/2019,White Collar,Permanent,Full Time,Fixed,Voluntarily Terminated,Low,Female,38,"4 Years, 11 Months",4,31373.21,1,0.43,0.74,0.9,4,0,1,1,1,33375.75,1
7587,15748532,Dale,National Air Logistics Pharma Compliance Specialist,18/02/1985,19/03/2015,,Blue Collar,Permanent,Full Time,Fixed,Active,Medium,Male,38,"7 Years, 8 Months",7,31302.68,2,0.38,0.81,0.87,2,0,1,1,1,35171.55,0
7588,15773789,Pavlova,Perishable Warehouse Specialist - Air Logistics,06/11/1958,30/04/1993,,Blue Collar,Permanent,Full Time,Fixed,Active,High,Female,64,"29  Years, 7 Months",29,22741.15,2,0.29,0.51,0.87,1,0,0,1,0,32487.35,0
7589,15600027,Meng,IT-Support,20/03/1955,19/09/1987,,White Collar,Permanent,Full Time,Fixed,Active,Medium,Male,67,"35 Years, 2 Months",35,26507.37,3,0.46,0.53,0.55,3,0,1,1,1,43454.7,0
7590,15620832,Dean,Regional Air logistics Trainer Specialist,17/06/1964,23/07/2019,,White Collar,Permanent,Full Time,Fixed,Active,Medium,Female,58,"3 Years, 4 Months",3,30534.32,4,0.29,0.67,0.48,2,0,1,0,1,32832.6,0
7591,15568819,Chiganu,Java Software Engineer ,19/03/1979,17/01/2016,30/11/2019,White Collar,Permanent,Full Time,Flex and Fixed,Voluntarily Terminated,Low,Female,43,"3 Years, 10 Months",3,62830.4,2,0.29,0.68,0.64,5,1,1,1,1,69811.55,1
7592,15748691,Lung,National Perishable Air Logistics Development Manager Seafood,20/06/1986,25/03/2017,,White Collar,Permanent,Full Time,Flex and Fixed,Active,Medium,Female,36,"5 Years, 8 Months",5,33253.99,4,0.59,0.69,0.63,3,1,1,0,1,35004.2,0
7593,15583552,Donaldson,National Perishable Air Logistics Development Manager Seafood,15/12/1984,17/07/2022,,White Collar,Permanent,Full Time,Flex and Fixed,Active,Low,Male,38,"0 Years, 5 Months",0,34718.9,3,0.26,0.71,0.65,0,1,0,1,0,34718.9,0
7594,15588019,Li Fonti,Perishable Customer Care Team Leader - Air Logistics,18/10/1999,04/06/2017,,White Collar,Permanent,Full Time,Fixed,Active,Medium,Male,23,"5 Years, 6 Months",5,39377.98,2,0.85,0.64,0.56,2,0,0,1,0,41450.5,0
7595,15713250,Izmailova,IT System Engineer,08/08/1955,09/11/2009,,White Collar,Permanent,Full Time,Flex and Fixed,Active,Low,Male,67,"13 Years, 1 Months",13,54301.51,2,0.29,0.62,0.58,1,1,1,1,1,67038.9,0
7596,15569595,Walker,Perishable Operational Care Specialist - Air Logistics,01/02/1998,30/04/2011,,Blue Collar,Permanent,Full Time,Fixed,Active,Low,Female,25,"11 Years, 7 Months",11,31268.56,2,0.49,0.81,0.5,6,0,0,1,0,34361.05,0
7597,15794868,Nnonso,Perishable Customer Care Team Leader - Air Logistics,08/06/1989,12/01/2019,,White Collar,Permanent,Full Time,Fixed,Active,High,Male,33,"3 Years, 11 Months",3,41725.28,3,0.25,0.84,0.54,2,0,1,1,1,43015.75,0
7598,15576680,Stevenson,Customer Servce Administrative Officer,13/05/1958,04/09/1986,,Blue Collar,Permanent,Full Time,Fixed,Active,High,Male,64,"36 Years, 3 Months",36,18599.28,4,0.27,1,0.67,4,0,0,0,0,31524.2,0
7599,15613699,Schnaars,IT-Support,01/01/1968,06/02/2007,19/12/2017,White Collar,Permanent,Full Time,Fixed,Voluntarily Terminated,Low,Female,55,"10 Years, 10 Months",10,31763.84,2,0.1,0.72,0.73,4,0,0,1,1,36934.7,1
7600,15609758,Geoghegan,National Air Logistics Gateway Trade Lane Specialist,26/01/1981,01/10/2015,05/02/2019,White Collar,Permanent,Full Time,Fixed,Voluntarily Terminated,Medium,Female,42,"7  Years, 2 Months",7,30966.53,4,0.08,0.57,0.67,4,0,0,1,1,32256.8,1
7601,15762392,Ilyina,Warehouse Shift Team Leader Healthcare- Air Logistics,22/04/1966,28/11/2004,,White Collar,Permanent,Full Time,Fixed,Active,High,Male,56,"18 Years, 0 Months",18,37589.22,4,0.5,0.73,0.99,2,0,1,1,0,40857.85,0
7602,15693382,Muir,Gateway & Procurement Specialist - Air Logistics,16/09/1999,23/01/2017,,Blue Collar,Permanent,Full Time,Fixed,Active,Low,Male,23,"5 Years, 10 Months",5,31250.16,4,0.93,0.91,0.59,2,0,1,0,0,35511.55,0
7603,15791769,Gardener,Analyst Programmer ,15/12/1989,06/01/2017,,White Collar,Permanent,Full Time,Flex and Fixed,Active,Low,Female,33,"5 Years, 11 Months",5,57077.33,1,0.49,0.98,0.85,2,1,0,1,0,60720.56,0
7604,15712483,Chidi,Business Analyst,28/08/1990,13/07/2017,16/04/2020,White Collar,Permanent,Full Time,Flex and Fixed,Voluntarily Terminated,High,Female,32,"2 Years, 9 Months",2,42122.44,2,0.3,0.58,0.95,4,1,0,1,0,46288.4,1
7605,15636454,Fu,Accountant,14/01/1978,30/03/2012,21/06/2014,White Collar,Permanent,Full Time,Fixed,Voluntarily Terminated,Medium,Female,45,"10  Years, 8 Months",10,31658.46,2,0.24,0.73,0.52,4,1,0,1,0,37245.25,1
7606,15710138,Sun,Gateway & Procurement Team Leader- Air Logistics,20/11/1963,27/01/2010,,White Collar,Permanent,Full Time,Fixed,Active,Low,Male,59,"12 Years, 10 Months",12,38659.31,3,0.36,0.96,0.95,2,0,1,0,1,41479.95,0
7607,15571571,Ting,Sea Logiscitcs Customer Care Specialist ,27/11/1973,22/09/2018,,Blue Collar,Permanent,Full Time,Fixed,Active,Medium,Female,49,"4 Years, 2 Months",4,32441.88,4,0.41,0.57,0.98,2,0,1,1,1,36451.55,0
7608,15638751,Ashton,Accountant,23/10/1995,12/03/2019,,White Collar,Permanent,Full Time,Fixed,Active,Low,Female,27,"3 Years, 9 Months",3,30630.47,2,0.3,0.77,0.73,1,1,0,1,0,34807.35,0
7609,15598574,Uwakwe,Technical Support Engineer,28/04/1958,05/11/2005,,White Collar,Permanent,Full Time,Flex and Fixed,Active,Low,Female,64,"17 Years, 1 Months",17,44974.37,3,0.97,0.65,0.85,1,1,1,0,1,59176.8,0
7610,15796787,Vassiliev,IT System Engineer,27/11/1958,02/11/1993,,White Collar,Permanent,Full Time,Flex and Fixed,Active,High,Male,64,"29 Years, 1 Months",29,42350.56,4,0.1,0.85,0.75,5,1,0,1,0,65154.7,0
7611,15615670,Kazakova,National Air Logistics Transport Manager,11/05/1983,18/10/2016,,White Collar,Permanent,Full Time,Flex and Fixed,Active,Medium,Male,39,"6 Years, 2 Months",6,63181.82,1,0.51,0.49,0.83,2,1,1,1,1,67214.7,0
7612,15705506,Perry,Cloud Service Analyst,20/10/1981,06/04/2014,,White Collar,Permanent,Full Time,Flex and Fixed,Active,Medium,Male,41,"8 Years, 8 Months",8,58932.26,2,0.74,0.77,0.43,1,1,0,0,0,64056.8,0
7613,15599535,Howell,Business Development Executive,30/03/1986,28/02/2017,,White Collar,Permanent,Full Time,Flex and Fixed,Active,High,Male,36,"5 Years, 9 Months",5,39578,2,0.76,1,0.99,2,0,1,1,1,41661.05,0
7614,15768449,Ricci,Perishable Customer Care Team Leader - Air Logistics,14/11/1957,25/04/1999,,White Collar,Permanent,Full Time,Fixed,Active,Medium,Female,65,"23 Years, 7 Months",23,28268.13,1,0.22,0.85,0.74,3,0,1,1,1,42830.5,0
7615,15725002,Smith,Accountant,04/11/1981,22/03/2013,,White Collar,Permanent,Full Time,Fixed,Active,Low,Male,41,"9 Years, 8 Months",9,28071.47,1,0.17,0.87,0.75,2,1,0,1,0,33821.05,0
7616,15611682,Rossi,Apprentice,17/08/2004,01/08/2022,,Blue Collar,Apprentice,Full Time,Fixed,Active,High,Male,18,"0 Years, 4 Months",0,23451.55,1,0.83,0.9,0.79,0,0,1,1,1,23451.55,0
7617,15749964,Jones,Apprentice,16/11/2002,22/04/2022,,Blue Collar,Apprentice,Full Time,Fixed,Active,Medium,Female,20,"0 Years, 7 Months",0,22396.8,3,0.26,0.71,0.8,0,0,0,1,0,22396.8,0
7618,15678779,Quezada,Revenue Care Specialist- Air Logistics,24/10/1983,14/04/2019,,White Collar,Permanent,Full Time,Fixed,Active,Low,Male,39,"3 Years, 8 Months",3,40128.37,2,0.85,0.59,0.56,1,1,1,0,1,41369.45,0
7619,15752601,McCulloch,Business Development Executive,03/07/1959,07/09/1996,,White Collar,Permanent,Full Time,Flex and Fixed,Active,Low,Female,63,"26 Years, 3 Months",26,27027.38,1,0.19,0.85,0.74,5,0,0,0,0,41580.59,0
7620,15758477,Tobeolisa,Operations Specialist,20/06/2000,20/07/2017,,Blue Collar,Permanent,Full Time,Fixed,Active,High,Female,22,"5 Years, 4 Months",5,30162.66,4,0.8,0.72,0.82,1,0,0,1,0,34275.75,0
7621,15629133,Black,Customer Care Specialist-Key Accounts,02/08/1960,17/07/2013,,White Collar,Permanent,Full Time,Fixed,Active,High,Female,62,"9 Years, 5 Months",9,30336.81,4,0.73,0.73,0.65,2,0,0,1,0,34473.65,0
7622,15604963,Fraser,Gateway & Procurement Team Leader- Air Logistics,31/10/1996,07/07/2014,,White Collar,Permanent,Full Time,Fixed,Active,Medium,Male,26,"8 Years, 5 Months",8,36490,3,0.69,0.9,0.54,1,0,0,0,0,40098.9,0
7623,15796413,Green,Cloud Service Analyst,28/09/1978,24/03/2013,,White Collar,Permanent,Full Time,Flex and Fixed,Active,High,Male,44,"9 Years, 8 Months",9,53765.35,2,0.29,0.59,0.65,1,1,0,1,0,62517.85,0
7624,15812470,Allan,Sea Logistics Pricing Coordinator,16/12/1987,28/04/2021,,White Collar,Permanent,Full Time,Fixed,Active,Low,Male,35,"1  Years, 7 Months",1,31500.96,4,0.09,0.52,0.9,1,0,1,0,1,33158.9,0
7625,15587443,Akudinobi,Data Analyst,26/12/1970,23/09/2017,,White Collar,Permanent,Full Time,Flex and Fixed,Active,High,Female,52,"5 Years, 2 Months",5,42261.99,1,0.55,0.85,0.49,3,1,1,1,1,44486.3,0
7626,15689692,Walker,Data Engineer,10/12/1966,01/09/1991,,White Collar,Permanent,Full Time,Flex and Fixed,Active,High,Male,56,"31 Years, 3 Months",31,47154.56,2,0.93,0.75,0.4,1,1,1,1,1,71446.3,0
7627,15779586,Olisaemeka,Regional Air logistics Trainer Specialist,18/04/1977,23/06/2022,,White Collar,Permanent,Full Time,Fixed,Active,Medium,Female,45,"0 Years, 5 Months",0,35321.05,4,0.94,0.7,0.68,0,0,0,1,0,35321.05,0
7628,15667588,Arcuri,Senior DevOps Engineer,02/03/1986,20/05/2016,,White Collar,Permanent,Full Time,Flex and Fixed,Active,High,Female,37,"6 Years, 6 Months",6,65193.13,4,0.55,0.58,0.86,1,1,1,1,1,70862.1,0
7629,15624423,Liu,Accounts Payable,03/01/1980,07/06/2012,,White Collar,Permanent,Full Time,Fixed,Active,Medium,Male,43,"10  Years, 6 Months",10,26638.77,4,0.27,0.89,0.5,4,1,0,1,0,32486.3,0
7630,15591107,Flemming,Internal Trainer,05/12/1983,23/10/2019,09/01/2022,White Collar,Permanent,Full Time,Fixed,Terminated for Cause,High,Female,39,"2 Years, 2 Months",2,32523.6,2,0.41,0.54,0.63,5,0,0,0,1,33187.35,1
7631,15748986,Bischof,National Perishable Air Logistics Development Manager Seafood,15/05/1973,14/11/2021,,White Collar,Permanent,Full Time,Flex and Fixed,Active,Low,Male,49,"1  Years, 1 Months",1,31337.42,3,0.28,0.55,0.89,1,1,1,1,1,32643.15,0
7632,15793896,John,Perishable Warehouse Shift Team Leader - Air Logistics,04/07/1985,24/01/2019,,White Collar,Permanent,Full Time,Fixed,Active,Medium,Male,37,"3 Years, 10 Months",3,33842.91,2,0.48,0.77,0.62,1,0,1,1,1,38457.85,0
7633,15620570,Sinnett,IT-Support,26/01/1990,21/01/2016,,White Collar,Permanent,Full Time,Fixed,Active,Medium,Male,33,"6 Years, 10 Months",6,33853.91,3,0.57,0.55,0.61,1,0,0,1,0,37202.1,0
7634,15727811,Ts'ui,IT-Support,14/11/1982,06/01/2011,02/05/2015,White Collar,Permanent,Full Time,Fixed,Voluntarily Terminated,High,Female,40,"4 Years, 3 Months",4,39386.89,2,0.29,0.6,0.77,3,0,0,0,1,41900.95,1
7635,15707681,Pokrovsky,National Air Logistics Gateway Trade Lane Specialist,30/12/1990,03/06/2021,,White Collar,Permanent,Full Time,Fixed,Active,Low,Male,32,"1  Years, 6 Months",1,36064.2,4,0.95,0.75,0.9,0,0,1,0,1,36064.2,0
7636,15702030,Azarov,National Air Logistics Pharma Compliance Specialist,15/07/1982,25/08/2017,,Blue Collar,Permanent,Full Time,Fixed,Active,Low,Female,40,"5 Years, 3 Months",5,33079.58,1,0.3,0.57,0.88,2,0,0,1,0,34820.61,0
7637,15673238,McCarthy,Business Development Manager,05/03/1955,21/05/1989,20/06/2019,White Collar,Permanent,Full Time,Flex and Fixed,Voluntarily Terminated,High,Female,68,"33  Years, 6 Months",33,30899.21,2,0.45,0.69,0.94,3,1,0,1,1,52371.55,1
7638,15604196,Simpson,Perishable Customer Care Team Leader - Air Logistics,22/11/1983,09/02/2013,,White Collar,Permanent,Full Time,Fixed,Active,Low,Male,39,"9 Years, 10 Months",9,35398.22,1,0.11,0.87,0.98,2,0,1,1,0,40225.25,0
7639,15769356,Stevenson,Accounts Payable,22/12/1970,22/12/2012,,White Collar,Permanent,Full Time,Fixed,Active,Medium,Female,52,"9 Years, 11 Months",9,28311.63,3,0.24,0.69,0.36,2,1,1,1,1,32542.1,0
7640,15665590,Moore,Pricing Analyst,03/10/1990,19/01/2016,,White Collar,Permanent,Full Time,Flex and Fixed,Active,Medium,Male,32,"6 Years, 10 Months",6,45768.29,2,0.28,0.58,0.92,1,1,1,1,1,50853.65,0
7641,15572361,Chill,Sea Logistics Pricing Coordinator,19/02/1978,16/03/2012,,White Collar,Permanent,Full Time,Fixed,Active,High,Female,45,"10  Years, 9 Months",10,29041.24,1,0.26,0.87,0.64,1,0,0,1,0,34989.45,0
7642,15667460,Moore,Pricing Analyst,03/02/1988,19/08/2018,,White Collar,Permanent,Full Time,Flex and Fixed,Active,High,Male,35,"4 Years, 3 Months",4,46411.56,1,0.3,0.71,0.77,2,1,1,1,1,51568.4,0
7643,15654760,Su,Gateway & Procurement Specialist - Air Logistics,31/01/1983,17/03/2021,,Blue Collar,Permanent,Full Time,Fixed,Active,Medium,Male,40,"1  Years, 9 Months",1,32713.97,4,0.54,0.74,0.78,1,0,1,1,1,34802.1,0
7644,15632669,Rees,Project Coordinator,05/06/1989,17/05/2017,,White Collar,Permanent,Full Time,Fixed,Active,Medium,Female,33,"5 Years, 7 Months",5,31448.99,2,0.75,0.75,0.53,2,0,1,1,1,33104.2,0
7645,15613673,Lung,Analyst Programmer ,21/05/1982,11/03/1993,,White Collar,Permanent,Full Time,Flex and Fixed,Active,High,Male,40,"29 Years, 9 Months",29,55607.64,3,0.28,0.5,0.54,2,1,0,1,0,63190.5,0
7646,15698522,Thomas,Pricing Analyst,20/11/1972,03/11/2015,,White Collar,Permanent,Full Time,Flex and Fixed,Active,Low,Male,50,"7 Years, 1 Months",7,44795.26,3,0.48,0.59,0.86,1,1,0,1,0,48690.5,0
7647,15741633,Fuller,Recruiter,14/01/1955,15/08/1988,,White Collar,Permanent,Full Time,Fixed,Active,Low,Male,68,"34  Years, 4 Months",34,23233.26,3,0.27,0.81,0.84,5,0,1,1,0,38722.1,0
7648,15674583,Trevisani,National Air Logistics Gateway Trade Lane Specialist,08/11/1963,03/01/2012,,White Collar,Permanent,Full Time,Fixed,Active,Low,Male,59,"10  Years, 11 Months",10,31353.99,1,0.4,0.77,0.55,1,0,1,1,1,33004.2,0
7649,15665374,Dumolo,Perishable Customer Care Team Leader - Air Logistics,20/08/1977,04/02/2017,,White Collar,Permanent,Full Time,Fixed,Active,Medium,Female,45,"5 Years, 10 Months",5,35892.31,3,0.17,0.53,0.87,2,0,0,0,0,39442.1,0
7650,15588854,Wu,Customer Care Specialist-Key Accounts,21/02/1979,21/06/2020,,White Collar,Permanent,Full Time,Fixed,Active,Medium,Female,44,"2 Years, 5 Months",2,35511.04,4,0.37,0.94,0.85,1,0,1,1,1,36235.75,0
7651,15810716,Kerr,Data Analyst,06/03/1967,06/08/1996,,White Collar,Permanent,Full Time,Flex and Fixed,Active,Medium,Male,56,"26 Years, 4 Months",26,47131.38,3,0.93,0.76,0.77,2,1,0,1,0,50678.9,0
7652,15776921,Geoghegan,Gateway & Procurement Team Leader- Air Logistics,18/08/1975,14/02/2018,,White Collar,Permanent,Full Time,Fixed,Active,High,Male,47,"4 Years, 10 Months",4,37542.65,4,0.25,0.66,0.58,2,0,0,0,0,42662.1,0
7653,15569394,Bailey,Business Analyst,15/06/1956,10/02/2004,,White Collar,Permanent,Full Time,Flex and Fixed,Active,Medium,Male,66,"18 Years, 10 Months",18,34961.03,3,0.18,0.97,0.67,1,1,0,1,0,46614.7,0
7654,15788215,Hsia,Trucking Team Leader- Air Logistics,10/07/1969,06/05/2007,24/07/2019,White Collar,Permanent,Full Time,Fixed,Voluntarily Terminated,Low,Female,53,"12 Years, 2 Months",12,42100.75,2,0.08,0.96,0.72,4,0,0,0,1,42959.95,1
7655,15641007,Holden,Operations Specialist,11/09/1958,30/03/2004,,Blue Collar,Permanent,Full Time,Fixed,Active,Medium,Female,64,"18 Years, 8 Months",18,25042.83,3,0.26,0.81,0.5,5,0,1,1,0,32523.15,0
7656,15594651,Milani,Transport Controller,16/10/1979,23/10/2017,,Blue Collar,Temporary,Full Time,Fixed,Active,Low,Male,43,"5 Years, 1 Months",5,25460.38,2,0.86,0.73,0.48,1,0,1,0,1,26800.4,0
7657,15575146,Jamieson,Accounts Payable,23/09/1998,28/02/2012,,White Collar,Permanent,Full Time,Fixed,Active,Low,Male,24,"10  Years, 9 Months",10,31294.49,3,0.26,0.53,0.71,5,1,1,1,1,37704.2,0
7658,15608916,Ndubueze,Perishable Customer Care Team Leader - Air Logistics,29/05/1978,05/09/2017,,White Collar,Permanent,Full Time,Fixed,Active,High,Male,44,"5 Years, 3 Months",5,38248.07,4,0.26,0.75,0.76,1,0,1,1,1,42497.85,0
7659,15666297,Abramova,Project Coordinator,16/02/1981,26/03/2010,25/07/2017,White Collar,Permanent,Full Time,Fixed,Voluntarily Terminated,High,Female,42,"7 Years, 3 Months",7,32221.3,1,0.42,0.55,0.91,5,0,0,0,0,35023.15,1
7660,15598586,Wetherspoon,Operations Specialist,26/03/1999,11/06/2015,,Blue Collar,Permanent,Full Time,Fixed,Active,Medium,Male,23,"7 Years, 6 Months",7,35683.32,1,0.8,0.58,0.65,2,0,1,1,1,36411.55,0
7661,15665014,Middleton,National Perishable Air Logistics Development Manager Retail,03/03/1958,16/02/1999,,White Collar,Permanent,Full Time,Flex and Fixed,Active,Medium,Male,65,"23 Years, 10 Months",23,25418.73,4,0.29,0.99,0.64,2,1,0,1,0,37380.49,0
7662,15701738,Arcuri,Network Engineer,06/04/1956,18/03/2007,10/04/2022,White Collar,Permanent,Full Time,Flex and Fixed,Voluntarily Terminated,Medium,Male,66,"15 Years, 0 Months",15,51457.87,2,0.24,0.96,0.86,3,1,1,1,1,66828.4,1
7663,15650591,Calabrese,Trucking Team Leader- Air Logistics,25/03/1971,22/10/2015,07/02/2019,White Collar,Permanent,Full Time,Fixed,Voluntarily Terminated,Medium,Male,51,"3 Years, 3 Months",3,35487.93,2,0.17,0.82,0.92,5,0,1,1,1,41750.5,1
7664,15652667,Hampton,Business Development Manager,06/05/1969,07/06/1997,,White Collar,Permanent,Full Time,Flex and Fixed,Active,Low,Male,53,"25 Years, 6 Months",25,44051.909,4,0.6,0.88,0.77,3,1,1,1,1,51223.15,0
7665,15679622,Clayton,Perishable Operational Care Specialist - Air Logistics,04/12/1964,07/11/1983,,Blue Collar,Permanent,Full Time,Fixed,Active,High,Male,58,"39 Years, 1 Months",39,31337.58,3,0.68,0.78,0.97,2,0,1,1,1,33337.85,0
7666,15730150,Otutodilichukwu,Aerospace International Logistics Specialist,18/10/1977,25/01/2020,,Blue Collar,Permanent,Full Time,Fixed,Active,Low,Male,45,"2 Years, 10 Months",2,35064.35,1,0.24,0.46,0.47,2,0,0,1,0,35779.95,0
7667,15813192,Chukwuemeka,Software Engineer,07/01/1992,07/01/2012,,White Collar,Permanent,Full Time,Flex and Fixed,Active,Low,Male,31,"10  Years, 11 Months",10,54064.42,4,0.26,0.88,0.59,5,1,1,0,1,65137.85,0
7668,15606554,Douglas,Apprentice,12/02/2003,24/01/2022,,Blue Collar,Apprentice,Full Time,Fixed,Active,High,Male,20,"0 Years, 10 Months",0,23902.1,3,0.46,0.91,0.55,0,0,1,1,1,23902.1,0
7669,15611794,Galloway,Customer Care Specialist-Key Accounts,30/07/1992,02/10/2016,,White Collar,Permanent,Full Time,Fixed,Active,Low,Male,30,"6 Years, 2 Months",6,34551.39,2,0.47,0.6,0.68,2,0,1,1,1,36756.8,0
7670,15672357,Sochima,Business Analyst,02/07/1962,22/07/2019,,White Collar,Permanent,Full Time,Flex and Fixed,Active,Medium,Male,60,"3  Years, 4 Months",3,38254.28,3,0.27,0.82,0.51,2,1,0,1,0,47817.85,0
7671,15711759,Wilkins,Sales Specialist-Air Logitics ,03/03/2003,29/12/2021,,Blue Collar,Permanent,Full Time,Fixed,Active,Medium,Female,20,"0 Years, 11 Months",0,34668.4,4,0.79,0.67,0.56,0,0,1,1,1,34668.4,0
7672,15615296,Rice,Warehouse Specialist - Air Logistics,03/11/1971,10/08/2009,28/11/2013,Blue Collar,Temporary,Full Time,Fixed,Voluntarily Terminated,High,Male,51,"4 Years, 3 Months",4,22287.2635,1,0.22,0.55,0.61,2,0,0,1,0,26220.31,1
7673,15699294,Pope,National Perishable Air Logistics Development Manager Seafood,09/02/1970,20/02/2004,,White Collar,Permanent,Full Time,Flex and Fixed,Active,High,Male,53,"18 Years, 9 Months",18,32690.84,4,0.54,0.73,0.62,2,1,0,0,0,36323.15,0
7674,15788634,Romani,Business Analyst,14/09/1963,27/05/1986,,White Collar,Permanent,Full Time,Flex and Fixed,Active,Medium,Female,59,"36 Years, 6 Months",36,40357.72,3,0.56,0.59,0.68,1,1,0,0,0,45861.05,0
7675,15660871,Ch'ang,Cloud Service Analyst,16/11/1972,27/01/2018,,White Collar,Permanent,Full Time,Flex and Fixed,Active,High,Male,50,"4 Years, 10 Months",4,61182.24,4,0.28,0.4,0.65,1,1,0,1,0,65787.35,0
7676,15618258,Chizuoke,Internal Trainer,23/09/1955,05/11/1991,,White Collar,Permanent,Full Time,Fixed,Active,Low,Male,67,"31 Years, 1 Months",31,22356.5,3,0.39,0.56,0.99,2,0,0,1,0,31937.85,0
7677,15722535,Ireland,National Service Excellence Specialist- Air Logistics,19/01/1976,18/08/2016,,White Collar,Permanent,Full Time,Flex and Fixed,Active,High,Female,47,"6 Years, 4 Months",6,30056.96,3,0.28,0.87,0.57,1,0,1,0,1,35782.1,0
7678,15711977,Finch,Inventory Clerk,29/12/2004,16/03/2021,,Blue Collar,Temporary,Full Time,Fixed,Active,Medium,Male,18,"1  Years, 9 Months",1,27441.05,4,0.26,0.5,0.53,0,0,0,1,0,27441.05,0
7679,15690169,Meng,Inside Sales Executive/ Account Manager,16/05/1979,22/05/2017,17/04/2021,White Collar,Permanent,Full Time,Flex and Fixed,Voluntarily Terminated,Low,Male,43,"3 Years, 10 Months",3,31709.61,2,0.3,0.98,0.79,5,1,0,1,0,36033.65,1
7680,15790689,Hibbins,Internal Trainer,23/04/1968,18/11/1998,,White Collar,Permanent,Full Time,Fixed,Active,High,Male,54,"24 Years, 1 Months",24,29625.76,3,0.57,0.71,0.96,3,0,1,1,1,34052.6,0
7681,15665181,Chung,Java Software Engineer ,14/01/1981,09/07/2020,,White Collar,Permanent,Full Time,Flex and Fixed,Active,High,Male,42,"2 Years, 5 Months",2,64021.83,3,0.46,0.72,0.89,2,1,1,0,1,65328.4,0
7682,15633608,Black,Business Development Manager,15/09/1986,08/09/2013,02/08/2021,White Collar,Permanent,Full Time,Flex and Fixed,Voluntarily Terminated,Medium,Male,36,"7 Years, 10 Months",7,45212.76,4,0.28,0.5,0.83,5,1,1,1,1,48511.55,1
7683,15805261,Balashov,Customer Servce Administrative Officer,04/01/1967,13/08/2020,,Blue Collar,Permanent,Full Time,Fixed,Active,High,Male,56,"2 Years, 4 Months",2,31146.62,1,0.75,0.89,0.56,1,0,1,0,1,33134.7,0
7684,15740356,Palmer,Inside Sales Executive/ Account Manager,18/02/1986,29/07/2015,,White Collar,Permanent,Full Time,Flex and Fixed,Active,Medium,Male,37,"7 Years, 4 Months",7,30041.47,3,0.27,0.56,0.68,2,1,1,0,1,33012.6,0
7685,15808223,Lea,Perishable Operational Care Specialist - Air Logistics,09/08/1994,05/09/2020,,Blue Collar,Permanent,Full Time,Fixed,Active,Medium,Male,28,"2 Years, 3 Months",2,33981.47,3,0.39,0.78,0.55,2,0,1,1,1,36150.5,0
7686,15769980,Singleton,National Perishable Air Logistics Development Manager Retail,14/08/1989,23/03/2018,,White Collar,Permanent,Full Time,Flex and Fixed,Active,Low,Female,33,"4 Years, 8 Months",4,32282.26,3,0.27,0.96,0.88,2,1,1,1,1,33627.35,0
7687,15675450,Burt,IT-Support,26/05/1975,23/12/2020,,White Collar,Permanent,Full Time,Fixed,Active,High,Male,47,"1  Years, 11 Months",1,33692.56,4,0.2,0.67,0.92,1,0,1,1,1,35843.15,0
7688,15776494,Siciliano,Customer Servce Administrative Officer,26/05/1996,12/09/2015,08/12/2020,Blue Collar,Permanent,Full Time,Fixed,Voluntarily Terminated,High,Male,26,"5 Years, 2 Months",5,30534.48,2,0.24,0.26,0.7,5,0,1,1,1,34308.4,1
7689,15592412,Sun,Warehouse Quality Control Specialist - Air Logistics,28/12/1957,29/12/2002,01/11/2020,Blue Collar,Permanent,Full Time,Fixed,Terminated for Cause,Low,Male,65,"17 Years, 10 Months",17,18736.58,2,0.18,0.51,0.9,4,0,0,1,0,24982.1,1
7690,15777452,Sauve,Apprentice,03/11/2003,27/10/2022,,Blue Collar,Apprentice,Full Time,Fixed,Active,Low,Female,19,"0 Years, 1 Months",0,22888.4,1,0.84,0.53,0.78,0,0,0,1,0,22888.4,0
7691,15692258,Thompson,Technical Support Engineer,13/03/1979,14/06/2021,,White Collar,Permanent,Full Time,Flex and Fixed,Active,Medium,Male,43,"1  Years, 6 Months",1,57051.04,4,0.82,0.77,0.71,1,1,0,0,0,60692.6,0
7692,15791045,Boni,Human Resoruces Coordinator,26/06/1982,19/07/1987,,White Collar,Permanent,Full Time,Fixed,Active,Medium,Female,40,"35 Years, 4 Months",35,32221.63,2,0.29,0.67,0.52,2,0,1,0,0,33564.2,0
7693,15807889,Wood,Operations Specialist,01/07/1988,05/01/2018,,Blue Collar,Permanent,Full Time,Fixed,Active,High,Male,34,"4 Years, 11 Months",4,34551.39,2,0.92,0.53,0.77,3,0,0,1,0,36756.8,0
7694,15602043,Buccho,National Air Logistics Transport Manager,02/07/1987,08/01/2017,,White Collar,Permanent,Full Time,Flex and Fixed,Active,Low,Female,35,"5 Years, 11 Months",5,60346.67,4,0.77,0.69,0.82,2,1,0,0,0,67805.25,0
7695,15807335,Spencer,Warehouse Quality Control Specialist - Air Logistics,19/06/1987,09/01/2015,,Blue Collar,Permanent,Full Time,Fixed,Active,Medium,Female,35,"7 Years, 11 Months",7,20400.89,3,0.9,0.72,0.76,1,0,1,1,1,24001.05,0
7696,15629985,Eidson,Human Resoruces Coordinator,27/01/1957,12/03/2001,24/08/2021,White Collar,Permanent,Full Time,Fixed,Voluntarily Terminated,Medium,Female,66,"20 Years, 5 Months",20,22865.13,2,0.57,0.72,0.81,3,0,0,0,0,31322.1,1
7697,15679453,Hung,Sea Logiscitcs Customer Care Specialist ,26/04/2001,08/02/2018,20/01/2020,Blue Collar,Permanent,Full Time,Fixed,Voluntarily Terminated,Low,Female,21,"1 Years, 11 Months",1,30382.57,1,0.52,0.88,0.95,2,0,1,1,1,35744.2,1
7698,15637315,Melvin,Apprentice,01/07/2001,26/06/2022,,Blue Collar,Apprentice,Full Time,Fixed,Active,Low,Female,21,"0 Years, 5 Months",0,21114.7,1,0.13,0.91,0.55,0,0,0,1,0,21114.7,0
7699,15691513,Dawkins,Internal Trainer,16/07/1992,17/09/2010,13/01/2018,White Collar,Permanent,Full Time,Fixed,Voluntarily Terminated,Medium,Male,30,"7 Years, 3 Months",7,29460.29,1,0.17,0.96,0.6,4,0,1,1,1,32733.65,1
7700,15622289,Rizzo,Cloud Service Analyst,28/04/1955,17/04/1994,,White Collar,Permanent,Full Time,Flex and Fixed,Active,Medium,Female,67,"28  Years, 8 Months",28,39657.84,3,0.27,0.49,0.8,10,1,1,0,1,58320.36,0
7701,15715184,Capon,Inside Sales Executive/ Account Manager,01/02/1958,10/07/2000,,White Collar,Permanent,Full Time,Flex and Fixed,Active,High,Female,65,"22 Years, 5 Months",22,27890.51,4,0.37,0.59,0.97,5,1,0,1,0,37187.35,0
7702,15702801,Ts'ao,National Service Excellence Specialist- Air Logistics,19/11/1987,02/02/2014,31/10/2017,White Collar,Permanent,Full Time,Flex and Fixed,Voluntarily Terminated,High,Female,35,"3 Years, 8 Months",3,27490.09,2,0.28,0.8,0.87,5,0,0,0,0,32726.3,1
7703,15719931,Johnstone,Sea Logistics Pricing Coordinator,05/10/1975,20/07/2014,,White Collar,Permanent,Full Time,Fixed,Active,High,Male,47,"8 Years, 4 Months",8,29770.57,3,0.28,0.91,0.67,2,0,0,1,0,35024.2,0
7704,15806081,Fleming,IT-Support,14/12/1992,17/09/2017,,White Collar,Permanent,Full Time,Fixed,Active,High,Female,30,"5 Years, 3 Months",5,34855.15,4,0.93,0.75,0.79,2,0,0,1,0,37079.95,0
7705,15796336,Chang,Accounting Coordinator,31/07/2000,15/05/2013,,White Collar,Permanent,Full Time,Fixed,Active,Low,Female,22,"9 Years, 7 Months",9,30853.85,1,0.27,0.94,0.58,1,1,0,1,0,35464.2,0
7706,15647306,Gibbs,Customer Brokerage Specialist,01/10/1985,10/04/2008,14/05/2014,Blue Collar,Permanent,Full Time,Fixed,Voluntarily Terminated,High,Female,37,"6 Years, 1 Months",6,35531.59,2,0.11,0.44,0.61,4,1,1,1,1,36630.5,1
7707,15742369,Rita,National Air Logistics Gateway Trade Lane Specialist,19/09/1965,11/11/1995,,White Collar,Permanent,Full Time,Fixed,Active,Medium,Male,57,"27 Years, 1 Months",27,32010.43,3,0.3,0.96,0.59,2,0,1,1,1,34053.65,0
7708,15655859,Munro,Human Resoruces Coordinator,24/03/1972,26/04/2012,,White Collar,Permanent,Full Time,Fixed,Active,Low,Male,50,"10  Years, 7 Months",10,26555.47,4,0.54,0.55,0.97,1,0,0,1,0,31613.65,0
7709,15675650,Duncan,National Air Logistics Gateway QSHE Manager - Pharma,10/05/1982,13/09/2015,,White Collar,Permanent,Full Time,Flex and Fixed,Active,High,Female,40,"7 Years, 3 Months",7,60785.05,2,0.4,0.99,0.54,1,1,1,0,1,72363.15,0
7710,15574119,Okwuadigbo,Senior DevOps Engineer,14/06/1982,26/04/1989,,White Collar,Permanent,Full Time,Flex and Fixed,Active,Low,Female,40,"33 Years, 7 Months",33,58792.02,3,0.58,0.75,0.88,2,1,1,1,1,69990.5,0
7711,15754168,McIntosh,Perishable Warehouse Specialist - Air Logistics,08/03/1975,14/01/2020,,Blue Collar,Permanent,Full Time,Fixed,Active,Low,Female,48,"2 Years, 11 Months",2,35305.77,3,0.29,0.66,0.78,1,0,1,1,1,36026.3,0
7712,15763029,Ch'iu,Assistance Sales Manager,19/02/1992,08/08/2015,31/08/2019,Blue Collar,Permanent,Full Time,Fixed,Voluntarily Terminated,High,Male,31,"4 Years, 0 Months",4,28453.495,2,0.44,0.96,0.57,2,1,1,1,1,33474.7,1
7713,15765048,Watt,National Perishable Air Logistics Development Manager Seafood,11/05/1988,20/04/2018,,White Collar,Permanent,Full Time,Flex and Fixed,Active,Low,Male,34,"4 Years, 7 Months",4,32840.06,4,0.11,0.6,0.86,6,1,0,1,0,34208.4,0
7714,15786215,Udinese,Regional Air logistics Trainer Specialist,01/02/1997,08/03/2017,,White Collar,Permanent,Full Time,Fixed,Active,High,Male,26,"5 Years, 9 Months",5,33662.31,2,0.68,0.64,0.78,2,0,0,1,0,36991.55,0
7715,15707559,Clark,Stock Investigator & Analyst,26/09/1983,11/10/2017,,White Collar,Permanent,Full Time,Flex and Fixed,Active,Low,Female,39,"5 Years, 2 Months",5,49313.98,2,0.79,0.85,0.8,2,1,1,1,1,51909.45,0
7716,15582129,Hsia,Revenue Care Specialist- Air Logistics,16/04/1962,28/02/1997,31/10/2014,White Collar,Permanent,Full Time,Fixed,Voluntarily Terminated,Medium,Male,60,"17 Years, 8 Months",17,41733.7,2,0.56,0.3,0.53,5,1,0,1,0,43472.6,1
7717,15687540,Obiuto,BI Developer,01/09/1991,05/04/2018,,White Collar,Permanent,Full Time,Flex and Fixed,Active,Medium,Male,31,"4 Years, 8 Months",4,56701.99,2,0.77,0.74,0.95,2,1,1,0,1,61632.6,0
7718,15787196,T'ien,Aerospace International Logistics Specialist,27/06/1987,23/03/2012,,Blue Collar,Permanent,Full Time,Fixed,Active,Medium,Male,35,"10  Years, 8 Months",10,25913.24,4,0.27,0.53,0.8,4,0,1,1,1,32391.55,0
7719,15670898,McKenzie,National Air Logistics Pharma Compliance Specialist,16/04/1979,18/08/2012,,Blue Collar,Permanent,Full Time,Fixed,Active,Low,Female,43,"10  Years, 4 Months",10,31712.18,4,0.3,0.93,0.76,2,0,0,0,0,35235.75,0
7720,15775433,Tang,Sales Account Manager,30/12/1955,10/10/1984,,White Collar,Permanent,Full Time,Fixed,Active,Low,Male,67,"38 Years, 2 Months",38,20744.16,4,0.38,0.75,0.48,2,1,1,1,1,37043.15,0
7721,15700693,Tu,Gateway & Procurement Team Leader- Air Logistics,31/05/1999,08/09/2020,,White Collar,Permanent,Full Time,Fixed,Active,Medium,Male,23,"2 Years, 3 Months",2,37848.31,3,0.25,0.58,0.63,1,0,1,1,0,41591.55,0
7722,15677955,Tsui,Sea Logistics Pricing Coordinator,15/07/1988,06/03/2020,,White Collar,Permanent,Full Time,Fixed,Active,Medium,Male,34,"2 Years, 9 Months",2,32598.92,1,0.26,0.59,0.6,1,0,0,1,0,33264.2,0
7723,15570086,Lynch,IT System Engineer,07/11/1979,21/12/2018,,White Collar,Permanent,Full Time,Flex and Fixed,Active,Low,Male,43,"3 Years, 11 Months",3,60842.23,3,0.43,0.65,0.9,2,1,1,0,1,69138.9,0
7724,15794875,Hung,Stock Investigator & Analyst,03/02/1980,22/10/2012,,White Collar,Permanent,Full Time,Flex and Fixed,Active,Medium,Male,43,"10  Years, 1 Months",10,44221.23,3,0.28,1,0.84,3,1,1,0,1,49134.7,0
7725,15673591,Oluchukwu,IT-Support,30/01/1973,23/03/2019,17/05/2022,White Collar,Permanent,Full Time,Fixed,Voluntarily Terminated,Medium,Male,50,"3 Years, 1 Months",3,41635.46,2,0.54,0.51,0.51,6,0,1,0,1,42923.15,1
7726,15631756,Tuan,Regional Air logistics Trainer Specialist,11/01/1958,05/06/1992,,White Collar,Permanent,Full Time,Fixed,Active,Medium,Female,65,"30 Years, 6 Months",30,18825.62,3,0.08,0.7,0.72,3,0,0,0,0,34228.4,0
7727,15757617,Lewis,Gateway & Procurement Specialist - Air Logistics,01/08/1989,09/04/2012,,Blue Collar,Permanent,Full Time,Fixed,Active,Low,Male,33,"10  Years, 8 Months",10,28167.51,2,0.71,0.77,0.56,2,0,0,1,0,34774.7,0
7728,15612729,Chidiebere,Network Engineer,12/08/1980,24/12/2020,,White Collar,Permanent,Full Time,Flex and Fixed,Active,Medium,Female,42,"1  Years, 11 Months",1,68529.45,3,0.38,0.61,0.47,0,1,1,1,0,68529.45,0
7729,15637857,Woolacott,Senior DevOps Engineer,07/07/1982,29/05/2015,,White Collar,Permanent,Full Time,Flex and Fixed,Active,High,Female,40,"7 Years, 6 Months",7,66689.66,3,0.6,0.73,0.51,4,1,1,0,1,69468.4,0
7730,15681007,Yen,Revenue Care Specialist- Air Logistics,16/10/1991,29/03/2008,25/06/2016,White Collar,Permanent,Full Time,Fixed,Voluntarily Terminated,Medium,Female,31,"8 Years, 2 Months",8,37939.13,1,0.21,0.52,0.85,5,1,0,1,0,40360.78,1
7731,15593622,Service,Warehouse Specialist - Air Logistics,14/08/1995,25/09/2016,,Blue Collar,Temporary,Full Time,Fixed,Active,High,Male,27,"6 Years, 2 Months",6,24744.75,3,0.99,0.76,0.72,2,0,1,0,1,26324.2,0
7732,15629273,Lin,Accounts Payable,21/12/1991,28/07/2008,09/06/2014,White Collar,Permanent,Full Time,Fixed,Voluntarily Terminated,High,Male,31,"5 Years, 10 Months",5,30970.51,2,0.29,0.73,0.62,5,1,0,1,0,32947.35,1
7733,15765846,Chuang,National Service Excellence Specialist- Air Logistics,17/07/1964,11/03/2020,,White Collar,Permanent,Full Time,Flex and Fixed,Active,High,Female,58,"2 Years, 9 Months",2,31803.63,1,0.16,0.64,0.68,1,0,0,1,0,33833.65,0
7734,15596013,Akhtar,Trucking Specialist - Air Logistics,22/08/1961,25/10/2012,18/12/2018,Blue Collar,Permanent,Full Time,Fixed,Voluntarily Terminated,Low,Female,61,"6 Years, 1 Months",6,27578.46,2,0.5,0.92,0.8,6,0,0,0,1,32445.25,1
7735,15722473,Faulkner,Customer Brokerage Specialist,08/04/1977,01/04/2020,,Blue Collar,Permanent,Full Time,Fixed,Active,Low,Male,45,"2 Years, 8 Months",2,30447.03,1,0.16,0.72,0.78,1,1,0,1,0,34598.9,0
7736,15774936,Liang,Road Logistics Sales Representative,10/08/2002,02/03/2009,22/12/2019,White Collar,Permanent,Full Time,Fixed,Voluntarily Terminated,High,Male,20,"10 Years, 9 Months",10,33843.34,1,0.27,0.94,0.51,6,0,1,1,1,36312.6,1
7737,15685640,Dancy,Transport Controller,30/07/1977,11/10/2012,,Blue Collar,Temporary,Full Time,Fixed,Active,Low,Female,45,"10 Years, 2 Months",10,21990.29,4,0.28,0.82,0.65,1,0,1,1,1,24433.65,0
7738,15566563,Duigan,Assistance Sales Manager,15/10/1994,24/02/2014,02/11/2017,Blue Collar,Permanent,Full Time,Fixed,Voluntarily Terminated,Low,Female,28,"3 Years, 8 Months",3,26634.17,1,0.11,0.26,0.69,5,1,0,1,0,31707.35,1
7739,15768746,McLean,Aerospace International Logistics Specialist,08/02/1988,28/10/2018,,Blue Collar,Permanent,Full Time,Fixed,Active,Low,Male,35,"4 Years, 1 Months",4,34271.94,4,0.18,0.78,0.53,2,0,0,0,0,36851.55,0
7740,15689952,Zuyeva,Perishable Apprentice- Air Logistics,12/04/2002,08/06/2022,,Blue Collar,Apprentice,Full Time,Fixed,Active,Low,Male,20,"0 Years, 6 Months",0,22916.8,3,0.86,0.61,0.95,0,0,1,1,1,22916.8,0
7741,15725906,Hankinson,Business Development Executive,10/07/1958,17/06/1983,09/01/2022,White Collar,Permanent,Full Time,Flex and Fixed,Terminated for Cause,Medium,Female,64,"38 Years, 6 Months",38,26867.51,1,0.27,0.5,0.53,6,0,1,1,1,43334.7,1
7742,15634501,Wei,Accounts Payable,15/02/1996,09/04/2020,,White Collar,Permanent,Full Time,Fixed,Active,Medium,Male,27,"2 Years, 8 Months",2,29182.24,2,0.22,0.52,0.96,1,1,1,0,1,32068.4,0
7743,15571940,Afamefula,National Air Logistics Gateway QSHE Manager - Pharma,28/06/1970,30/01/2020,,White Collar,Permanent,Full Time,Flex and Fixed,Active,Medium,Male,52,"2 Years, 10 Months",2,69563.49,1,0.3,0.89,0.79,1,1,1,1,1,70983.15,0
7744,15741643,Chiang,Customer Care Specialist-Key Accounts,24/03/1992,23/12/2016,,White Collar,Permanent,Full Time,Fixed,Active,Medium,Male,30,"5 Years, 11 Months",5,33719.26,2,0.72,0.85,0.52,2,0,1,1,1,35871.55,0
7745,15806822,Myers,Gateway & Procurement Team Leader- Air Logistics,14/05/1988,02/06/2021,,White Collar,Permanent,Full Time,Fixed,Active,High,Female,34,"1  Years, 6 Months",1,40172.45,4,0.26,0.62,0.86,1,0,0,0,0,41846.3,0
7746,15701166,Chinedum,Warehouse Quality Control Specialist - Air Logistics,10/02/2001,18/07/2021,,Blue Collar,Permanent,Full Time,Fixed,Active,Medium,Male,22,"1  Years, 5 Months",1,27688.4,1,0.25,0.64,0.67,0,0,1,1,1,27688.4,0
7747,15718531,Ukaegbunam,Internal Trainer,06/10/1970,17/01/2018,,White Collar,Permanent,Full Time,Fixed,Active,High,Female,52,"4 Years, 11 Months",4,29861.96,4,0.13,0.55,0.49,2,0,1,1,1,33179.95,0
7748,15628308,Akubundu,Sales Account Manager,18/03/1977,20/10/2020,,White Collar,Permanent,Full Time,Fixed,Active,High,Female,45,"2 Years, 1 Months",2,32279.81,3,0.9,0.83,0.84,1,1,1,1,1,36269.45,0
7749,15585287,Sal,Gateway & Procurement Team Leader- Air Logistics,18/11/2000,21/09/2019,22/05/2020,White Collar,Permanent,Full Time,Fixed,Voluntarily Terminated,Low,Female,22,"0 Years, 8 Months",0,36737.8925,2,0.1,0.62,0.65,2,0,0,1,1,43221.05,1
7750,15781619,Stevenson,Sea Logistics Pricing Coordinator,13/08/1982,28/09/2012,21/09/2013,White Collar,Permanent,Full Time,Fixed,Voluntarily Terminated,Low,Female,40,"10  Years, 2 Months",10,31785.12,2,0.16,0.6,0.54,5,0,0,1,0,35316.8,1
7751,15805162,Sutherland,Customer Brokerage Specialist,07/06/1984,07/10/2021,,Blue Collar,Permanent,Full Time,Fixed,Active,Low,Male,38,"1  Years, 2 Months",1,31333.34,3,0.3,0.62,0.5,1,1,1,1,1,32638.9,0
7752,15588535,Ts'ao,National Perishable Air Logistics Development Manager Seafood,25/07/1973,31/01/2012,,White Collar,Permanent,Full Time,Flex and Fixed,Active,Low,Female,49,"10  Years, 10 Months",10,29558.84,3,0.97,0.77,0.88,1,1,0,0,0,32843.15,0
7753,15775307,Sung,Operations Specialist,25/02/1992,11/09/2012,,Blue Collar,Permanent,Full Time,Fixed,Active,Medium,Female,31,"10  Years, 3 Months",10,27777.07,1,0.79,0.51,0.74,1,0,1,1,0,32678.9,0
7754,15777616,Pisani,Finance Analyst,13/03/1984,26/02/2016,,White Collar,Permanent,Full Time,Flex and Fixed,Active,High,Male,38,"6 Years, 9 Months",6,43765.14,3,0.22,0.96,0.63,1,1,0,1,0,51488.4,0
7755,15692291,Hs?eh,Recruiter,16/01/1990,16/10/2018,03/12/2019,White Collar,Permanent,Full Time,Fixed,Voluntarily Terminated,Low,Female,33,"1 Years, 1 Months",1,34472.81,1,0.14,0.5,0.74,5,0,0,1,0,39173.65,1
7756,15680843,Sherrod,Operations Specialist,16/05/1977,17/08/2014,,Blue Collar,Permanent,Full Time,Fixed,Active,Low,Male,45,"8 Years, 4 Months",8,31234.25,1,0.52,0.66,0.72,2,0,1,1,1,36318.9,0
7757,15606232,Holloway,Account Manager ,09/11/1994,12/04/2018,,White Collar,Permanent,Full Time,Fixed,Active,Low,Female,28,"4 Years, 8 Months",4,33513.62,3,0.09,0.61,0.72,1,1,1,1,1,37655.75,0
7758,15641585,Newton,Customer Care Specialist-Key Accounts,08/03/1985,26/10/1987,,White Collar,Permanent,Full Time,Fixed,Active,Low,Male,38,"35 Years, 1 Months",35,34408,1,0.39,0.45,0.48,1,0,1,0,1,36997.85,0
7759,15684358,Kang,Revenue Care Specialist- Air Logistics,28/12/1957,17/11/2006,,White Collar,Permanent,Full Time,Fixed,Active,Medium,Male,65,"16 Years, 1 Months",16,33283.17,3,0.47,0.5,0.95,5,1,1,1,1,43793.65,0
7760,15806389,Walton,National Perishable Air Logistics Development Manager Retail,22/07/1957,15/11/2014,10/06/2022,White Collar,Permanent,Full Time,Flex and Fixed,Terminated for Cause,Low,Female,65,"7 Years, 6 Months",7,30914.9,2,0.25,0.75,0.82,5,1,1,0,1,33603.15,1
7761,15641860,Bradley,Gateway & Procurement Team Leader- Air Logistics,28/04/1961,11/01/1998,30/08/2019,White Collar,Permanent,Full Time,Fixed,Voluntarily Terminated,High,Male,61,"24  Years, 11 Months",24,38053.17,1,0.37,0.88,0.5,5,0,0,1,0,40482.1,1
7762,15814237,Watkins,Senior DevOps Engineer,27/10/1985,22/02/2017,,White Collar,Permanent,Full Time,Flex and Fixed,Active,Low,Male,37,"5 Years, 9 Months",5,64894.98,4,0.3,0.49,0.79,2,1,1,1,1,68310.5,0
7763,15808780,Tien,Data Engineer,23/01/1975,20/07/2017,,White Collar,Permanent,Full Time,Flex and Fixed,Active,Low,Female,48,"5 Years, 4 Months",5,65267.99,4,0.89,0.82,0.87,3,1,0,0,0,68703.15,0
7764,15767064,Davide,Business Development Executive,29/01/1982,15/11/2020,,White Collar,Permanent,Full Time,Flex and Fixed,Active,Medium,Female,41,"2 Years, 1 Months",2,39846.75,1,0.3,0.92,0.65,2,0,1,1,1,40659.95,0
7765,15751177,Milne,Warehouse Quality Control Specialist - Air Logistics,10/05/1973,07/06/2016,22/04/2018,Blue Collar,Permanent,Full Time,Fixed,Voluntarily Terminated,High,Female,49,"1 Years, 10 Months",1,23816.065,2,0.24,0.4,0.85,2,0,0,1,0,28018.9,1
7766,15613427,Barling,Aerospace International Logistics Specialist,17/04/1981,21/09/2014,,Blue Collar,Permanent,Full Time,Fixed,Active,Low,Female,41,"8 Years, 2 Months",8,29287.04,1,0.08,0.8,0.61,2,0,0,0,0,34054.7,0
7767,15647259,Barnett,Technical Support Engineer,30/06/1971,09/07/2019,,White Collar,Permanent,Full Time,Flex and Fixed,Active,Low,Male,51,"3 Years, 5 Months",3,57439.28,3,0.2,0.8,0.99,3,1,0,0,0,59215.75,0
7768,15748660,Ellis,Sales Account Manager,09/09/2000,04/08/2020,20/10/2020,White Collar,Permanent,Full Time,Fixed,Voluntarily Terminated,High,Female,22,"0 Years, 2 Months",0,27677.785,2,0.36,0.68,0.65,2,1,0,1,0,32562.1,1
7769,15726695,Hsia,Regional Air logistics Trainer Specialist,05/02/1994,26/09/2019,,White Collar,Permanent,Full Time,Fixed,Active,High,Female,29,"3 Years, 2 Months",3,30202.13,3,0.2,0.54,0.45,2,0,0,1,0,32828.4,0
7770,15757473,Chukwujamuike,Sales Account Manager,19/10/1963,15/05/1993,,White Collar,Permanent,Full Time,Fixed,Active,Low,Female,59,"29 Years, 7 Months",29,33332.81,2,0.28,0.73,0.69,1,1,1,0,1,37452.6,0
7771,15809509,Venables,Pricing Analyst,27/08/1978,14/10/2018,,White Collar,Permanent,Full Time,Flex and Fixed,Active,Medium,Male,44,"4 Years, 2 Months",4,45086.54,1,0.37,0.64,0.49,1,1,1,1,1,51234.7,0
7772,15715512,Hsia,Recruiter,07/06/1958,12/04/2020,,White Collar,Permanent,Full Time,Fixed,Active,High,Male,64,"2 Years, 8 Months",2,41903.15,3,0.08,0.75,0.39,0,0,1,1,1,41903.15,0
7773,15614168,Alexander,Transport Controller,13/06/1973,09/01/2013,24/10/2013,Blue Collar,Temporary,Full Time,Fixed,Voluntarily Terminated,High,Female,49,"0 Years, 9 Months",0,21463.8175,2,0.46,0.6,0.7,2,0,0,1,0,25251.55,1
7774,15679818,Yuan,Perishable Customer Care Team Leader - Air Logistics,30/03/1957,08/07/1992,,White Collar,Permanent,Full Time,Fixed,Active,Medium,Male,65,"30 Years, 5 Months",30,26958.66,4,0.15,0.61,0.62,2,0,1,0,1,40236.8,0
7775,15609928,Johnston,Accounting Coordinator,10/01/2000,09/10/2021,,White Collar,Permanent,Full Time,Fixed,Active,High,Male,23,"1  Years, 2 Months",1,33406.57,1,0.8,0.63,0.76,1,1,1,0,0,35538.9,0
7776,15731246,Hobler,Data Engineer,19/12/1961,29/06/1990,,White Collar,Permanent,Full Time,Flex and Fixed,Active,High,Male,61,"32 Years, 5 Months",32,58950.96,4,0.21,0.67,0.94,2,1,0,1,0,71025.25,0
7777,15685243,Jamieson,National Perishable Air Logistics Development Manager Retail,19/05/1957,17/03/1991,,White Collar,Permanent,Full Time,Flex and Fixed,Active,Medium,Female,65,"31 Years, 9 Months",31,23224.64,3,0.27,0.83,0.9,10,1,1,0,0,33658.9,0
7778,15638730,Macleod,IT System Engineer,11/02/1985,11/09/1984,,White Collar,Permanent,Full Time,Flex and Fixed,Active,Medium,Female,38,"38 Years, 3 Months",38,56265.24,3,0.24,0.48,0.9,2,1,1,0,1,67789.45,0
7779,15697034,Norris,Customer Care Specialist-Key Accounts,17/09/1982,29/05/2019,,White Collar,Permanent,Full Time,Fixed,Active,High,Female,40,"3 Years, 6 Months",3,32138.51,4,0.87,0.89,0.56,2,0,1,0,1,35709.45,0
7780,15699225,Pirozzi,Warehouse Quality Control Specialist - Air Logistics,06/02/1981,06/12/2017,,Blue Collar,Permanent,Full Time,Fixed,Active,High,Male,42,"5 Years, 0 Months",5,22406.65,3,0.28,0.71,0.96,2,0,0,1,0,25462.1,0
7781,15677387,Folliero,IT-Support,19/06/1980,06/11/2017,,White Collar,Permanent,Full Time,Fixed,Active,High,Female,42,"5 Years, 1 Months",5,31688.32,1,0.09,0.57,0.59,1,0,1,0,1,36009.45,0
7782,15759184,Russell,Gateway & Procurement Team Leader- Air Logistics,29/12/1978,29/08/2014,,White Collar,Permanent,Full Time,Fixed,Active,Low,Male,44,"8 Years, 3 Months",8,36235.03,4,0.22,0.89,0.84,2,0,0,1,0,42629.45,0
7783,15595991,Hsiung,Sea Logistics Pricing Coordinator,01/09/2000,08/06/2022,,White Collar,Permanent,Full Time,Fixed,Active,High,Male,22,"0 Years, 6 Months",0,36185.25,4,0.3,0.77,0.51,0,0,1,1,1,36185.25,0
7784,15681332,Tate,Software Engineer,19/07/1984,01/10/2016,27/08/2020,White Collar,Permanent,Full Time,Flex and Fixed,Voluntarily Terminated,Low,Female,38,"3 Years, 10 Months",3,63097.74,4,0.47,0.88,0.92,5,1,0,1,0,67125.25,1
7785,15756299,Davis,Cloud Service Analyst,24/03/1989,24/04/2020,,White Collar,Permanent,Full Time,Flex and Fixed,Active,Medium,Female,33,"2 Years, 7 Months",2,55446.96,4,0.6,0.64,0.85,2,1,1,1,1,62299.95,0
7786,15750547,Bair,Warehouse Apprentice- Air Logistics,10/07/2002,06/06/2022,,Blue Collar,Apprentice,Full Time,Fixed,Active,High,Male,20,"0 Years, 6 Months",0,22750.5,2,0.46,0.65,0.74,0,0,1,1,1,22750.5,0
7787,15566380,Drury,Inventory Clerk,22/05/2002,01/01/2021,,Blue Collar,Temporary,Full Time,Fixed,Active,High,Female,20,"1  Years, 11 Months",1,24098.9,4,0.37,0.65,0.81,0,0,1,1,1,24098.9,0
7788,15675963,Padovano,National Perishable Air Logistics Development Manager Seafood,07/11/1994,21/04/2012,,White Collar,Permanent,Full Time,Flex and Fixed,Active,High,Female,28,"10 Years, 7 Months",10,32825.85,3,0.15,0.54,0.97,1,1,1,1,1,37302.1,0
7789,15674671,Conway,Sales Specialist-Air Logitics ,24/09/2001,26/09/2022,,Blue Collar,Permanent,Full Time,Fixed,Active,High,Male,21,"0 Years, 2 Months",0,34513.65,4,0.17,0.69,0.76,0,0,1,1,1,34513.65,0
7790,15621466,Waters,Warehouse Specialist - Air Logistics,11/10/1964,27/11/1995,,Blue Collar,Temporary,Full Time,Fixed,Active,Medium,Male,58,"27  Years, 0 Months",27,24734.96,3,0.26,0.77,0.78,1,0,0,0,0,26036.8,0
7791,15607176,Kang,Perishable Warehouse Shift Team Leader - Air Logistics,05/11/1985,24/01/2012,,White Collar,Permanent,Full Time,Fixed,Active,Medium,Male,37,"10  Years, 10 Months",10,34307.36,4,0.37,0.75,0.66,2,0,1,1,1,42884.2,0
7792,15570299,Martin,Finance Analyst,11/07/1978,01/12/2020,,White Collar,Permanent,Full Time,Flex and Fixed,Active,Low,Female,44,"2 Years, 0 Months",2,47751.77,2,0.82,0.57,0.4,2,1,0,1,0,48726.3,0
7793,15613197,Ugochukwutubelum,Business Development Manager,22/04/1990,12/08/2022,,White Collar,Permanent,Full Time,Flex and Fixed,Active,High,Male,32,"0 Years, 4 Months",0,49792.6,3,0.16,0.83,0.68,0,1,0,1,0,49792.6,0
7794,15798885,Burns,Business Analyst,26/04/1958,22/07/1989,,White Collar,Permanent,Full Time,Flex and Fixed,Active,Medium,Male,64,"33 Years, 4 Months",33,29589.14,4,0.38,0.89,0.73,3,1,1,1,1,51015.75,0
7795,15714883,Genovese,Business Development Executive,25/08/1971,20/02/2016,,White Collar,Permanent,Full Time,Flex and Fixed,Active,Low,Female,51,"6 Years, 9 Months",6,40711.87,2,0.3,0.76,0.6,3,0,1,0,1,43310.5,0
7796,15604497,Beale,Accounting Coordinator,05/05/1977,30/10/2017,,White Collar,Permanent,Full Time,Fixed,Active,Low,Male,45,"5 Years, 1 Months",5,32512.73,2,0.14,0.83,0.64,1,1,0,1,0,36125.25,0
7797,15773949,Cherkasova,Sea Logistics Pricing Coordinator,09/11/1972,25/01/2017,,White Collar,Permanent,Full Time,Fixed,Active,High,Female,50,"5 Years, 10 Months",5,33504.98,1,0.46,0.57,0.85,1,0,1,1,1,35268.4,0
7798,15774164,Coles,Aerospace International Logistics Specialist,06/02/1981,05/10/2020,,Blue Collar,Permanent,Full Time,Fixed,Active,Medium,Male,42,"2 Years, 2 Months",2,35866.92,1,0.38,0.61,0.89,1,0,0,1,0,36598.9,0
7799,15774127,Potter,Human Resoruces Coordinator,08/04/1994,30/05/2015,,White Collar,Permanent,Full Time,Fixed,Active,Low,Male,28,"7 Years, 6 Months",7,31571.04,1,0.27,0.96,0.89,3,0,0,1,0,33947.35,0
7800,15619016,McMinn,Regional Air logistics Trainer Specialist,15/07/1996,19/11/2015,,White Collar,Permanent,Full Time,Fixed,Active,Medium,Male,26,"7 Years, 0 Months",7,28795.51,4,0.7,0.71,0.5,1,0,1,1,1,33483.15,0
7801,15795759,Bergamaschi,Customer Servce Administrative Officer,20/10/1971,30/05/2014,24/09/2016,Blue Collar,Permanent,Full Time,Fixed,Voluntarily Terminated,Medium,Female,51,"2 Years, 3 Months",2,28569.36,2,0.28,0.61,0.6,5,0,0,1,0,31053.65,1
7802,15798844,Chijindum,National Perishable Air Logistics Development Manager Retail,09/12/1958,15/07/2016,07/09/2020,White Collar,Permanent,Full Time,Flex and Fixed,Terminated for Cause,High,Male,64,"4 Years, 1 Months",4,32952.42,2,0.41,0.73,0.74,5,1,0,0,0,35817.85,1
7803,15717962,Ch'iu,Perishable Warehouse Shift Manager - Air Logistics,28/12/1977,03/08/2013,,White Collar,Permanent,Full Time,Fixed,Active,Medium,Male,45,"9 Years, 4 Months",9,55327.39,1,0.21,0.62,0.39,1,1,1,1,1,63594.7,0
7804,15691504,Yusupova,Warehouse Quality Control Specialist - Air Logistics,06/04/1988,21/02/2020,,Blue Collar,Permanent,Full Time,Fixed,Active,Low,Female,34,"2 Years, 9 Months",2,24723.83,4,0.88,0.42,0.67,2,0,0,0,0,25228.4,0
7805,15693893,Davis,Trucking Specialist - Air Logistics,20/12/1962,06/05/1989,,Blue Collar,Permanent,Full Time,Fixed,Active,Medium,Male,60,"33 Years, 7 Months",33,28671.5,1,0.15,0.65,0.75,4,0,1,0,1,32955.75,0
7806,15672499,Iadanza,Account Manager ,20/09/1960,17/08/2009,,White Collar,Permanent,Full Time,Fixed,Active,High,Male,62,"13 Years, 4 Months",13,30521.55,3,0.17,0.68,0.45,1,1,1,1,1,33540.17,0
7807,15750410,Jordan,Business Development Manager,02/09/1992,03/03/2017,,White Collar,Permanent,Full Time,Flex and Fixed,Active,High,Female,30,"5 Years, 9 Months",5,48793.9,4,0.27,0.72,0.82,2,1,1,1,0,51908.4,0
7808,15568904,Kruglova,National Perishable Air Logistics Development Manager Retail,07/08/1996,08/03/2013,,White Collar,Permanent,Full Time,Flex and Fixed,Active,High,Male,26,"9 Years, 9 Months",9,27462.21,4,0.59,0.7,0.78,2,1,1,1,1,33490.5,0
7809,15649033,Echezonachukwu,Human Resoruces Coordinator,13/10/1982,28/09/2008,02/07/2013,White Collar,Permanent,Full Time,Fixed,Voluntarily Terminated,Low,Female,40,"4 Years, 9 Months",4,32813.49,2,0.27,0.87,0.88,5,0,0,1,0,33483.15,1
7810,15780989,Hajek,Inside Sales Executive/ Account Manager,21/05/1981,02/01/2014,27/05/2015,White Collar,Permanent,Full Time,Flex and Fixed,Voluntarily Terminated,Low,Male,41,"1 Years, 4 Months",1,29645.28,2,0.27,0.43,0.44,2,1,1,1,1,34876.8,1
7811,15771059,Welch,Perishable Warehouse Specialist - Air Logistics,14/07/1977,29/01/2015,,Blue Collar,Permanent,Full Time,Fixed,Active,Low,Female,45,"7 Years, 10 Months",7,32768.27,1,0.16,0.84,0.65,2,0,0,0,0,35234.7,0
7812,15687852,Vinogradoff,Pricing Analyst,14/09/1957,04/10/2002,,White Collar,Permanent,Full Time,Flex and Fixed,Active,High,Male,65,"20 Years, 2 Months",20,38571.98,3,0.3,0.94,0.55,2,1,0,0,0,50752.6,0
7813,15695280,Hung,Warehouse Shift Team Leader Healthcare- Air Logistics,11/11/1966,10/03/2018,,White Collar,Permanent,Full Time,Fixed,Active,Low,Male,56,"4 Years, 9 Months",4,32878.12,4,0.35,0.89,0.76,1,0,0,0,0,38680.14,0
7814,15592751,Okwudiliolisa,Aerospace International Logistics Specialist,08/05/1964,16/11/2003,16/08/2015,Blue Collar,Permanent,Full Time,Fixed,Voluntarily Terminated,High,Female,58,"19  Years, 1 Months",19,30021.56,2,0.25,0.69,0.75,5,0,0,1,0,35739.95,1
7815,15598338,Mays,Revenue Care Specialist- Air Logistics,01/04/1969,26/12/2009,,White Collar,Permanent,Full Time,Fixed,Active,Medium,Female,53,"12 Years, 11 Months",12,37564.07,4,0.88,0.63,0.99,1,1,0,0,0,41737.85,0
7816,15735784,Gardner,Sales Account Manager,22/07/1995,09/02/2018,,White Collar,Permanent,Full Time,Fixed,Active,Low,Male,27,"4 Years, 10 Months",4,33299.16,2,0.57,0.98,0.69,1,1,0,1,0,37839.95,0
7817,15629128,Mamelu,BI Developer,25/05/1969,13/02/1983,,White Collar,Permanent,Full Time,Flex and Fixed,Active,Medium,Male,53,"39 Years, 10 Months",39,54078.99,2,0.27,0.7,0.88,6,1,1,1,1,58149.45,0
7818,15642870,Ross,Inside Sales Executive/ Account Manager,07/11/1984,14/09/2018,,White Collar,Permanent,Full Time,Flex and Fixed,Active,Medium,Male,38,"4 Years, 3 Months",4,32330.84,4,0.51,0.51,0.53,2,1,1,0,1,35528.4,0
7819,15637977,Barese,Perishable Customer Care Team Leader - Air Logistics,29/06/1981,14/12/2019,,White Collar,Permanent,Full Time,Fixed,Active,Medium,Male,41,"3 Years, 0 Months",3,40295.95,4,0.95,0.76,0.9,1,0,0,0,0,43799.95,0
7820,15600792,Swayne,Warehouse Quality Control Specialist - Air Logistics,23/04/2000,30/08/2017,,Blue Collar,Permanent,Full Time,Fixed,Active,Low,Male,22,"5 Years, 3 Months",5,24130.13,3,0.3,0.67,0.96,2,0,1,0,1,26228.4,0
7821,15576131,Phillips,Software Engineer,16/12/1986,27/01/2015,,White Collar,Permanent,Full Time,Flex and Fixed,Active,High,Male,36,"7 Years, 10 Months",7,64497.92,4,0.44,0.7,0.84,3,1,0,1,0,69352.6,0
7822,15686588,Manfrin,Sea Logiscitcs Customer Care Specialist ,28/07/1973,08/02/2016,,Blue Collar,Permanent,Full Time,Fixed,Active,Medium,Female,49,"6 Years, 10 Months",6,28362.26,4,0.84,0.42,0.41,2,0,1,0,1,32600.3,0
7823,15761018,Tan,Account Manager ,04/03/1998,21/09/2012,21/10/2022,White Collar,Permanent,Full Time,Fixed,Voluntarily Terminated,High,Male,25,"10  Years, 2 Months",10,30030.03,1,0.3,0.69,0.76,5,1,0,1,0,35329.45,1
7824,15616029,Adams,Recruiter,20/07/1959,08/07/2005,,White Collar,Permanent,Full Time,Fixed,Active,Medium,Male,63,"17 Years, 5 Months",17,35937.87,4,0.54,0.63,0.96,3,0,0,1,0,38559.95,0
7825,15761149,Teng,Perishable Warehouse Specialist - Air Logistics,13/10/1991,16/03/2018,,Blue Collar,Permanent,Full Time,Fixed,Active,High,Female,31,"4 Years, 9 Months",4,31626.87,3,0.21,0.66,0.62,1,0,1,0,1,35140.97,0
7826,15802758,Chinwendu,Project Manager,06/04/1982,29/09/1997,17/09/2016,White Collar,Permanent,Full Time,Flex and Fixed,Voluntarily Terminated,High,Female,40,"18 Years, 11 Months",18,43804.92,2,0.11,0.5,0.5,5,1,0,1,0,44698.9,1
7827,15647838,Davison,Accountant,10/06/1992,08/03/2020,30/04/2020,White Collar,Permanent,Full Time,Fixed,Voluntarily Terminated,Medium,Female,30,"0 Years, 1 Months",0,31271.0325,2,0.27,0.67,0.82,2,1,0,1,0,36789.45,1
7828,15735968,Hsing,Senior DevOps Engineer,17/02/1955,24/07/1988,,White Collar,Permanent,Full Time,Flex and Fixed,Active,Medium,Male,68,"34 Years, 4 Months",34,42435.15,3,0.29,0.59,0.62,5,1,1,0,1,70725.25,0
7829,15581286,Castro,Aerospace International Logistics Specialist,06/09/1997,22/07/2014,,Blue Collar,Permanent,Full Time,Fixed,Active,Medium,Female,25,"8 Years, 4 Months",8,32688.06,1,0.28,0.75,0.78,3,0,1,1,1,35530.5,0
7830,15625445,Parkin,National Perishable Air Logistics Development Manager Retail,25/07/1971,17/03/2012,,White Collar,Permanent,Full Time,Flex and Fixed,Active,High,Female,51,"10  Years, 9 Months",10,33269.67,4,0.1,0.88,0.89,1,1,1,0,1,35020.71,0
7831,15600173,Manna,Business Analyst,04/05/1968,10/09/1997,,White Collar,Permanent,Full Time,Flex and Fixed,Active,Medium,Female,54,"25 Years, 3 Months",25,41627.612,3,0.79,0.99,0.75,2,1,1,1,1,48404.2,0
7832,15635143,Fennescey,National Perishable Air Logistics Development Manager Retail,10/03/1998,17/08/2013,,White Collar,Permanent,Full Time,Flex and Fixed,Active,High,Male,24,"9 Years, 4 Months",9,31418.68,1,0.19,0.44,0.42,1,1,1,0,1,36963.15,0
7833,15664849,Colon,Trucking Team Leader- Air Logistics,06/01/1979,25/05/2016,25/02/2017,White Collar,Permanent,Full Time,Fixed,Voluntarily Terminated,Medium,Male,44,"0 Years, 9 Months",0,33427.355,2,0.48,0.65,0.78,2,0,1,0,1,39326.3,1
7834,15762455,Yeh,Accountant,15/07/1989,08/07/2015,,White Collar,Permanent,Full Time,Fixed,Active,High,Male,33,"7 Years, 5 Months",7,29561.08,4,0.28,0.88,0.63,3,1,1,0,1,33214.7,0
7835,15797165,Bergamaschi,Software Engineer,02/12/1975,28/02/2011,08/05/2014,White Collar,Permanent,Full Time,Flex and Fixed,Voluntarily Terminated,Low,Male,47,"3 Years, 2 Months",3,60866.53,2,0.12,0.58,0.79,5,1,0,0,0,66886.3,1
7836,15788189,Matveyeva,Business Analyst,22/05/1982,07/12/2020,,White Collar,Permanent,Full Time,Flex and Fixed,Active,High,Female,40,"2 Years, 0 Months",2,49130.98,2,0.15,0.99,0.9,2,1,0,1,0,50133.65,0
7837,15780492,Ignatyeva,Human Resoruces Coordinator,15/01/1979,11/04/2012,,White Collar,Permanent,Full Time,Fixed,Active,Medium,Male,44,"10  Years, 8 Months",10,24830.28,3,0.52,0.76,0.71,2,0,0,1,0,31037.85,0
7838,15678497,Lederer,National Air Logistics Pharma Compliance Specialist,30/08/1981,23/10/2018,09/03/2022,Blue Collar,Permanent,Full Time,Fixed,Voluntarily Terminated,Low,Male,41,"3 Years, 4 Months",3,29761.71,2,0.23,0.14,0.98,6,0,0,1,0,33440.12,1
7839,15588560,Nwabugwu,Regional Air logistics Trainer Specialist,09/04/2000,21/07/2013,,White Collar,Permanent,Full Time,Fixed,Active,Medium,Female,22,"9 Years, 4 Months",9,31025.89,2,0.23,0.57,0.86,1,0,1,1,0,36501.05,0
7840,15606003,Abramowitz,Aerospace International Logistics Specialist,25/04/1971,25/07/2016,,Blue Collar,Permanent,Full Time,Fixed,Active,High,Female,51,"6 Years, 4 Months",6,34573.38,4,0.27,0.52,0.82,2,0,1,1,0,36780.19,0
7841,15611756,Chapman,Warehouse Specialist - Air Logistics,11/03/1994,02/09/2021,,Blue Collar,Temporary,Full Time,Fixed,Active,Medium,Female,28,"1  Years, 3 Months",1,24758.9,3,0.81,0.71,0.55,0,0,1,1,1,24758.9,0
7842,15789563,Fiorentino,Gateway & Procurement Specialist - Air Logistics,15/02/1999,23/03/2012,04/10/2018,Blue Collar,Permanent,Full Time,Fixed,Voluntarily Terminated,Medium,Female,24,"10  Years, 8 Months",10,27443.65,2,0.6,0.27,0.75,4,0,1,1,1,33881.05,1
7843,15702416,Cecil,Cloud Service Analyst,17/10/1982,13/03/2020,,White Collar,Permanent,Full Time,Flex and Fixed,Active,Low,Male,40,"2 Years, 9 Months",2,57563.09,2,0.27,0.49,0.52,1,1,0,0,0,58737.85,0
7844,15766288,Ikechukwu,Gateway & Procurement Specialist - Air Logistics,10/04/1974,23/09/2014,18/08/2016,Blue Collar,Permanent,Full Time,Fixed,Voluntarily Terminated,Medium,Female,48,"1 Years, 10 Months",1,34189.26,2,0.58,0.59,0.5,5,0,0,1,0,36371.55,1
7845,15667633,Allen,Trucking Team Leader- Air Logistics,15/06/1982,17/07/1984,,White Collar,Permanent,Full Time,Fixed,Active,Low,Female,40,"38 Years, 5 Months",38,39315.6,1,0.28,0.59,0.65,1,0,1,1,1,40531.55,0
7846,15622774,Kao,Perishable Warehouse Specialist - Air Logistics,28/10/1972,21/09/2020,,Blue Collar,Permanent,Full Time,Fixed,Active,Low,Male,50,"2 Years, 2 Months",2,33334.41,4,0.56,0.52,0.87,1,0,1,1,1,34014.7,0
7847,15755416,Hart,Customer Care Specialist-Key Accounts,10/04/1982,01/08/2001,,White Collar,Permanent,Full Time,Fixed,Active,Low,Female,40,"21 Years, 4 Months",21,32601.31,4,0.53,0.73,0.62,1,0,1,1,1,34979.95,0
7848,15769915,Charlton,Accounts Payable,21/03/1992,05/03/2012,,White Collar,Permanent,Full Time,Fixed,Active,Low,Female,30,"10  Years, 9 Months",10,26535.84,2,0.37,0.78,0.63,4,1,1,1,1,32360.78,0
7849,15643908,Turnbull,National Air Logistics Pharma Compliance Specialist,28/11/1961,21/03/2000,,Blue Collar,Permanent,Full Time,Fixed,Active,Medium,Female,61,"22  Years, 8 Months",22,31277.048,4,0.17,0.94,0.73,2,0,1,1,1,35542.1,0
7850,15627395,Manners,Warehouse Specialist - Air Logistics,07/08/1966,21/11/2017,,Blue Collar,Temporary,Full Time,Fixed,Active,Low,Male,56,"5 Years, 0 Months",5,21432.13,2,0.3,0.86,0.53,1,0,1,1,1,24081.05,0
7851,15679663,Chiazagomekpere,Transport Controller,08/05/1973,20/12/2014,,Blue Collar,Temporary,Full Time,Fixed,Active,Low,Female,49,"7 Years, 11 Months",7,21563.14,4,0.28,0.97,0.88,1,0,0,1,0,25368.4,0
7852,15651581,Lavrentyev,Aerospace International Logistics Specialist,17/01/1960,13/06/2004,16/10/2018,Blue Collar,Permanent,Full Time,Fixed,Voluntarily Terminated,Medium,Male,63,"14 Years, 4 Months",14,34417.27,4,0.28,0.49,0.54,6,0,0,1,0,36928.4,1
7853,15596379,Wallace,Perishable Operational Care Specialist - Air Logistics,06/04/1974,17/10/2016,,Blue Collar,Permanent,Full Time,Fixed,Active,Medium,Male,48,"6 Years, 2 Months",6,32280.14,3,0.66,0.82,0.48,1,0,1,0,1,34340.57,0
7854,15746674,Miller,Customer Servce Administrative Officer,26/03/1955,30/05/1985,04/09/2021,Blue Collar,Permanent,Full Time,Fixed,Voluntarily Terminated,Medium,Female,67,"36 Years, 3 Months",36,19689.4,2,0.28,0.86,0.64,6,0,0,1,0,35798.9,1
7855,15801256,Bazhenov,Business Development Executive,13/04/1987,14/06/2021,,White Collar,Permanent,Full Time,Flex and Fixed,Active,High,Male,35,"1  Years, 6 Months",1,43538.9,4,0.17,0.51,0.39,0,0,1,0,1,43538.9,0
7856,15663808,Ifesinachi,Sea Logistics Pricing Coordinator,17/05/1955,17/01/2007,,White Collar,Permanent,Full Time,Fixed,Active,High,Female,67,"15 Years, 11 Months",15,25898.46,4,0.23,0.7,0.38,4,0,1,1,0,33203.15,0
7857,15598521,Ma,BI Developer,12/09/1962,25/08/2003,,White Collar,Permanent,Full Time,Flex and Fixed,Active,Low,Female,60,"19 Years, 3 Months",19,50937.33,3,0.67,0.8,0.78,3,1,0,0,0,59229.45,0
7858,15621457,Chu,Accounting Coordinator,26/03/1959,09/02/2018,,White Collar,Permanent,Full Time,Fixed,Active,High,Male,63,"4 Years, 10 Months",4,34080.62,1,0.35,0.63,0.63,2,1,0,0,0,37867.35,0
7859,15764726,Kerr,Operations Specialist,20/11/1971,05/11/2021,,Blue Collar,Permanent,Full Time,Fixed,Active,High,Male,51,"1  Years, 1 Months",1,33197.85,1,0.8,0.4,0.61,0,0,1,0,1,33197.85,0
7860,15646374,Wynne,Accounting Coordinator,03/11/1957,06/02/2009,,White Collar,Permanent,Full Time,Fixed,Active,Medium,Female,65,"13  Years, 10 Months",13,26691.41,3,0.77,0.8,0.58,5,1,1,1,1,32550.5,0
7861,15716501,Moon,Transport Controller,11/04/2004,05/07/2021,,Blue Collar,Temporary,Full Time,Fixed,Active,High,Male,18,"1  Years, 5 Months",1,23885.99,3,0.26,0.98,0.73,1,0,1,0,1,25143.15,0
7862,15589948,Disher,Perishable Customer Care Team Leader - Air Logistics,18/02/1988,24/07/2018,,White Collar,Permanent,Full Time,Fixed,Active,Low,Male,35,"4 Years, 4 Months",4,39212.45,2,0.77,0.92,0.67,1,0,1,1,1,40846.3,0
7863,15811343,Cattaneo,BI Developer,17/08/1986,26/04/2019,,White Collar,Permanent,Full Time,Flex and Fixed,Active,Medium,Male,36,"3 Years, 7 Months",3,60702.55,4,0.96,0.68,1,3,1,1,1,1,62579.95,0
7864,15659677,Beluchi,Accounting Coordinator,11/08/1979,10/03/2021,,White Collar,Permanent,Full Time,Fixed,Active,Low,Male,43,"1  Years, 9 Months",1,35757.95,3,0.1,1,0.59,1,1,1,1,1,37639.95,0
7865,15594436,Mazzi,IT System Engineer,05/05/1982,04/06/2020,,White Collar,Permanent,Full Time,Flex and Fixed,Active,Medium,Male,40,"2 Years, 6 Months",2,59918.22,4,0.6,0.8,0.54,2,1,1,1,1,65844.2,0
7866,15748995,Ifeajuna,Stock Investigator & Analyst,05/01/1985,15/03/2016,,White Collar,Permanent,Full Time,Flex and Fixed,Active,Medium,Male,38,"6 Years, 9 Months",6,44205.61,3,0.6,0.85,0.69,1,1,1,0,1,50233.65,0
7867,15677062,Howe,Warehouse Specialist - Air Logistics,30/03/1979,11/04/2021,,Blue Collar,Temporary,Full Time,Fixed,Active,Medium,Female,43,"1  Years, 8 Months",1,27226.3,3,0.71,0.69,0.6,0,0,1,1,1,27226.3,0
7868,15697201,Yocum,Customer Servce Administrative Officer,01/11/1982,27/08/1995,,Blue Collar,Permanent,Full Time,Fixed,Active,Low,Female,40,"27 Years, 3 Months",27,29243.18,1,0.72,0.57,0.52,3,0,1,1,1,31376.8,0
7869,15666453,Moore,Business Analyst,12/06/1991,06/12/2019,,White Collar,Permanent,Full Time,Flex and Fixed,Active,Medium,Female,31,"3 Years, 0 Months",3,43404.59,4,0.27,0.61,0.72,2,1,1,1,1,47178.9,0
7870,15693771,Y?an,National Perishable Air Logistics Development Manager Seafood,14/01/1994,08/03/2014,08/09/2016,White Collar,Permanent,Full Time,Flex and Fixed,Voluntarily Terminated,High,Female,29,"2 Years, 6 Months",2,32132.94,4,0.25,0.19,0.48,6,1,0,1,0,34551.55,1
7871,15569867,Chinweuba,Regional Air logistics Trainer Specialist,29/11/1981,31/01/2022,,White Collar,Permanent,Full Time,Fixed,Active,Medium,Female,41,"0 Years, 10 Months",0,32317.85,3,0.27,0.5,0.63,0,0,0,1,0,32317.85,0
7872,15711602,Lowrie,Gateway & Procurement Specialist - Air Logistics,06/02/1991,23/12/2016,,Blue Collar,Permanent,Full Time,Fixed,Active,Low,Female,32,"5 Years, 11 Months",5,34817.98,3,0.73,0.52,0.88,4,0,1,1,0,36650.5,0
7873,15717736,Shen,Sales Account Manager,18/02/1985,07/08/2014,,White Collar,Permanent,Full Time,Fixed,Active,High,Female,38,"8 Years, 4 Months",8,32199.14,3,0.26,0.61,0.52,2,1,1,1,1,37010.5,0
7874,15750441,Lavarack,Warehouse Quality Control Specialist - Air Logistics,14/01/1972,24/09/2015,,Blue Collar,Permanent,Full Time,Fixed,Active,High,Male,51,"7 Years, 2 Months",7,23520.19,4,0.16,0.74,0.73,2,0,1,0,1,27034.7,0
7875,15732791,Davide,Finance Analyst,05/11/1968,09/06/2003,,White Collar,Permanent,Full Time,Flex and Fixed,Active,Medium,Male,54,"19 Years, 6 Months",19,40679.86,1,0.51,0.86,0.64,1,1,1,1,1,48428.4,0
7876,15775104,Gomes,Business Analyst,29/10/1961,08/04/2011,,White Collar,Permanent,Full Time,Flex and Fixed,Active,High,Female,61,"11 Years, 8 Months",11,40238.22,3,0.53,0.86,0.59,3,1,0,1,0,45725.25,0
7877,15757607,Matveyeva,Sea Logistics Pricing Coordinator,22/04/1981,20/11/2017,29/08/2019,White Collar,Permanent,Full Time,Fixed,Voluntarily Terminated,High,Male,41,"1 Years, 9 Months",1,28623.01,2,0.28,0.16,0.76,4,0,0,1,0,32160.68,1
7878,15793070,Fiorentino,Accounting Coordinator,30/12/2000,02/06/2009,17/09/2019,White Collar,Permanent,Full Time,Fixed,Voluntarily Terminated,High,Female,22,"10 Years, 3 Months",10,32678.95,2,0.1,0.43,0.46,5,1,0,1,0,35714.7,1
7879,15760456,Eberechukwu,Sales Account Manager,05/01/1999,29/09/2018,11/10/2020,White Collar,Permanent,Full Time,Fixed,Voluntarily Terminated,High,Female,24,"2 Years, 0 Months",2,30945.42,1,0.54,0.4,0.63,5,1,0,1,0,32920.66,1
7880,15665385,Gibney,Customer Brokerage Specialist,13/07/1964,07/10/2013,,Blue Collar,Permanent,Full Time,Fixed,Active,High,Male,58,"9  Years, 2 Months",9,30985.56,2,0.3,0.51,0.67,2,1,0,1,0,34428.4,0
7881,15612418,Virgo,Air Imports Operations Manager,23/01/1979,18/05/2022,,White Collar,Permanent,Full Time,Fixed,Active,Low,Female,44,"0 Years, 7 Months",0,71533.65,1,0.3,0.83,0.55,0,1,0,0,0,71533.65,0
7882,15727138,Kulikova,Revenue Care Specialist- Air Logistics,31/03/1959,22/03/1984,,White Collar,Permanent,Full Time,Fixed,Active,Medium,Male,63,"38  Years, 8 Months",38,26795.73,1,0.26,0.61,0.45,1,1,1,1,1,41224.2,0
7883,15732061,Liu,Gateway & Procurement Team Leader- Air Logistics,15/05/1978,09/01/2018,19/01/2018,White Collar,Permanent,Full Time,Fixed,Voluntarily Terminated,Medium,Female,44,"0 Years, 0 Months",0,33965.9575,2,0.57,0.65,0.57,2,0,0,0,0,39959.95,1
7884,15776051,Kao,National Perishable Air Logistics Development Manager Retail,05/06/1994,14/04/2019,,White Collar,Permanent,Full Time,Flex and Fixed,Active,Medium,Female,28,"3 Years, 8 Months",3,32369.39,1,0.29,0.95,0.83,3,1,1,1,0,33370.5,0
7885,15616530,Foran,National Perishable Air Logistics Development Manager Seafood,13/09/1986,06/01/2010,14/08/2016,White Collar,Permanent,Full Time,Flex and Fixed,Voluntarily Terminated,Low,Male,36,"6 Years, 7 Months",6,34125.96,1,0.25,0.63,0.64,4,1,0,0,0,37501.05,1
7886,15632344,Jones,Revenue Care Specialist- Air Logistics,30/03/1978,30/10/2020,,White Collar,Permanent,Full Time,Fixed,Active,Medium,Female,44,"2 Years, 1 Months",2,37529.36,3,0.08,0.72,0.6,1,1,0,1,0,41241.05,0
7887,15744979,Fowler,Apprentice,29/01/2002,09/03/2022,,Blue Collar,Apprentice,Full Time,Fixed,Active,Low,Female,21,"0 Years, 9 Months",0,23923.15,2,0.22,0.8,0.57,0,0,1,1,1,23923.15,0
7888,15745433,Conti,Apprentice,14/09/2004,12/04/2022,,Blue Collar,Apprentice,Full Time,Fixed,Active,Low,Female,18,"0 Years, 8 Months",0,21188.4,3,0.12,0.7,0.57,0,0,0,1,0,21188.4,0
7889,15683657,Stephenson,Account Manager ,25/07/1996,24/12/2017,,White Collar,Permanent,Full Time,Fixed,Active,Medium,Female,26,"4 Years, 11 Months",4,30318.29,3,0.4,0.45,0.79,1,1,0,1,0,33316.8,0
7890,15718572,Willis,Analyst Programmer ,02/09/1979,17/06/2020,,White Collar,Permanent,Full Time,Flex and Fixed,Active,High,Male,43,"2 Years, 6 Months",2,53035.56,4,0.48,0.64,0.85,1,1,1,1,1,58928.4,0
7891,15665783,Ts'ui,Stock Investigator & Analyst,19/07/1979,04/12/2019,,White Collar,Permanent,Full Time,Flex and Fixed,Active,High,Male,43,"3 Years, 0 Months",3,49304.57,1,0.47,0.94,0.48,1,1,1,1,1,50829.45,0
7892,15652782,Chibuzo,National Perishable Air Logistics Development Manager Retail,17/09/1997,06/10/2021,,White Collar,Permanent,Full Time,Flex and Fixed,Active,Medium,Male,25,"1  Years, 2 Months",1,32620.75,3,0.43,0.57,0.76,1,1,1,0,1,33979.95,0
7893,15707025,Fang,Data Analyst,28/12/1980,24/10/2017,,White Collar,Permanent,Full Time,Flex and Fixed,Active,High,Female,42,"5 Years, 1 Months",5,42012.99,2,0.08,0.8,0.56,2,1,1,1,1,44224.2,0
7894,15647807,Wyckoff,Data Analyst,26/01/1988,05/02/2017,,White Collar,Permanent,Full Time,Flex and Fixed,Active,Low,Male,35,"5 Years, 10 Months",5,43183.21,4,0.45,0.75,0.81,2,1,0,1,0,48520.46,0
7895,15718281,Muir,Data Analyst,08/12/1981,19/02/2008,01/10/2015,White Collar,Permanent,Full Time,Flex and Fixed,Voluntarily Terminated,Low,Male,41,"14  Years, 9 Months",14,47776.72,2,0.16,0.7,0.92,5,1,1,1,1,50826.3,1
7896,15660571,Halpern,Sales Account Manager,12/03/1992,07/07/2015,,White Collar,Permanent,Full Time,Fixed,Active,High,Male,30,"7 Years, 5 Months",7,30743.02,4,0.5,0.7,0.47,1,1,1,1,1,35336.8,0
7897,15727857,Flynn,Accounting Coordinator,05/10/1981,09/07/2018,,White Collar,Permanent,Full Time,Fixed,Active,Medium,Male,41,"4 Years, 5 Months",4,35135.75,1,0.56,0.61,0.62,0,1,0,1,0,35135.75,0
7898,15639252,Shao,IT-Support,03/03/1975,07/11/2018,,White Collar,Permanent,Full Time,Fixed,Active,Low,Male,48,"4 Years, 1 Months",4,33186.31,3,0.39,0.78,0.87,2,0,1,1,1,35684.2,0
7899,15628144,Soares,Gateway & Procurement Team Leader- Air Logistics,01/10/1956,21/12/1984,,White Collar,Permanent,Full Time,Fixed,Active,Medium,Female,66,"37 Years, 11 Months",37,22320.98,4,0.16,0.97,0.77,5,0,1,0,1,39858.9,0
7900,15683560,Gallo,IT System Engineer,11/04/1960,20/09/1983,,White Collar,Permanent,Full Time,Flex and Fixed,Active,Low,Female,62,"39  Years, 2 Months",39,47290.72,4,0.3,0.51,0.76,1,1,0,1,0,71652.6,0
7901,15653275,Lei,Network Engineer,03/03/1957,17/03/1991,31/03/2021,White Collar,Permanent,Full Time,Flex and Fixed,Voluntarily Terminated,Low,Female,66,"31  Years, 9 Months",31,37113.97,1,0.17,0.56,0.71,6,1,0,1,1,67479.95,1
7902,15622182,Daniels,Inventory Clerk,25/05/2004,06/01/2021,,Blue Collar,Temporary,Full Time,Fixed,Active,Low,Female,18,"1  Years, 11 Months",1,24572.6,2,0.28,0.87,0.55,0,0,0,1,0,24572.6,0
7903,15613962,Kenechi,Internal Trainer,22/01/1972,02/07/2017,,White Collar,Permanent,Full Time,Fixed,Active,Medium,Female,51,"5 Years, 5 Months",5,32831.61,1,0.29,0.64,0.78,1,0,1,0,1,36889.45,0
7904,15618437,Singleton,Sea Logistics Pricing Coordinator,30/11/1981,13/08/2017,,White Collar,Permanent,Full Time,Fixed,Active,Low,Male,41,"5 Years, 4 Months",5,30811.09,4,0.42,0.6,0.85,1,0,1,0,1,35012.6,0
7905,15783338,Williams,Perishable Warehouse Specialist - Air Logistics,29/03/1959,02/08/1995,,Blue Collar,Permanent,Full Time,Fixed,Active,High,Male,63,"27  Years, 4 Months",27,21172.87,1,0.39,0.9,0.76,3,0,1,1,1,32573.65,0
7906,15764491,Greece,Customer Brokerage Specialist,17/03/1982,26/07/2018,,Blue Collar,Permanent,Full Time,Fixed,Active,Medium,Male,40,"4 Years, 4 Months",4,29477.07,1,0.13,0.54,0.62,3,1,1,1,1,34678.9,0
7907,15712960,Olisanugo,Gateway & Procurement Team Leader- Air Logistics,01/10/1990,22/01/2018,,White Collar,Permanent,Full Time,Fixed,Active,High,Male,32,"4 Years, 10 Months",4,40022.9,1,0.42,0.62,0.8,1,0,1,0,1,43503.15,0
7908,15688157,Padovano,Gateway & Procurement Specialist - Air Logistics,12/06/1966,01/12/2012,,Blue Collar,Permanent,Full Time,Fixed,Active,High,Female,56,"10 Years, 0 Months",10,31370.14,1,0.22,0.8,0.81,1,0,1,1,1,35247.35,0
7909,15579287,Rossi,Data Analyst,04/02/1967,03/02/1988,,White Collar,Permanent,Full Time,Flex and Fixed,Active,High,Male,56,"34  Years, 10 Months",34,29061.52,4,0.68,0.59,0.78,3,1,1,0,1,44032.6,0
7910,15570931,Grant,Trucking Specialist - Air Logistics,21/10/1983,07/04/2010,05/09/2013,Blue Collar,Permanent,Full Time,Fixed,Terminated for Cause,Low,Male,39,"3 Years, 4 Months",3,30897.46,2,0.23,0.81,0.51,5,0,0,0,1,33584.2,1
7911,15615177,Ebelegbulam,Air Export Operations Manager,01/07/1990,04/05/2017,,White Collar,Permanent,Full Time,Fixed,Active,Medium,Male,32,"5 Years, 7 Months",5,68069.97,4,0.48,0.5,0.6,3,1,1,1,0,71652.6,0
7912,15809906,Mitchell,Technical Support Engineer,03/10/1975,29/10/2013,,White Collar,Permanent,Full Time,Flex and Fixed,Active,High,Male,47,"9 Years, 1 Months",9,52627.7,2,0.3,0.67,0.8,2,1,1,1,1,59804.2,0
7913,15652169,Buckley,Perishable Warehouse Specialist - Air Logistics,17/06/1999,20/09/2022,,Blue Collar,Permanent,Full Time,Fixed,Active,Low,Male,23,"0 Years, 2 Months",0,34757.85,1,0.44,0.46,0.6,0,0,1,0,1,34757.85,0
7914,15649450,Repina,Project Coordinator,10/03/1992,07/03/2021,,White Collar,Permanent,Full Time,Fixed,Active,Low,Male,30,"1  Years, 9 Months",1,33837.85,4,0.3,0.84,0.98,0,0,0,1,0,33837.85,0
7915,15777179,Ellis,Project Coordinator,09/12/1970,02/07/2021,,White Collar,Permanent,Full Time,Fixed,Active,Medium,Male,52,"1  Years, 5 Months",1,33509.04,3,0.3,0.92,0.79,1,0,1,0,1,34905.25,0
7916,15803538,Douglas,Business Development Manager,03/03/1979,19/05/2009,21/01/2013,White Collar,Permanent,Full Time,Flex and Fixed,Voluntarily Terminated,Medium,Male,44,"3 Years, 8 Months",3,43732.0325,2,0.3,0.75,0.93,2,1,0,1,0,51449.45,1
7917,15610936,Becher,Senior DevOps Engineer,04/11/1962,03/04/2004,,White Collar,Permanent,Full Time,Flex and Fixed,Active,Low,Male,60,"18 Years, 8 Months",18,66366.95,2,0.67,0.7,0.57,1,1,0,1,0,69859.95,0
7918,15590094,Nwachukwu,Warehouse Specialist - Air Logistics,14/12/1998,12/01/2018,,Blue Collar,Fixed Term,Full Time,Fixed,Active,Medium,Male,24,"4 Years, 11 Months",4,22743.27,1,0.14,0.7,0.75,1,0,0,0,0,24992.6,0
7919,15572706,Smith,Sea Logiscitcs Customer Care Specialist ,30/12/1996,19/10/2020,,Blue Collar,Permanent,Full Time,Fixed,Active,Low,Male,26,"2 Years, 1 Months",2,29773.24,4,0.6,0.9,0.81,1,0,0,1,0,32717.85,0
7920,15634564,Aksyonov,Network Engineer,02/09/1989,17/06/2012,,White Collar,Permanent,Full Time,Flex and Fixed,Active,Medium,Male,33,"10  Years, 6 Months",10,57769.87,3,0.82,0.8,1,5,1,1,1,1,68773.65,0
7921,15684296,Artyomova,National Perishable Air Logistics Development Manager Retail,02/09/1985,02/09/2014,,White Collar,Permanent,Full Time,Flex and Fixed,Active,Medium,Male,37,"8 Years, 3 Months",8,29431.91,3,0.26,0.5,0.65,1,1,1,0,1,34223.15,0
7922,15702293,Medvedeva,Project Manager,12/12/1970,12/03/2021,,White Collar,Permanent,Full Time,Flex and Fixed,Active,High,Female,52,"1  Years, 9 Months",1,39317.71,4,0.21,0.84,0.72,1,1,1,1,1,41827.35,0
7923,15642099,Tsui,Customer Servce Administrative Officer,23/02/1985,01/11/2016,,Blue Collar,Permanent,Full Time,Fixed,Active,High,Male,38,"6 Years, 1 Months",6,34611.79,1,0.12,0.48,0.94,3,0,0,1,0,36821.05,0
7924,15773273,Runyon,Warehouse Quality Control Specialist - Air Logistics,31/01/1989,15/06/2017,,Blue Collar,Permanent,Full Time,Fixed,Active,Low,Male,34,"5 Years, 6 Months",5,24152.99,3,0.58,0.98,0.87,3,0,1,1,1,25424.2,0
7925,15613337,Gallo,National Air Logistics Gateway Trade Lane Specialist,25/11/1975,25/02/2021,,White Collar,Permanent,Full Time,Fixed,Active,Medium,Male,47,"1 Years, 9 Months",1,36897.85,2,0.74,0.64,0.96,0,0,1,1,1,36897.85,0
7926,15800482,Bradshaw,Network Engineer,09/06/1982,24/06/2020,,White Collar,Permanent,Full Time,Flex and Fixed,Active,High,Female,40,"2 Years, 5 Months",2,67514.75,1,0.92,0.58,0.53,2,1,1,1,1,68892.6,0
7927,15732644,Evans,National Service Excellence Specialist- Air Logistics,03/11/1957,17/12/2015,30/04/2022,White Collar,Permanent,Full Time,Flex and Fixed,Terminated for Cause,Medium,Female,65,"6 Years, 4 Months",6,32951.56,2,0.26,0.66,0.89,6,0,0,1,1,36210.5,1
7928,15713426,Hancock,Gateway & Procurement Team Leader- Air Logistics,03/07/1985,17/06/2012,03/06/2015,White Collar,Permanent,Full Time,Fixed,Voluntarily Terminated,Medium,Male,37,"10  Years, 6 Months",10,32743.44,2,0.29,0.76,0.98,5,0,0,1,1,38980.29,1
7929,15640789,Butler,Senior DevOps Engineer,04/12/1957,24/08/1990,,White Collar,Permanent,Full Time,Flex and Fixed,Active,High,Male,65,"32 Years, 3 Months",32,49313.88,3,0.87,0.57,0.42,1,1,0,1,0,70448.4,0
7930,15598892,Bradshaw,Finance Analyst,06/02/1978,28/11/2019,,White Collar,Permanent,Full Time,Flex and Fixed,Active,Medium,Male,45,"3 Years, 0 Months",3,45651.24,2,0.44,0.49,0.87,1,1,0,0,0,49087.35,0
7931,15606436,Bergamaschi,Senior DevOps Engineer,11/01/1986,26/08/2012,,White Collar,Permanent,Full Time,Flex and Fixed,Active,High,Male,37,"10  Years, 3 Months",10,55097.9,4,0.08,0.81,0.51,4,1,0,0,0,68022.1,0
7932,15751227,Ebelegbulam,National Air Logistics Service Excellence Manager,26/02/1963,26/12/2002,,White Collar,Permanent,Full Time,Fixed,Active,High,Male,60,"19 Years, 11 Months",19,39409.74,4,0.66,0.42,0.48,1,1,0,0,0,41925.25,0
7933,15812365,Greco,Regional Air logistics Trainer Specialist,06/09/1971,09/11/2015,,White Collar,Permanent,Full Time,Fixed,Active,High,Male,51,"7 Years, 1 Months",7,29685.68,3,0.54,0.64,0.85,1,0,0,1,0,33354.7,0
7934,15616088,Lucas,Senior DevOps Engineer,24/03/1985,01/10/2018,,White Collar,Permanent,Full Time,Flex and Fixed,Active,High,Female,37,"4 Years, 2 Months",4,66421.87,3,0.27,0.49,0.59,2,1,1,0,0,69189.45,0
7935,15803886,Barber,Trucking Team Leader- Air Logistics,08/04/1989,16/02/2021,,White Collar,Permanent,Full Time,Fixed,Active,Medium,Male,33,"1  Years, 10 Months",1,39829.45,4,0.22,0.5,0.69,0,0,1,1,1,39829.45,0
7936,15587311,Dobbs,Analyst Programmer ,17/03/1974,31/10/2012,,White Collar,Permanent,Full Time,Flex and Fixed,Active,Medium,Male,48,"10 Years, 1 Months",10,52783.1,1,0.59,0.86,0.81,1,1,1,0,1,59980.79,0
7937,15617401,Thomson,Material Handler ,15/06/2002,25/09/2021,,Blue Collar,Fixed Term,Full Time,Fixed,Active,Medium,Male,20,"1  Years, 2 Months",1,26790.5,3,0.89,0.51,0.71,0,0,0,1,0,26790.5,0
7938,15775886,Su,IT-Support,20/11/1956,19/03/1983,06/08/2020,White Collar,Permanent,Full Time,Fixed,Voluntarily Terminated,Medium,Male,66,"37 Years, 4 Months",37,22652.34,1,0.53,0.49,0.99,6,0,0,1,0,39055.75,1
7939,15807305,Watkins,Pricing Analyst,06/04/1989,20/10/2015,,White Collar,Permanent,Full Time,Flex and Fixed,Active,Low,Male,33,"7 Years, 1 Months",7,47748.15,3,0.53,0.49,0.63,1,1,0,0,0,51342.1,0
7940,15761717,Ch'ien,IT System Engineer,26/01/1972,19/04/2014,,White Collar,Permanent,Full Time,Flex and Fixed,Active,Medium,Male,51,"8 Years, 7 Months",8,59133.42,3,0.26,0.51,0.59,2,1,0,1,0,67969.45,0
7941,15628008,Monds,Aerospace International Logistics Specialist,15/04/1966,10/11/2001,,Blue Collar,Permanent,Full Time,Fixed,Active,Low,Female,56,"21  Years, 1 Months",21,33099.7,3,0.48,0.64,0.52,2,0,0,0,0,35514.7,0
7942,15583755,McClemans,Regional Air logistics Trainer Specialist,02/03/1988,17/10/2021,,White Collar,Permanent,Full Time,Fixed,Active,High,Male,35,"1  Years, 2 Months",1,36930.5,3,0.5,0.62,0.85,0,0,1,1,1,36930.5,0
7943,15661409,Shen,Customer Care Specialist-Key Accounts,04/07/1958,06/01/2001,29/04/2021,White Collar,Permanent,Full Time,Fixed,Terminated for Cause,High,Female,64,"20 Years, 3 Months",20,24323.11,2,0.29,0.81,0.52,4,0,1,1,1,33782.1,1
7944,15774250,Gallo,Customer Brokerage Specialist,23/10/1956,25/11/2013,26/06/2021,Blue Collar,Permanent,Full Time,Fixed,Voluntarily Terminated,Medium,Male,66,"7 Years, 7 Months",7,32089.88,1,0.29,0.95,0.57,5,1,0,1,1,34505.25,1
7945,15681476,Foveaux,Business Analyst,04/03/1973,17/08/2015,06/02/2021,White Collar,Permanent,Full Time,Flex and Fixed,Voluntarily Terminated,High,Female,50,"5 Years, 5 Months",5,42170.71,1,0.27,0.41,0.66,6,1,1,0,1,49612.6,1
7946,15654870,Longo,Technical Support Engineer,10/04/1960,25/02/2001,,White Collar,Permanent,Full Time,Flex and Fixed,Active,Medium,Female,62,"21 Years, 9 Months",21,56173.08,2,0.37,0.87,0.68,2,1,1,1,0,60271.55,0
7947,15790448,Calabresi,National Air Logistics Pharma Compliance Specialist,22/09/1995,01/09/2014,,Blue Collar,Permanent,Full Time,Fixed,Active,Low,Female,27,"8 Years, 3 Months",8,29789.25,3,0.83,0.73,0.68,1,0,0,1,0,34240.52,0
7948,15785326,Randall,Accounts Payable,01/02/1999,17/08/2013,,White Collar,Permanent,Full Time,Fixed,Active,High,Female,24,"9 Years, 4 Months",9,28686.42,4,0.49,0.98,0.73,1,1,0,1,0,34150.5,0
7949,15592854,Garcia,Customer Servce Administrative Officer,18/02/1987,06/03/2012,,Blue Collar,Permanent,Full Time,Fixed,Active,Low,Male,36,"10 Years, 9 Months",10,32786.51,2,0.17,0.77,0.48,2,0,1,0,1,36429.45,0
7950,15617486,Sullivan,National Service Excellence Specialist- Air Logistics,30/06/1997,07/02/2016,20/11/2017,White Collar,Permanent,Full Time,Flex and Fixed,Voluntarily Terminated,High,Male,25,"1 Years, 9 Months",1,30793.2475,1,0.28,0.76,0.99,2,0,0,0,0,36227.35,1
7951,15806796,Higgins,Operations Specialist,13/12/1975,05/08/2015,,Blue Collar,Fixed Term,Full Time,Fixed,Active,High,Female,47,"7 Years, 4 Months",7,31061.18,2,0.27,0.52,0.93,1,0,1,1,1,35296.8,0
7952,15644699,Crawford,Regional Air logistics Trainer Specialist,29/10/1986,26/03/2014,,White Collar,Fixed Term,Full Time,Fixed,Active,High,Female,36,"8 Years, 8 Months",8,28462.73,3,0.29,0.72,0.63,6,0,0,1,0,33884.2,0
7953,15622305,Martin,Apprentice,26/11/2003,21/06/2022,,Blue Collar,Apprentice,Full Time,Fixed,Active,Low,Female,19,"0 Years, 5 Months",0,22910.5,2,0.09,0.41,0.56,0,0,1,1,1,22910.5,0
7954,15608209,Currey,Warehouse Quality Control Specialist - Air Logistics,28/01/1984,07/03/2015,,Blue Collar,Fixed Term,Full Time,Fixed,Active,High,Male,39,"7 Years, 9 Months",7,22037.04,1,0.58,0.9,0.56,3,0,0,1,0,24084.2,0
7955,15626898,Teng,Sea Logistics Pricing Coordinator,08/06/1977,13/01/2013,,White Collar,Fixed Term,Full Time,Fixed,Active,Low,Male,45,"9 Years, 11 Months",9,30583.06,3,0.45,0.96,0.9,2,0,0,0,0,36408.4,0
7956,15644297,Austin,Customer Brokerage Specialist,22/07/1969,22/11/1988,,Blue Collar,Fixed Term,Full Time,Fixed,Active,Medium,Male,53,"34 Years, 0 Months",34,27454.04,4,0.3,0.61,0.48,1,1,1,1,0,33480.54,0
7957,15731569,Hudson,Warehouse Shift Manager - Air Logistics,23/05/1982,11/06/2019,,White Collar,Fixed Term,Full Time,Fixed,Active,Medium,Male,40,"3 Years, 6 Months",3,54714.35,4,0.56,0.6,0.8,1,1,1,1,1,61476.8,0
7958,15582149,Ts'ui,Java Software Engineer ,19/07/1985,08/09/2017,,White Collar,Fixed Term,Full Time,Flex and Fixed,Active,High,Female,37,"5 Years, 3 Months",5,62510.86,4,0.85,0.5,0.76,1,1,1,1,1,65800.9,0
7959,15802483,Hancock,Trucking Specialist - Air Logistics,10/09/1961,02/09/1984,,Blue Collar,Fixed Term,Full Time,Fixed,Active,High,Male,61,"38 Years, 3 Months",38,30329.92,3,0.3,0.79,0.61,1,0,1,1,1,35267.35,0
7960,15686999,Nicholas,Transport Controller,02/01/1968,05/03/2012,,Blue Collar,Fixed Term,Full Time,Fixed,Active,High,Female,55,"10  Years, 9 Months",10,25759.45,3,0.78,0.68,0.69,1,0,0,1,0,27638.9,0
7961,15772479,Napolitano,Java Software Engineer ,04/09/1987,04/02/2017,,White Collar,Fixed Term,Full Time,Flex and Fixed,Active,High,Male,35,"5 Years, 10 Months",5,68048.98,1,0.13,0.85,0.59,2,1,0,0,0,71630.5,0
7962,15778884,Jamieson,Data Engineer,08/02/1957,07/12/1990,,White Collar,Fixed Term,Full Time,Flex and Fixed,Active,Low,Female,66,"32 Years, 0 Months",32,37952.89,2,0.14,0.9,0.62,2,1,1,1,1,69005.25,0
7963,15623630,Foster,Inside Sales Executive/ Account Manager,10/11/1977,12/06/2013,04/01/2022,White Collar,Fixed Term,Full Time,Flex and Fixed,Voluntarily Terminated,Medium,Female,45,"8 Years, 6 Months",8,27730.58,1,0.27,0.41,0.54,4,1,1,0,1,33012.6,1
7964,15774316,Moretti,Perishable Warehouse Specialist - Air Logistics,30/12/1981,23/10/2015,,Blue Collar,Fixed Term,Full Time,Fixed,Active,Low,Male,41,"7 Years, 1 Months",7,33680.65,3,0.18,0.61,0.76,2,0,1,1,1,36215.75,0
7965,15695097,Chiedozie,Transport Controller,05/05/1988,04/08/2021,,Blue Collar,Fixed Term,Full Time,Fixed,Active,High,Female,34,"1  Years, 4 Months",1,24883.26,2,0.26,0.91,0.61,1,0,0,0,0,26471.55,0
7966,15645404,Okwukwe,Human Resoruces Coordinator,04/06/1982,15/09/2022,,White Collar,Fixed Term,Full Time,Fixed,Active,Low,Female,40,"0 Years, 3 Months",0,35834.7,2,0.08,0.9,0.66,0,0,0,1,0,35834.7,0
7967,15750574,Lumholtz,Technical Support Engineer,28/10/1974,25/03/2022,,White Collar,Fixed Term,Full Time,Flex and Fixed,Active,Medium,Female,48,"0 Years, 8 Months",0,60549.45,1,0.88,0.74,0.99,0,1,1,1,1,60549.45,0
7968,15636812,Rose,Warehouse Quality Control Specialist - Air Logistics,14/01/1995,15/10/2017,,Blue Collar,Fixed Term,Full Time,Fixed,Active,Medium,Male,28,"5 Years, 2 Months",5,24532.99,3,0.28,0.76,0.75,3,0,0,0,0,25824.2,0
7969,15712068,Wan,Data Engineer,06/08/1973,15/04/2015,,White Collar,Fixed Term,Full Time,Flex and Fixed,Active,Medium,Male,49,"7 Years, 8 Months",7,61505.49,3,0.3,0.45,0.61,1,1,1,0,1,69892.6,0
7970,15652030,De Bernales,Pricing Analyst,09/04/1984,05/07/2012,11/02/2014,White Collar,Fixed Term,Full Time,Flex and Fixed,Voluntarily Terminated,Medium,Male,38,"10  Years, 5 Months",10,46217.37,1,0.22,0.73,0.63,5,1,0,1,1,49589.45,1
7971,15577398,Ch'eng,Warehouse Specialist - Air Logistics,20/12/1982,03/01/1997,,Blue Collar,Fixed Term,Full Time,Fixed,Active,Low,Male,40,"25  Years, 11 Months",25,20453.04,3,0.08,0.6,0.73,2,0,1,1,1,25566.3,0
7972,15756848,Edmondson,Sales Specialist-Air Logitics ,16/11/2001,20/11/2014,,Blue Collar,Fixed Term,Full Time,Fixed,Active,Low,Male,21,"8 Years, 0 Months",8,31433.43,3,0.3,0.8,0.77,3,0,1,0,1,36550.5,0
7973,15806929,Ch'ien,Network Engineer,19/10/1983,09/01/2016,,White Collar,Fixed Term,Full Time,Flex and Fixed,Active,High,Male,39,"6 Years, 11 Months",6,56077.6,3,0.89,0.53,0.7,1,1,1,1,1,65973.65,0
7974,15656005,Millar,Data Analyst,05/12/1966,14/08/2018,,White Collar,Fixed Term,Full Time,Flex and Fixed,Active,High,Male,56,"4  Years, 4 Months",4,35431.56,4,0.23,0.97,0.63,1,1,0,1,0,44289.45,0
7975,15722632,Dickson,Accounts Payable,03/07/1981,12/02/2014,14/11/2014,White Collar,Fixed Term,Full Time,Fixed,Voluntarily Terminated,Low,Male,41,"0 Years, 9 Months",0,31815.925,1,0.42,0.64,0.99,2,1,1,1,1,37430.5,1
7976,15794356,Toscani,Customer Servce Administrative Officer,17/11/1999,09/07/2018,,Blue Collar,Fixed Term,Full Time,Fixed,Active,Low,Male,23,"4 Years, 5 Months",4,31341,4,0.83,0.92,0.59,1,0,1,1,1,34066.3,0
7977,15659656,Pan,Accountant,31/05/1979,14/04/2016,,White Collar,Fixed Term,Full Time,Fixed,Active,Medium,Male,43,"6 Years, 8 Months",6,32068.02,4,0.29,0.6,0.57,1,1,0,0,0,37288.4,0
7978,15588341,Chigozie,National Perishable Air Logistics Development Manager Retail,31/08/1989,13/03/2015,,White Collar,Fixed Term,Full Time,Flex and Fixed,Active,Low,Male,33,"7 Years, 9 Months",7,33787.8,2,0.74,1,0.6,2,1,1,0,0,37129.45,0
7979,15709142,Sagese,Human Resoruces Coordinator,12/05/1983,25/03/2015,,White Collar,Fixed Term,Full Time,Fixed,Active,Medium,Female,39,"7 Years, 8 Months",7,30541.95,1,0.23,0.69,0.63,2,0,0,1,0,34316.8,0
7980,15627042,Reilly,Road Logistics Sales Representative,28/10/2004,18/03/2021,,White Collar,Fixed Term,Full Time,Fixed,Active,Low,Female,18,"1  Years, 9 Months",1,35129.9,3,0.14,0.53,0.45,1,0,0,1,0,36593.65,0
7981,15627517,Taylor,Business Development Executive,02/06/1966,17/07/2005,,White Collar,Fixed Term,Full Time,Flex and Fixed,Active,High,Male,56,"17 Years, 5 Months",17,35532.13,3,0.65,0.63,0.58,2,0,0,0,0,42300.15,0
7982,15803032,Yen,Warehouse Specialist - Air Logistics,07/10/1984,08/06/2012,,Blue Collar,Fixed Term,Full Time,Fixed,Active,High,Male,38,"10  Years, 6 Months",10,20577.31,3,0.85,0.57,0.89,5,0,0,0,0,24496.8,0
7983,15665129,Kapustin,Recruiter,28/07/1956,26/03/2012,,White Collar,Fixed Term,Full Time,Fixed,Active,High,Male,66,"10  Years, 8 Months",10,36867.42,3,0.27,0.79,0.45,3,0,1,0,1,40513.65,0
7984,15628272,Singh,Accounts Payable,16/07/1975,02/09/2020,,White Collar,Fixed Term,Full Time,Fixed,Active,High,Female,47,"2 Years, 3 Months",2,31634.35,4,0.6,0.68,0.92,1,1,0,1,0,32279.95,0
7985,15678206,Yeh,Revenue Care Specialist- Air Logistics,01/08/1963,17/11/2011,,White Collar,Fixed Term,Full Time,Fixed,Active,High,Male,59,"11 Years, 1 Months",11,36191.14,4,0.67,0.56,0.61,1,1,0,1,0,40664.2,0
7986,15678427,Genovese,Customer Brokerage Specialist,13/11/1966,21/03/1988,,Blue Collar,Fixed Term,Full Time,Fixed,Active,High,Female,56,"34 Years, 8 Months",34,34757.98,3,0.98,0.48,0.51,2,1,1,1,1,36587.35,0
7987,15678067,Boyle,Accounts Payable,06/01/1991,02/10/2015,,White Collar,Fixed Term,Full Time,Fixed,Active,Low,Male,32,"7 Years, 2 Months",7,32715.65,4,0.28,0.59,0.67,3,1,0,0,0,37604.2,0
7988,15793331,Blair,BI Developer,30/03/1979,17/05/2014,,White Collar,Fixed Term,Full Time,Flex and Fixed,Active,Medium,Male,43,"8 Years, 7 Months",8,56999.62,3,0.58,0.56,0.76,2,1,0,1,0,65516.8,0
7989,15699532,Okagbue,Gateway & Procurement Team Leader- Air Logistics,10/06/2000,13/01/2013,,White Collar,Fixed Term,Full Time,Fixed,Active,Medium,Male,22,"9 Years, 11 Months",9,35036.36,3,0.81,0.98,0.87,2,0,1,0,1,40739.95,0
7990,15605827,Khan,Customer Servce Administrative Officer,26/08/1973,19/01/2020,,Blue Collar,Fixed Term,Full Time,Fixed,Active,High,Male,49,"2 Years, 10 Months",2,32135.72,1,0.55,0.78,0.45,2,0,0,0,0,32791.55,0
7991,15643635,Robertson,IT-Support,17/04/1977,13/11/2018,,White Collar,Fixed Term,Full Time,Fixed,Active,High,Male,45,"4 Years, 1 Months",4,37254.16,4,0.99,0.6,0.58,1,0,0,0,0,40493.65,0
7992,15787710,Tikhonov,National Air Logistics Pharma Compliance Specialist,29/01/1965,08/09/2012,,Blue Collar,Fixed Term,Full Time,Fixed,Active,High,Female,58,"10 Years, 3 Months",10,28308.57,3,0.16,0.52,0.54,3,0,0,1,0,33304.2,0
7993,15614137,MacDonald,Software Engineer,13/06/1958,17/11/2004,,White Collar,Fixed Term,Full Time,Flex and Fixed,Active,High,Female,64,"18 Years, 1 Months",18,56268.6,4,0.15,0.67,0.72,10,1,0,1,0,70335.75,0
7994,15754494,Ah Mouy,Customer Care Specialist-Key Accounts,02/04/1981,26/07/2019,,White Collar,Fixed Term,Full Time,Fixed,Active,Low,Female,41,"3 Years, 4 Months",3,32584.82,2,0.99,0.59,0.6,2,0,0,1,0,33592.6,0
7995,15713440,Barese,Accounts Payable,05/07/1977,27/09/2013,01/08/2016,White Collar,Fixed Term,Full Time,Fixed,Voluntarily Terminated,Low,Female,45,"2 Years, 10 Months",2,30212.23,2,0.18,0.57,0.58,4,1,1,1,1,35130.5,1
7996,15803479,Winter-Irving,Customer Servce Administrative Officer,03/08/1991,12/09/2018,,Blue Collar,Fixed Term,Full Time,Fixed,Active,Medium,Female,31,"4 Years, 3 Months",4,31390.64,4,0.16,0.7,0.85,3,0,1,0,1,34120.26,0
7997,15709639,Wilson,Perishable Warehouse Specialist - Air Logistics,11/03/1980,02/05/2016,,Blue Collar,Fixed Term,Full Time,Fixed,Active,Medium,Female,42,"6 Years, 7 Months",6,33854.02,3,0.74,0.73,0.62,2,0,1,1,1,36797.85,0
7998,15601719,Fiorentino,Business Analyst,07/05/1974,10/03/2013,,White Collar,Fixed Term,Full Time,Flex and Fixed,Active,High,Male,48,"9 Years, 9 Months",9,43065.46,1,0.09,0.61,0.86,3,1,0,1,0,51268.4,0
7999,15772482,Iloerika,Road Logistics Sales Representative,21/03/2003,16/06/2009,05/02/2013,White Collar,Fixed Term,Full Time,Fixed,Voluntarily Terminated,Low,Male,19,"3 Years, 7 Months",3,26542.355,2,0.25,0.95,0.96,2,0,0,1,1,31226.3,1
8000,15591489,Davison,Transport Controller,01/09/2003,01/09/2020,,Blue Collar,Fixed Term,Full Time,Fixed,Active,Medium,Male,19,"2 Years, 3 Months",2,26315.55,1,0.3,0.85,0.55,2,0,0,0,0,26852.6,0
8001,15629002,Hamilton,National Perishable Air Logistics Development Manager Seafood,01/03/1960,16/08/2021,,White Collar,Fixed Term,Full Time,Flex and Fixed,Active,Medium,Male,63,"1 Years, 4 Months",1,34600.3,4,0.46,0.72,0.9,0,1,1,1,0,34600.3,0
8002,15798053,Nnachetam,Perishable Warehouse Specialist - Air Logistics,19/03/1985,08/04/2015,,Blue Collar,Fixed Term,Full Time,Fixed,Active,Low,Male,37,"7 Years, 8 Months",7,33368.86,1,0.26,0.84,0.66,4,0,0,1,0,36270.5,0
8003,15753895,Blue,Sales Account Manager,08/01/2000,10/03/2018,,White Collar,Fixed Term,Full Time,Fixed,Active,Low,Male,23,"4 Years, 9 Months",4,33830.35,3,0.2,0.57,0.47,1,1,0,0,0,35239.95,0
8004,15595426,Madukwe,Accounts Payable,17/03/1996,27/07/2009,26/01/2017,White Collar,Fixed Term,Full Time,Fixed,Voluntarily Terminated,Low,Male,26,"7 Years, 5 Months",7,32595.44,2,0.13,0.69,0.69,4,1,1,1,1,34973.65,1
8005,15645815,Mills,Customer Servce Administrative Officer,31/08/1987,01/01/2014,,Blue Collar,Fixed Term,Full Time,Fixed,Active,High,Male,35,"8 Years, 11 Months",8,26394.56,4,0.09,0.57,0.68,1,0,1,1,1,31422.1,0
8006,15632848,Ferrari,Accountant,12/01/1987,01/06/2019,,White Collar,Fixed Term,Full Time,Fixed,Active,Low,Female,36,"3 Years, 6 Months",3,31850.46,2,0.26,0.52,0.59,1,1,0,1,0,35000.5,0
8007,15703068,Nixon,Customer Servce Administrative Officer,21/07/1981,11/09/2019,,Blue Collar,Fixed Term,Full Time,Fixed,Active,Medium,Male,41,"3 Years, 3 Months",3,31318.07,2,0.74,0.56,0.55,2,0,1,1,1,34797.85,0
8008,15791513,Manfrin,Java Software Engineer ,05/04/1981,21/05/2021,01/06/2022,White Collar,Fixed Term,Full Time,Flex and Fixed,Voluntarily Terminated,High,Male,41,"1  Years, 6 Months",1,56516.0325,2,0.43,0.75,0.74,2,1,1,1,1,66489.45,1
8009,15587210,McCartney,Sales Account Manager,09/07/1996,12/01/2016,,White Collar,Fixed Term,Full Time,Fixed,Active,Medium,Female,26,"6 Years, 11 Months",6,31918.2,1,0.3,0.98,0.75,2,1,0,1,0,35863.15,0
8010,15793803,Robinson,Data Engineer,08/05/1955,24/10/1994,,White Collar,Fixed Term,Full Time,Flex and Fixed,Active,Low,Male,67,"28  Years, 1 Months",28,44966.13,3,0.5,0.48,0.55,3,1,0,0,0,68130.5,0
8011,15787756,Nkemdirim,Forklift Operator,08/09/2003,14/09/2020,28/04/2022,Blue Collar,Fixed Term,Full Time,Fixed,Voluntarily Terminated,High,Male,19,"1 Years, 7 Months",1,24930.84,2,0.27,0.35,0.67,5,0,0,1,0,26807.35,1
8012,15723437,Sal,Sales Account Manager,28/09/1979,15/12/2017,,White Collar,Fixed Term,Full Time,Fixed,Active,Medium,Female,43,"5 Years, 0 Months",5,34027.44,4,0.2,0.66,0.93,1,1,1,1,1,35445.25,0
8013,15702715,Kao,Data Analyst,12/03/1959,19/04/2004,,White Collar,Fixed Term,Full Time,Flex and Fixed,Active,Medium,Female,64,"18 Years, 7 Months",18,38719.19,4,0.91,0.79,0.9,2,1,1,1,1,50946.3,0
8014,15809872,Ikechukwu,Warehouse Specialist - Air Logistics,30/05/1977,21/08/2013,,Blue Collar,Fixed Term,Full Time,Fixed,Active,Medium,Male,45,"9 Years, 3 Months",9,20582.65,2,0.18,0.86,0.53,3,0,0,1,0,24503.15,0
8015,15644295,Hargreaves,Trucking Specialist - Air Logistics,28/06/1980,09/02/2014,,Blue Collar,Fixed Term,Full Time,Fixed,Active,Low,Female,42,"8 Years, 10 Months",8,30302.75,1,0.29,0.88,1,1,0,1,1,1,36074.7,0
8016,15778694,Sievier,Customer Brokerage Specialist,11/08/1968,03/02/2002,,Blue Collar,Fixed Term,Full Time,Fixed,Active,High,Female,54,"20 Years, 10 Months",20,31426.35,1,0.09,0.83,0.64,2,1,1,1,1,35310.5,0
8017,15759555,Murphy,Warehouse Quality Control Specialist - Air Logistics,21/10/1960,16/10/2002,,Blue Collar,Fixed Term,Full Time,Fixed,Active,High,Male,62,"20 Years, 2 Months",20,24297.97,2,0.17,0.8,0.64,2,0,0,1,0,25049.45,0
8018,15631406,Munro,Perishable Warehouse Specialist - Air Logistics,16/01/2001,16/05/2018,,Blue Collar,Fixed Term,Full Time,Fixed,Active,Medium,Male,22,"4 Years, 7 Months",4,32130.19,3,0.7,0.64,0.69,1,0,0,1,0,34181.05,0
8019,15616676,Donnelly,Java Software Engineer ,20/03/1982,21/04/2019,22/03/2022,White Collar,Fixed Term,Full Time,Flex and Fixed,Voluntarily Terminated,Low,Male,40,"2 Years, 11 Months",2,66914.67,2,0.3,0.42,0.59,5,1,0,1,0,68984.2,1
8020,15771154,North,Perishable Warehouse Specialist - Air Logistics,04/10/1989,15/06/2019,,Blue Collar,Fixed Term,Full Time,Fixed,Active,Medium,Female,33,"3 Years, 6 Months",3,30052.02,3,0.09,0.67,0.61,2,0,1,1,1,33024.2,0
8021,15669491,Cruz,Perishable Apprentice- Air Logistics,23/06/2001,12/09/2022,,Blue Collar,Apprentice,Full Time,Fixed,Active,Low,Female,21,"0 Years, 3 Months",0,22699.95,1,0.29,0.75,0.7,0,0,1,1,1,22699.95,0
8022,15697691,Sinclair,Software Engineer,09/12/1978,29/11/2013,,White Collar,Fixed Term,Full Time,Flex and Fixed,Active,High,Female,44,"9 Years, 0 Months",9,59593.44,3,0.11,0.65,0.95,3,1,1,1,1,69294.7,0
8023,15665180,Vasiliev,Accounting Coordinator,10/11/1971,16/08/2017,01/10/2020,White Collar,Fixed Term,Full Time,Fixed,Voluntarily Terminated,Medium,Female,51,"3 Years, 1 Months",3,33191.01,2,0.46,0.98,0.98,5,1,0,1,1,36878.9,1
8024,15752588,Vasilyeva,Perishable Customer Care Team Leader - Air Logistics,18/10/1984,17/03/2018,,White Collar,Fixed Term,Full Time,Fixed,Active,Low,Male,38,"4 Years, 9 Months",4,41164.75,4,0.85,0.68,0.8,2,0,1,1,1,42879.95,0
8025,15743051,Hamilton,Project Manager,10/07/1965,07/06/1985,,White Collar,Fixed Term,Full Time,Flex and Fixed,Active,Medium,Male,57,"37 Years, 6 Months",37,38154.84,1,0.69,0.52,0.37,2,1,1,1,1,41928.4,0
8026,15571873,Sung,Cloud Service Analyst,14/10/1975,03/07/2015,,White Collar,Fixed Term,Full Time,Flex and Fixed,Active,High,Male,47,"7 Years, 5 Months",7,51144.49,4,0.93,0.68,0.93,2,1,1,1,1,60886.3,0
8027,15679743,Genovesi,Road Logistics Sales Representative,23/02/2003,06/02/2021,,White Collar,Fixed Term,Full Time,Fixed,Active,Medium,Female,20,"1 Years, 10 Months",1,35075.75,2,0.69,0.92,0.74,0,0,1,0,1,35075.75,0
8028,15769412,Atkinson,Regional Air logistics Trainer Specialist,06/03/1958,03/01/2015,03/02/2021,White Collar,Fixed Term,Full Time,Fixed,Terminated for Cause,High,Male,65,"6 Years, 1 Months",6,29092.68,2,0.23,0.86,0.79,5,0,0,0,1,32688.4,1
8029,15775124,Watterston,Perishable Customer Care Team Leader - Air Logistics,11/06/1988,11/12/2017,,White Collar,Fixed Term,Full Time,Fixed,Active,Medium,Male,34,"5 Years, 0 Months",5,41012.67,3,0.83,0.5,0.99,1,0,1,1,1,43630.5,0
8030,15732113,Butters,Stock Investigator & Analyst,09/08/1969,13/08/1993,,White Collar,Fixed Term,Full Time,Flex and Fixed,Active,Low,Male,53,"29 Years, 4 Months",29,41023.35,3,0.23,0.65,0.37,1,1,1,0,1,46093.65,0
8031,15578141,Chien,Sales Account Manager,21/06/1975,12/03/2012,22/10/2017,White Collar,Fixed Term,Full Time,Fixed,Voluntarily Terminated,Low,Male,47,"10  Years, 9 Months",10,31117.99,2,0.16,0.43,0.97,4,1,1,1,1,37491.55,1
8032,15595874,Gorbunova,Accountant,12/08/1978,18/04/2012,,White Collar,Fixed Term,Full Time,Fixed,Active,High,Female,44,"10  Years, 8 Months",10,29783.34,4,0.36,0.66,0.95,2,1,0,1,0,33092.6,0
8033,15755642,Bulgakov,Gateway & Procurement Team Leader- Air Logistics,27/06/1979,25/04/2016,,White Collar,Fixed Term,Full Time,Fixed,Active,Low,Male,43,"6 Years, 7 Months",6,34804.36,4,0.41,0.58,0.71,2,0,1,1,1,40946.3,0
8034,15576526,Steele,Sea Logiscitcs Customer Care Specialist ,14/07/1968,13/04/2019,,Blue Collar,Fixed Term,Full Time,Fixed,Active,High,Male,54,"3 Years, 8 Months",3,33329.26,3,0.56,0.55,0.97,2,0,1,0,1,34009.45,0
8035,15792489,Polyakova,Perishable Customer Care Team Leader - Air Logistics,17/04/1980,16/05/2021,,White Collar,Fixed Term,Full Time,Fixed,Active,Medium,Male,42,"1  Years, 7 Months",1,37734.06,3,0.12,0.9,0.53,1,0,0,1,0,39720.06,0
8036,15733705,Bull,Analyst Programmer ,01/03/1960,12/09/2019,,White Collar,Fixed Term,Full Time,Flex and Fixed,Active,High,Female,63,"3 Years, 3 Months",3,58463.4,2,0.27,0.75,0.71,1,1,1,0,0,60271.55,0
8037,15807221,Weaver,Account Manager ,06/05/1981,08/08/2017,,White Collar,Fixed Term,Full Time,Fixed,Active,Medium,Male,41,"5 Years, 4 Months",5,35340.57,3,0.5,0.9,0.63,2,1,0,0,0,37200.6,0
8038,15573045,Earl,Account Manager ,30/08/1981,06/05/2020,,White Collar,Fixed Term,Full Time,Fixed,Active,Low,Male,41,"2 Years, 7 Months",2,28481.87,1,0.5,0.53,0.54,1,1,1,1,1,32002.1,0
8039,15756824,Giordano,Software Engineer,13/01/1967,27/01/2011,,White Collar,Fixed Term,Full Time,Flex and Fixed,Active,Medium,Female,56,"11 Years, 10 Months",11,54736.27,3,0.52,0.86,0.57,2,1,0,1,0,66751.55,0
8040,15773520,Begg,Account Manager ,12/06/1982,08/11/2017,,White Collar,Fixed Term,Full Time,Fixed,Active,Low,Female,40,"5 Years, 1 Months",5,33768.99,4,0.88,0.56,0.84,3,1,1,1,1,35546.3,0
8041,15627439,Pickering,Apprentice,27/09/2001,28/01/2022,,Blue Collar,Apprentice,Full Time,Fixed,Active,Medium,Female,21,"0 Years, 10 Months",0,23003.15,2,0.6,0.54,0.63,0,0,1,1,1,23003.15,0
8042,15701439,Fanucci,Warehouse Specialist - Air Logistics,29/01/1964,09/03/1993,21/11/2018,Blue Collar,Fixed Term,Full Time,Fixed,Voluntarily Terminated,High,Female,59,"25 Years, 8 Months",25,22255.26,2,0.11,0.36,0.8,4,0,0,1,0,24190.5,1
8043,15785352,Chang,Finance Analyst,03/10/1964,05/08/1998,23/02/2020,White Collar,Fixed Term,Full Time,Flex and Fixed,Voluntarily Terminated,High,Male,58,"21 Years, 6 Months",21,46945.16,2,0.12,0.82,0.59,4,1,0,0,0,51027.35,1
8044,15616525,Sopuluchi,Cloud Service Analyst,25/01/1979,22/01/2012,,White Collar,Fixed Term,Full Time,Flex and Fixed,Active,Low,Male,44,"10  Years, 10 Months",10,48216.3,3,0.47,0.49,0.42,5,1,0,0,0,59526.3,0
8045,15717489,Martin,Gateway & Procurement Team Leader- Air Logistics,02/12/1990,25/12/2016,24/05/2022,White Collar,Fixed Term,Full Time,Fixed,Voluntarily Terminated,Low,Male,32,"5 Years, 4 Months",5,36661.97,2,0.58,0.77,0.97,4,0,0,1,0,38591.55,1
8046,15795737,McNaughtan,Finance Analyst,07/02/1978,07/05/2018,,White Collar,Fixed Term,Full Time,Flex and Fixed,Active,Medium,Female,45,"4 Years, 7 Months",4,47426.43,2,0.81,0.64,0.83,1,1,1,1,1,50453.65,0
8047,15693877,Stewart,Accounting Coordinator,01/06/1979,22/02/2014,,White Collar,Fixed Term,Full Time,Fixed,Active,Medium,Female,43,"8 Years, 9 Months",8,32219.37,2,0.16,0.93,0.53,3,1,0,0,0,35021.05,0
8048,15576111,Reagan,Gateway & Procurement Team Leader- Air Logistics,04/03/1997,16/09/2014,,White Collar,Fixed Term,Full Time,Fixed,Active,Medium,Male,26,"8 Years, 3 Months",8,37392.66,3,0.56,0.96,0.94,2,0,0,1,0,40644.2,0
8049,15595713,Heller,Customer Care Specialist-Key Accounts,17/07/1971,29/05/2017,,White Collar,Fixed Term,Full Time,Fixed,Active,Medium,Male,51,"5 Years, 6 Months",5,28584.89,4,0.79,0.6,0.97,2,0,1,1,1,32117.85,0
8050,15808868,Nwokeocha,Technical Support Engineer,07/06/1962,25/12/1984,,White Collar,Fixed Term,Full Time,Flex and Fixed,Active,Low,Female,60,"37 Years, 11 Months",37,51379.94,4,0.26,0.58,0.55,2,1,0,0,0,58386.3,0
8051,15708193,Liu,Accountant,17/08/1971,08/12/2017,,White Collar,Fixed Term,Full Time,Fixed,Active,Medium,Male,51,"5 Years, 0 Months",5,30095.08,3,0.58,0.52,0.49,1,1,0,0,0,33814.7,0
8052,15697801,Sokolova,Revenue Care Specialist- Air Logistics,21/05/1986,17/10/2008,29/10/2016,White Collar,Fixed Term,Full Time,Fixed,Voluntarily Terminated,Low,Female,36,"8 Years, 0 Months",8,39697.49,1,0.27,0.44,0.79,4,1,1,1,1,43149.45,1
8053,15770121,Bancroft,Perishable Customer Care Team Leader - Air Logistics,02/01/1984,04/07/2019,,White Collar,Fixed Term,Full Time,Fixed,Active,Medium,Female,39,"3 Years, 5 Months",3,39409.55,2,0.14,0.64,0.99,1,0,0,1,0,40628.4,0
8054,15800524,Nnanna,Accounts Payable,10/04/1983,05/10/2022,,White Collar,Fixed Term,Full Time,Fixed,Active,High,Male,39,"0 Years, 2 Months",0,37383.15,3,0.49,0.93,0.59,0,1,0,1,0,37383.15,0
8055,15686236,Trevisani,Transport Controller,14/02/1955,02/02/2021,24/06/2021,Blue Collar,Fixed Term,Full Time,Fixed,Voluntarily Terminated,Medium,Female,68,"0 Years, 4 Months",0,21802.925,2,0.29,0.76,0.49,2,0,0,1,0,25650.5,1
8056,15659807,Nwachinemelu,Aerospace International Logistics Specialist,11/04/1983,26/06/2015,,Blue Collar,Fixed Term,Full Time,Fixed,Active,Low,Male,39,"7 Years, 5 Months",7,32187.16,3,0.23,0.5,0.54,2,0,1,1,1,35370.5,0
8057,15736078,Ting,Transport Controller,26/03/1966,30/03/1998,30/08/2013,Blue Collar,Fixed Term,Full Time,Fixed,Voluntarily Terminated,High,Female,56,"15 Years, 5 Months",15,26970.47,2,0.27,0.79,0.55,4,0,0,1,0,29000.5,1
8058,15620836,Lo Duca,Business Analyst,26/06/1980,12/09/2018,,White Collar,Fixed Term,Full Time,Flex and Fixed,Active,Medium,Female,42,"4 Years, 3 Months",4,42759.04,4,0.27,0.97,0.95,3,1,0,1,0,44540.67,0
8059,15698184,Marshall,National Air Logistics Pharma Compliance Specialist,18/07/1987,18/11/2013,,Blue Collar,Fixed Term,Full Time,Fixed,Active,Medium,Female,35,"9 Years, 1 Months",9,31130.15,1,0.3,0.6,0.49,3,0,0,0,0,36197.85,0
8060,15717643,Band,Perishable Warehouse Specialist - Air Logistics,12/05/1974,01/08/2013,,Blue Collar,Fixed Term,Full Time,Fixed,Active,Low,Female,48,"9 Years, 4 Months",9,28817.22,2,0.28,0.84,0.73,3,0,1,1,1,33508.4,0
8061,15776596,Ferri,Sea Logistics Pricing Coordinator,03/03/1994,25/09/2018,10/03/2022,White Collar,Fixed Term,Full Time,Fixed,Voluntarily Terminated,Medium,Female,29,"3 Years, 5 Months",3,32675.33,2,0.55,0.5,0.99,5,0,0,1,1,34036.8,1
8062,15814757,Carter,Accounting Coordinator,05/11/1960,14/05/2013,,White Collar,Fixed Term,Full Time,Fixed,Active,High,Male,62,"9  Years, 7 Months",9,30661.46,3,0.28,0.7,0.91,2,1,1,0,0,37853.65,0
8063,15812607,Wilson,Perishable Customer Care Team Leader - Air Logistics,03/05/1997,15/09/2015,03/10/2018,White Collar,Fixed Term,Full Time,Fixed,Voluntarily Terminated,Medium,Female,25,"3 Years, 0 Months",3,35928.1,2,0.29,0.24,0.91,5,0,1,1,1,42771.55,1
8064,15663888,Connor,National Perishable Air Logistics Development Manager Retail,24/08/1997,16/05/2018,,White Collar,Fixed Term,Full Time,Flex and Fixed,Active,Medium,Male,25,"4 Years, 7 Months",4,28565.22,1,0.41,0.51,0.58,2,1,0,1,0,32095.75,0
8065,15748882,Reid,Accounting Coordinator,11/01/1961,25/11/2006,,White Collar,Fixed Term,Full Time,Fixed,Active,Low,Male,62,"16 Years, 0 Months",16,31055.12,4,0.27,0.5,0.88,1,1,0,1,0,33392.6,0
8066,15690829,Sandefur,Accounting Coordinator,06/02/1986,13/10/1991,26/10/2018,White Collar,Fixed Term,Full Time,Fixed,Voluntarily Terminated,Medium,Male,37,"27 Years, 0 Months",27,34462.97,2,0.1,0.66,0.36,5,1,0,1,0,35166.3,1
8067,15695819,Bidwill,Transport Controller,22/07/2001,17/08/2017,,Blue Collar,Fixed Term,Full Time,Fixed,Active,Low,Male,21,"5 Years, 4 Months",5,23075.98,2,0.26,0.97,0.77,3,0,0,1,0,24290.5,0
8068,15696834,Cone,Data Engineer,14/01/1974,12/07/2014,,White Collar,Fixed Term,Full Time,Flex and Fixed,Active,Medium,Female,49,"8 Years, 5 Months",8,60381.28,1,0.9,0.61,0.5,3,1,0,0,0,71036.8,0
8069,15797710,Saunders,Inside Sales Executive/ Account Manager,05/02/1961,13/08/2005,,White Collar,Fixed Term,Full Time,Flex and Fixed,Active,Medium,Male,62,"17 Years, 4 Months",17,32672.82,3,0.3,0.77,0.49,1,1,1,0,1,35904.2,0
8070,15700654,Liardet,Warehouse Quality Control Specialist - Air Logistics,16/09/1994,14/12/2016,,Blue Collar,Fixed Term,Full Time,Fixed,Active,Medium,Male,28,"6 Years, 0 Months",6,26097.97,2,0.27,0.74,0.64,3,0,0,1,0,27471.55,0
8071,15583764,Wilkes,Business Development Manager,04/10/1992,13/06/2013,,White Collar,Fixed Term,Full Time,Flex and Fixed,Active,Medium,Male,30,"9 Years, 6 Months",9,42924.96,1,0.65,0.92,0.98,1,1,0,0,0,50499.95,0
8072,15688849,Martin,Project Manager,18/09/1991,04/05/1995,27/08/2015,White Collar,Fixed Term,Full Time,Flex and Fixed,Voluntarily Terminated,Medium,Male,31,"20 Years, 3 Months",20,41702.18,2,0.19,0.78,0.99,4,1,1,1,1,44841.05,1
8073,15661473,Boni,Accounting Coordinator,26/03/1982,17/10/1997,22/08/2021,White Collar,Fixed Term,Full Time,Fixed,Terminated for Cause,High,Male,40,"23 Years, 10 Months",23,24809.04,1,0.28,0.56,0.57,6,1,0,1,0,37589.45,1
8074,15601030,Patel,Java Software Engineer ,12/05/1987,24/02/2020,,White Collar,Permanent,Full Time,Flex and Fixed,Active,Medium,Female,35,"2 Years, 9 Months",2,60784.15,3,0.56,0.82,0.63,2,1,1,1,1,68296.8,0
8075,15789557,Howell-Price,Material Handler ,13/10/2002,28/09/2021,,Blue Collar,Fixed Term,Full Time,Fixed,Active,Medium,Female,20,"1  Years, 2 Months",1,23578.61,3,0.87,0.61,0.98,1,0,1,1,1,24561.05,0
8076,15745250,Simpson,Project Coordinator,16/07/1965,14/10/2002,12/01/2017,White Collar,Permanent,Full Time,Fixed,Voluntarily Terminated,Low,Male,57,"14 Years, 2 Months",14,30381.3,2,0.3,0.69,0.85,5,0,0,0,0,34524.2,1
8077,15590349,Rowland,BI Developer,21/04/1982,09/10/1995,24/03/2022,White Collar,Permanent,Full Time,Flex and Fixed,Terminated for Cause,High,Female,40,"26 Years, 5 Months",26,44354.94,2,0.28,0.78,0.83,5,1,0,0,0,63364.2,1
8078,15741693,Barnard,Accountant,24/08/1994,23/11/2012,,White Collar,Permanent,Full Time,Fixed,Active,Medium,Male,28,"10  Years, 0 Months",10,26984.59,2,0.26,0.67,0.86,2,1,1,1,1,32511.55,0
8079,15618446,Nnonso,Perishable Customer Care Team Leader - Air Logistics,18/05/1982,19/08/2016,,White Collar,Permanent,Full Time,Fixed,Active,High,Female,40,"6 Years, 3 Months",6,39944.03,1,0.54,0.77,0.91,3,0,1,1,1,42493.65,0
8080,15766552,Rossi,Recruiter,15/05/1979,23/02/1998,,White Collar,Permanent,Full Time,Fixed,Active,Low,Male,43,"24  Years, 9 Months",24,30276.95,4,0.16,0.8,0.63,2,0,0,0,0,38325.25,0
8081,15668775,Pendred,Warehouse Specialist - Air Logistics,20/10/1987,30/08/2020,,Blue Collar,Fixed Term,Full Time,Fixed,Active,High,Male,35,"2 Years, 3 Months",2,25299.91,3,0.16,0.51,0.51,1,0,0,1,0,27802.1,0
8082,15757895,Martin,Technical Support Engineer,12/06/1971,08/06/2015,,White Collar,Permanent,Full Time,Flex and Fixed,Active,High,Male,51,"7 Years, 6 Months",7,52875.78,1,0.1,0.77,0.52,1,1,1,0,1,58105.25,0
8083,15774551,K?,Transport Controller,07/01/1972,16/07/2018,,Blue Collar,Fixed Term,Full Time,Fixed,Active,High,Male,51,"4 Years, 5 Months",4,26972.93,4,0.55,0.65,0.71,3,0,1,1,1,28096.8,0
8084,15684011,Miller,National Service Excellence Specialist- Air Logistics,18/10/1985,24/08/2017,,White Collar,Permanent,Full Time,Flex and Fixed,Active,Low,Male,37,"5 Years, 3 Months",5,29149.67,4,0.24,0.58,0.53,1,0,1,0,1,32032.6,0
8085,15736146,Afamefula,Trucking Specialist - Air Logistics,23/04/1999,09/02/2015,,Blue Collar,Permanent,Full Time,Fixed,Active,Medium,Male,23,"7 Years, 10 Months",7,29134.39,2,0.4,0.67,0.39,2,0,1,1,1,34275.75,0
8086,15656286,Sims,IT System Engineer,06/09/1963,09/08/1998,,White Collar,Permanent,Full Time,Flex and Fixed,Active,High,Male,59,"24 Years, 4 Months",24,58626.61,4,0.1,0.61,0.39,4,1,0,0,0,65872.6,0
8087,15774847,Knight,National Service Excellence Specialist- Air Logistics,02/03/1965,05/02/2006,,White Collar,Permanent,Full Time,Flex and Fixed,Active,High,Male,58,"16 Years, 10 Months",16,32288.89,4,0.51,0.78,0.66,1,0,0,0,0,35288.4,0
8088,15619340,Obijiaku,Gateway & Procurement Team Leader- Air Logistics,14/04/1984,24/11/2012,,White Collar,Permanent,Full Time,Fixed,Active,High,Male,38,"10  Years, 0 Months",10,33479.29,3,0.38,0.58,0.83,3,0,0,1,0,40828.4,0
8089,15815656,Hopkins,Software Engineer,27/11/1991,18/12/1999,18/09/2020,White Collar,Permanent,Full Time,Flex and Fixed,Voluntarily Terminated,High,Female,31,"20 Years, 9 Months",20,59561.11,2,0.48,0.63,0.59,5,1,1,1,1,68461.05,1
8090,15623357,Onio,Sales Specialist-Air Logitics ,06/11/2002,13/11/2021,,Blue Collar,Permanent,Full Time,Fixed,Active,High,Male,20,"1  Years, 1 Months",1,31583.95,4,0.37,0.63,0.51,1,0,1,0,0,33599.95,0
8091,15601324,Black,Data Analyst,05/05/1971,22/02/2012,,White Collar,Permanent,Full Time,Flex and Fixed,Active,Medium,Female,51,"10  Years, 9 Months",10,44873.01,3,0.25,0.59,0.55,1,1,1,1,0,49858.9,0
8092,15715510,Eluemuno,Analyst Programmer ,02/08/1990,03/09/2020,,White Collar,Permanent,Full Time,Flex and Fixed,Active,High,Male,32,"2 Years, 3 Months",2,60774.41,4,0.72,0.6,0.9,2,1,1,1,1,62014.7,0
8093,15663770,Doyle,Transport Controller,21/04/1986,19/10/2012,,Blue Collar,Fixed Term,Full Time,Fixed,Active,High,Male,36,"10  Years, 1 Months",10,20824.24,3,0.97,0.93,0.9,3,0,1,1,1,25089.45,0
8094,15779267,Onyemere,National Air Logistics Gateway Trade Lane Specialist,09/12/1962,22/11/1997,,White Collar,Permanent,Full Time,Fixed,Active,High,Male,60,"25 Years, 0 Months",25,30475.4,4,0.79,0.78,0.77,2,0,0,1,0,33489.45,0
8095,15597957,Rahman,Gateway & Procurement Specialist - Air Logistics,21/01/1979,29/01/2018,,Blue Collar,Permanent,Full Time,Fixed,Active,High,Male,44,"4 Years, 10 Months",4,30102.75,4,0.53,0.65,0.6,1,0,1,0,1,33079.95,0
8096,15584620,Su,National Air Logistics Gateway Trade Lane Specialist,16/09/1957,10/09/2015,02/06/2022,White Collar,Permanent,Full Time,Fixed,Terminated for Cause,High,Female,65,"6 Years, 8 Months",6,31525.56,4,0.26,1,0.61,5,0,0,1,1,35028.4,1
8097,15750772,Walker,Sea Logistics Pricing Coordinator,23/08/1981,02/06/2017,,White Collar,Permanent,Full Time,Fixed,Active,High,Female,41,"5  Years, 6 Months",5,29796.97,3,0.18,0.96,1,1,0,1,0,1,31698.9,0
8098,15706557,Ferguson,Aerospace International Logistics Specialist,10/10/1972,12/07/2018,24/05/2022,Blue Collar,Permanent,Full Time,Fixed,Voluntarily Terminated,Low,Female,50,"3 Years, 10 Months",3,32320.29,2,0.3,0.54,0.97,4,0,0,1,1,35516.8,1
8099,15594391,Samaniego,Revenue Care Specialist- Air Logistics,24/08/1986,28/05/2017,04/11/2017,White Collar,Permanent,Full Time,Fixed,Voluntarily Terminated,Medium,Female,36,"0 Years, 5 Months",0,37179.2295,4,0.11,0.43,0.69,2,1,0,0,0,43740.27,1
8100,15661656,Onwumelu,Human Resoruces Coordinator,16/07/1973,15/09/2016,,White Collar,Permanent,Full Time,Fixed,Active,Medium,Male,49,"6 Years, 3 Months",6,33669.77,4,0.93,0.58,0.59,2,0,1,1,1,35818.9,0
8101,15631217,Young,Project Manager,16/10/1966,01/02/2019,,White Collar,Permanent,Full Time,Flex and Fixed,Active,Low,Male,56,"3 Years, 10 Months",3,37691.96,4,0.48,0.71,0.53,6,1,1,0,1,41879.95,0
8102,15588955,Mazzi,Transport Controller,15/05/2004,02/09/2009,17/09/2014,Blue Collar,Fixed Term,Full Time,Fixed,Voluntarily Terminated,High,Female,18,"5 Years, 0 Months",5,24014.71,2,0.27,0.64,0.64,2,0,0,1,0,28252.6,1
8103,15758252,Toscano,Trucking Specialist - Air Logistics,18/09/1986,11/05/2021,,Blue Collar,Permanent,Full Time,Fixed,Active,Low,Female,36,"1  Years, 7 Months",1,35750.5,1,0.26,0.71,0.93,0,0,1,0,1,35750.5,0
8104,15740223,Walton,National Service Excellence Specialist- Air Logistics,17/12/1996,29/11/2014,11/08/2018,White Collar,Permanent,Full Time,Flex and Fixed,Voluntarily Terminated,High,Male,26,"3 Years, 8 Months",3,33092.69,1,0.29,0.58,0.63,4,0,0,1,0,34471.55,1
8105,15805413,Chiang,Sea Logiscitcs Customer Care Specialist ,19/05/1970,06/12/2011,,Blue Collar,Permanent,Full Time,Fixed,Active,High,Female,52,"11 Years, 0 Months",11,33171.32,3,0.95,0.87,0.96,2,0,0,1,0,35591.55,0
8106,15635116,Burgos,Accountant,25/05/1984,30/03/2017,30/01/2022,White Collar,Permanent,Full Time,Fixed,Voluntarily Terminated,Low,Male,38,"4 Years, 10 Months",4,32901.97,2,0.12,0.58,0.85,5,1,0,1,0,34633.65,1
8107,15764892,Spinelli,Sea Logiscitcs Customer Care Specialist ,18/11/1981,16/10/2019,,Blue Collar,Permanent,Full Time,Fixed,Active,High,Female,41,"3 Years, 2 Months",3,33197.47,2,0.23,0.87,0.67,2,0,1,1,1,34224.2,0
8108,15795936,Lung,Recruiter,29/12/1968,27/12/2021,,White Collar,Permanent,Full Time,Fixed,Active,Low,Male,54,"0  Years, 11 Months",0,41661.05,4,0.53,0.72,0.86,0,0,0,1,0,41661.05,0
8109,15655232,Noble,Warehouse Quality Control Specialist - Air Logistics,09/11/1961,23/04/1983,,Blue Collar,Permanent,Full Time,Fixed,Active,Medium,Male,61,"39 Years, 7 Months",39,21922.16,4,0.26,0.67,0.83,2,0,1,1,1,24911.55,0
8110,15640133,Pai,Customer Care Specialist-Key Accounts,26/11/1990,05/03/2018,,White Collar,Permanent,Full Time,Fixed,Active,Medium,Female,32,"4 Years, 9 Months",4,31086.6,4,0.09,0.53,0.97,2,0,0,1,0,34540.67,0
8111,15751524,Chigozie,Software Engineer,15/05/1964,29/07/1998,,White Collar,Permanent,Full Time,Flex and Fixed,Active,Medium,Female,58,"24 Years, 4 Months",24,65221.97,3,0.22,0.78,0.61,2,1,0,1,0,68654.7,0
8112,15670552,Peavy,Customer Brokerage Specialist,04/12/1966,07/05/2020,,Blue Collar,Permanent,Full Time,Fixed,Active,Low,Female,56,"2 Years, 7 Months",2,29285.71,2,0.3,0.65,0.63,1,1,0,1,0,32182.1,0
8113,15623966,Yermakov,Customer Brokerage Specialist,05/11/1982,31/01/2014,,Blue Collar,Permanent,Full Time,Fixed,Active,Medium,Female,40,"8 Years, 10 Months",8,31415.03,3,0.46,1,0.88,3,1,1,0,1,35698.9,0
8114,15752193,Burton,Accounts Payable,19/04/1958,29/06/2019,,White Collar,Permanent,Full Time,Fixed,Active,Medium,Male,64,"3 Years, 5 Months",3,33767.66,4,0.94,0.75,0.75,3,1,1,1,0,34456.8,0
8115,15607269,Costa,Gateway & Procurement Specialist - Air Logistics,10/06/1990,25/07/2013,,Blue Collar,Permanent,Full Time,Fixed,Active,Medium,Female,32,"9 Years, 4 Months",9,29672.48,2,0.82,0.52,0.66,2,0,1,1,1,34106.3,0
8116,15700752,Pugliesi,Perishable Operational Care Specialist - Air Logistics,19/10/1960,16/08/1994,,Blue Collar,Permanent,Full Time,Fixed,Active,Low,Female,62,"28 Years, 4 Months",28,30711.26,4,0.3,0.61,0.7,1,0,1,1,1,32671.55,0
8117,15777901,Lindell,Revenue Care Specialist- Air Logistics,29/12/1972,14/03/2014,11/02/2021,White Collar,Permanent,Full Time,Fixed,Voluntarily Terminated,High,Female,50,"6 Years, 10 Months",6,40327.92,1,0.28,0.78,0.5,5,1,0,1,1,43834.7,1
8118,15639117,Sorenson,Project Coordinator,07/02/1970,30/05/2013,13/11/2018,White Collar,Permanent,Full Time,Fixed,Voluntarily Terminated,Medium,Female,53,"5 Years, 5 Months",5,35419.8,2,0.28,0.24,0.64,5,0,0,1,0,37680.64,1
8119,15720203,Arcuri,Customer Care Specialist-Key Accounts,15/07/1979,14/04/2014,,White Collar,Permanent,Full Time,Fixed,Active,Medium,Male,43,"8 Years, 8 Months",8,28804.54,2,0.19,0.49,0.7,2,0,0,1,0,33493.65,0
8120,15586236,Banks,Trucking Specialist - Air Logistics,19/08/1973,12/09/2017,07/05/2019,Blue Collar,Permanent,Full Time,Fixed,Voluntarily Terminated,Low,Male,49,"1 Years, 7 Months",1,27208.0325,4,0.26,0.18,0.64,2,0,1,1,1,32009.45,1
8121,15676645,Parry,Account Manager ,27/01/1973,03/02/2016,,White Collar,Permanent,Full Time,Fixed,Active,Medium,Male,50,"6 Years, 10 Months",6,33914.17,1,0.18,0.76,0.85,3,1,1,1,1,36078.9,0
8122,15715988,Cockett,National Air Logistics Gateway Trade Lane Specialist,31/03/1992,08/10/2022,,White Collar,Permanent,Full Time,Fixed,Active,Low,Male,30,"0 Years, 2 Months",0,32734.7,4,0.4,0.5,0.97,0,0,1,1,1,32734.7,0
8123,15603749,Galkina,Business Development Executive,19/06/1973,12/08/2015,08/03/2019,White Collar,Permanent,Full Time,Flex and Fixed,Voluntarily Terminated,High,Female,49,"3 Years, 6 Months",3,38734.97,2,0.3,0.82,0.94,6,0,1,1,1,41650.5,1
8124,15608956,Su,National Perishable Air Logistics Development Manager Retail,15/04/1968,25/04/2000,,White Collar,Permanent,Full Time,Flex and Fixed,Active,Low,Male,54,"22 Years, 7 Months",22,31488.92,4,0.84,0.97,0.94,1,1,0,0,0,32131.55,0
8125,15733872,Marino,Gateway & Procurement Team Leader- Air Logistics,04/09/1961,17/03/1995,27/09/2015,White Collar,Permanent,Full Time,Fixed,Voluntarily Terminated,Low,Female,61,"20 Years, 6 Months",20,40881.78,2,0.3,0.44,0.9,4,0,0,0,0,43958.9,1
8126,15666982,Spears,Perishable Warehouse Specialist - Air Logistics,15/08/1998,24/05/2015,,Blue Collar,Permanent,Full Time,Fixed,Active,Low,Female,24,"7 Years, 6 Months",7,27471.96,4,0.29,0.98,0.64,3,0,0,1,0,32319.95,0
8127,15602647,Cunningham,Senior DevOps Engineer,27/06/1988,22/10/2001,12/06/2014,White Collar,Permanent,Full Time,Flex and Fixed,Terminated for Cause,Medium,Male,34,"12 Years, 7 Months",12,55822.13,2,0.3,0.76,0.73,6,1,1,1,1,70660.93,1
8128,15623063,Taylor,Account Manager ,14/02/1973,13/04/2013,01/08/2017,White Collar,Permanent,Full Time,Fixed,Voluntarily Terminated,Low,Male,50,"4 Years, 3 Months",4,30787.02,2,0.3,0.72,0.88,5,1,0,1,0,34985.25,1
8129,15682928,Chiazagomekpere,National Service Excellence Specialist- Air Logistics,27/12/1979,24/12/2021,,White Collar,Permanent,Full Time,Flex and Fixed,Active,Low,Male,43,"0 Years, 11 Months",0,34386.3,4,0.66,0.96,0.91,0,0,1,1,1,34386.3,0
8130,15729246,Hardacre,Warehouse Quality Control Specialist - Air Logistics,22/04/1994,21/03/2019,,Blue Collar,Permanent,Full Time,Fixed,Active,Medium,Male,28,"3 Years, 8 Months",3,28013.55,3,0.98,0.62,0.78,1,0,1,1,1,28879.95,0
8131,15588928,Maslow,Gateway & Procurement Specialist - Air Logistics,21/06/1981,16/12/2019,,Blue Collar,Permanent,Full Time,Fixed,Active,High,Male,41,"3 Years, 0 Months",3,31565.18,2,0.16,0.8,0.98,2,0,1,1,1,33941.05,0
8132,15803352,Scott,Perishable Operational Care Specialist - Air Logistics,29/01/2000,02/04/2014,,Blue Collar,Permanent,Full Time,Fixed,Active,Medium,Male,23,"8 Years, 8 Months",8,31075.55,4,0.11,0.82,0.56,3,0,1,1,1,36994.7,0
8133,15607485,Wakelin,Sea Logistics Pricing Coordinator,22/03/1963,08/12/1990,,White Collar,Permanent,Full Time,Fixed,Active,Medium,Female,59,"32 Years, 0 Months",32,29561.26,1,0.92,0.59,0.9,2,0,0,0,0,31786.3,0
8134,15656249,Esposito,Material Handler ,11/03/2004,27/06/2020,,Blue Collar,Fixed Term,Full Time,Fixed,Active,High,Female,18,"2 Years, 5 Months",2,24508.23,1,0.69,0.94,0.73,2,0,1,1,1,25008.4,0
8135,15761783,Shah,Project Manager,26/02/1971,19/02/2012,,White Collar,Permanent,Full Time,Flex and Fixed,Active,Low,Male,52,"10  Years, 9 Months",10,32263.56,4,0.14,0.72,0.88,3,1,1,1,1,40329.45,0
8136,15716605,Chukwufumnanya,Customer Care Specialist-Key Accounts,26/11/1981,25/05/2020,,White Collar,Permanent,Full Time,Fixed,Active,Low,Female,41,"2 Years, 6 Months",2,35981.44,4,0.81,0.53,0.78,1,0,0,1,0,36715.75,0
8137,15757425,Fleming,Gateway & Procurement Specialist - Air Logistics,28/09/1987,13/04/2022,,Blue Collar,Permanent,Full Time,Fixed,Active,High,Female,35,"0 Years, 8 Months",0,32459.95,4,0.12,0.67,0.83,0,0,1,1,1,32459.95,0
8138,15603096,Lori,Forklift Operator,28/06/2002,24/02/2021,02/08/2022,Blue Collar,Fixed Term,Full Time,Fixed,Voluntarily Terminated,High,Male,20,"1  Years, 9 Months",1,24550.7,2,0.27,0.99,0.52,4,0,0,0,0,25573.65,1
8139,15588580,Kennedy,Sales Specialist-Air Logitics ,30/06/2004,22/12/2021,,Blue Collar,Permanent,Full Time,Fixed,Active,High,Female,18,"0 Years, 11 Months",0,33643.15,4,0.74,0.64,0.53,0,0,1,1,1,33643.15,0
8140,15770539,Walters,BI Developer,01/05/1968,16/07/1988,,White Collar,Permanent,Full Time,Flex and Fixed,Active,Low,Male,54,"34 Years, 5 Months",34,50591.85,4,0.18,0.61,0.57,4,1,1,1,1,58151.55,0
8141,15572022,Han,Sales Account Manager,17/10/1955,24/06/1986,,White Collar,Permanent,Full Time,Fixed,Active,Medium,Female,67,"36 Years, 5 Months",36,22237.11,3,0.27,0.89,0.85,4,1,1,0,0,35866.3,0
8142,15571843,Lawrence,Regional Air logistics Trainer Specialist,29/09/1985,09/01/2020,,White Collar,Permanent,Full Time,Fixed,Active,High,Male,37,"2 Years, 11 Months",2,30692.17,2,0.71,0.61,0.7,1,0,0,1,0,33361.05,0
8143,15752502,Cooke,Sea Logiscitcs Customer Care Specialist ,25/07/1970,03/12/2017,,Blue Collar,Permanent,Full Time,Fixed,Active,Low,Male,52,"5 Years, 0 Months",5,29470.21,4,0.85,0.9,0.74,1,0,1,0,1,33112.6,0
8144,15609058,Wan,National Perishable Air Logistics Development Manager Retail,24/09/1988,28/01/2019,,White Collar,Permanent,Full Time,Flex and Fixed,Active,Medium,Male,34,"3 Years, 10 Months",3,32127.42,3,0.39,0.96,0.51,3,1,1,0,1,33121.05,0
8145,15775108,Lo Duca,National Perishable Air Logistics Development Manager Retail,16/07/1965,12/11/1989,,White Collar,Permanent,Full Time,Flex and Fixed,Active,Medium,Male,57,"33 Years, 1 Months",33,33893.01,1,0.26,0.62,0.55,1,1,1,0,1,37658.9,0
8146,15708904,Yermakova,Gateway & Procurement Team Leader- Air Logistics,13/12/1961,05/02/1992,,White Collar,Permanent,Full Time,Fixed,Active,Medium,Female,61,"30  Years, 10 Months",30,38331.26,4,0.26,0.89,0.57,1,0,0,0,0,39928.4,0
8147,15600086,Combs,National Air Logistics Pharma Compliance Specialist,24/12/1961,08/10/1997,,Blue Collar,Permanent,Full Time,Fixed,Active,Medium,Male,61,"25 Years, 2 Months",25,31632.5,4,0.85,0.52,0.67,3,0,1,1,1,34383.15,0
8148,15814675,Chien,Customer Care Specialist-Key Accounts,07/05/1996,08/01/2009,23/03/2017,White Collar,Permanent,Full Time,Fixed,Voluntarily Terminated,Medium,Female,26,"8 Years, 2 Months",8,34231.85,1,0.29,0.66,0.99,5,0,0,1,0,36729.45,1
8149,15572777,Meng,Inside Sales Executive/ Account Manager,03/11/1988,04/04/2019,,White Collar,Permanent,Full Time,Flex and Fixed,Active,Low,Male,34,"3 Years, 8 Months",3,32777.8,1,0.2,0.96,0.6,1,1,1,1,1,33791.55,0
8150,15585106,Calabresi,Gateway & Procurement Specialist - Air Logistics,02/04/1982,08/02/2016,,Blue Collar,Permanent,Full Time,Fixed,Active,Low,Female,40,"6 Years, 10 Months",6,31023.24,4,0.35,0.95,0.89,1,0,0,1,0,35658.9,0
8151,15738936,Stevenson,Internal Trainer,04/10/1964,13/12/2012,,White Collar,Permanent,Full Time,Fixed,Active,Medium,Male,58,"10 Years, 0 Months",10,29385.45,2,0.14,0.75,0.98,3,0,1,0,1,31529.45,0
8152,15750970,Davidson,Customer Care Specialist-Key Accounts,05/05/2000,23/03/2013,,White Collar,Permanent,Full Time,Fixed,Active,High,Male,22,"9 Years, 8 Months",9,32913.24,3,0.17,0.54,0.87,3,0,1,1,1,36168.4,0
8153,15725772,Ch'in,IT-Support,24/01/1977,01/08/2015,,White Collar,Permanent,Full Time,Fixed,Active,High,Female,46,"7 Years, 4 Months",7,32327.96,1,0.58,0.93,0.69,1,0,1,1,1,35919.95,0
8154,15692106,Rose,Warehouse Specialist - Air Logistics,17/01/1958,22/09/1993,12/08/2021,Blue Collar,Fixed Term,Full Time,Fixed,Terminated for Cause,Low,Female,65,"27 Years, 10 Months",27,15896.27,2,0.22,0.44,0.54,5,0,0,1,0,24085.25,1
8155,15791533,Ch'ien,Trucking Specialist - Air Logistics,04/05/1974,02/02/2017,05/10/2019,Blue Collar,Permanent,Full Time,Fixed,Voluntarily Terminated,High,Male,48,"2 Years, 8 Months",2,33145.39,2,0.3,0.33,0.67,5,0,0,1,0,35261.05,1
8156,15715715,Artyomova,Customer Brokerage Specialist,05/10/1982,20/10/2015,,Blue Collar,Permanent,Full Time,Fixed,Active,High,Male,40,"7 Years, 1 Months",7,31172.54,4,0.47,0.75,0.81,1,1,1,1,1,35830.5,0
8157,15785576,Mayrhofer,Sales Specialist-Air Logitics ,07/12/2001,27/12/2012,,Blue Collar,Permanent,Full Time,Fixed,Active,High,Male,21,"9 Years, 11 Months",9,30090.83,4,0.29,0.45,0.75,1,0,0,1,0,32286.3,0
8158,15798834,Yefremov,Operations Specialist,27/03/1992,16/12/2013,,Blue Collar,Permanent,Full Time,Fixed,Active,High,Female,30,"9 Years, 0 Months",9,32154.24,4,0.59,0.42,0.6,2,0,0,0,0,36958.9,0
8159,15744127,Kosovich,National Service Excellence Specialist- Air Logistics,04/04/1995,12/02/2020,,White Collar,Permanent,Full Time,Flex and Fixed,Active,Medium,Female,27,"2 Years, 10 Months",2,35777.2,4,0.7,0.99,0.82,2,0,0,1,0,36507.35,0
8160,15637427,Lu,Regional Air logistics Trainer Specialist,08/01/1997,20/05/2018,,White Collar,Permanent,Full Time,Fixed,Active,Low,Female,26,"4 Years, 6 Months",4,31260.87,4,0.67,0.89,0.91,1,0,1,1,0,34352.6,0
8161,15576990,Taplin,Customer Servce Administrative Officer,31/05/1996,04/11/2021,,Blue Collar,Permanent,Full Time,Fixed,Active,Low,Female,26,"1  Years, 1 Months",1,29275.55,1,0.41,0.96,0.9,1,0,0,1,0,31144.2,0
8162,15615352,Ebelechukwu,Sales Account Manager,20/03/1981,09/10/2012,,White Collar,Permanent,Full Time,Fixed,Active,High,Male,41,"10  Years, 2 Months",10,28716.36,4,0.8,0.5,0.46,4,1,1,0,1,35019.95,0
8163,15647333,Fleming,National Perishable Air Logistics Development Manager Retail,06/09/1977,24/09/2012,,White Collar,Permanent,Full Time,Flex and Fixed,Active,High,Male,45,"10  Years, 2 Months",10,33336.83,4,0.28,0.59,0.59,3,1,0,1,0,37040.92,0
8164,15572050,Yefimov,Customer Brokerage Specialist,19/01/1989,07/07/1989,04/06/2018,Blue Collar,Permanent,Full Time,Fixed,Voluntarily Terminated,Low,Male,34,"28 Years, 10 Months",28,31733.55,1,0.2,0.57,0.69,4,1,1,1,1,34122.1,1
8165,15581370,Andreyeva,National Air Logistics Gateway Operations Manager,15/01/1982,18/11/2013,,White Collar,Permanent,Full Time,Flex and Fixed,Active,Medium,Male,41,"9 Years, 1 Months",9,59170.71,1,0.2,1,0.87,2,1,0,1,0,68803.15,0
8166,15813503,Pickering,Regional Air logistics Trainer Specialist,15/03/1999,24/05/2017,,White Collar,Permanent,Full Time,Fixed,Active,Medium,Male,23,"5 Years, 6 Months",5,32673.97,4,0.49,0.6,0.59,1,0,0,1,0,34393.65,0
8167,15769783,Allan,Gateway & Procurement Team Leader- Air Logistics,06/08/1980,22/08/2017,,White Collar,Permanent,Full Time,Fixed,Active,Low,Male,42,"5 Years, 3 Months",5,40868.11,2,0.58,0.8,0.85,2,0,1,1,1,43944.2,0
8168,15793135,Wang,Accounts Payable,30/12/2000,09/04/2016,,White Collar,Permanent,Full Time,Fixed,Active,High,Female,22,"6 Years, 8 Months",6,31877.49,1,0.08,0.63,0.83,2,1,1,1,1,34649.45,0
8169,15599182,Reynolds,Trucking Specialist - Air Logistics,10/04/1956,22/04/2017,,Blue Collar,Permanent,Full Time,Fixed,Active,Medium,Female,66,"5 Years, 7 Months",5,32495.28,4,0.11,0.8,0.82,2,0,1,1,1,34569.45,0
8170,15689517,Hales,Trucking Team Leader- Air Logistics,03/07/1958,05/05/2020,,White Collar,Permanent,Full Time,Fixed,Active,High,Male,64,"2 Years, 7 Months",2,43619.95,4,0.8,0.51,0.96,0,0,0,1,0,43619.95,0
8171,15641366,Y?an,Forklift Operator,23/03/2004,24/09/2020,29/08/2021,Blue Collar,Fixed Term,Full Time,Fixed,Voluntarily Terminated,Medium,Male,18,"0 Years, 11 Months",0,23493.9575,2,0.25,0.89,0.96,2,0,1,0,1,27639.95,1
8172,15588859,Rowley,Sea Logiscitcs Customer Care Specialist ,10/07/1995,17/02/2020,23/08/2022,Blue Collar,Permanent,Full Time,Fixed,Voluntarily Terminated,Medium,Female,27,"2 Years, 6 Months",2,33970.92,2,0.27,0.83,0.58,5,0,0,1,0,34664.2,1
8173,15732293,Chia,Gateway & Procurement Team Leader- Air Logistics,02/07/1978,27/05/2022,,White Collar,Permanent,Full Time,Fixed,Active,Low,Male,44,"0 Years, 6 Months",0,39498.9,2,0.77,0.77,0.74,0,0,1,1,1,39498.9,0
8174,15568032,Moore,Trucking Team Leader- Air Logistics,25/03/1987,09/10/2018,,White Collar,Permanent,Full Time,Fixed,Active,Medium,Male,35,"4 Years, 2 Months",4,39346.85,4,0.71,0.79,0.99,4,0,0,1,0,40986.3,0
8175,15623525,Copeland,Pricing Analyst,04/02/1980,06/06/2018,,White Collar,Permanent,Full Time,Flex and Fixed,Active,High,Male,43,"4 Years, 6 Months",4,49874.5,1,0.9,0.63,0.85,1,1,1,1,1,51952.6,0
8176,15606601,Rishel,Road Logistics Sales Representative,27/03/2003,31/10/2021,,White Collar,Permanent,Full Time,Fixed,Active,Low,Female,19,"1  Years, 1 Months",1,32153.65,4,0.28,0.68,0.48,0,0,0,1,0,32153.65,0
8177,15800811,Wan,Inside Sales Executive/ Account Manager,08/06/1997,02/10/2016,,White Collar,Permanent,Full Time,Flex and Fixed,Active,Low,Male,25,"6 Years, 2 Months",6,26918.89,2,0.9,0.74,0.69,1,1,1,0,1,32046.3,0
8178,15610711,Eluemuno,Gateway & Procurement Specialist - Air Logistics,26/07/1994,07/09/2017,,Blue Collar,Permanent,Full Time,Fixed,Active,Medium,Female,28,"5 Years, 3 Months",5,34177.97,3,0.36,0.49,0.67,1,0,0,0,0,36750.5,0
8179,15809654,Hsia,Regional Air logistics Trainer Specialist,04/08/1961,29/01/1997,,White Collar,Permanent,Full Time,Fixed,Active,Medium,Female,61,"25 Years, 10 Months",25,30890.254,3,0.78,0.46,0.55,1,0,1,1,1,35918.9,0
8180,15576077,Kelly,Analyst Programmer ,27/02/1960,04/06/2017,,White Collar,Permanent,Full Time,Flex and Fixed,Active,Low,Female,63,"5 Years, 6 Months",5,54963.83,4,0.6,0.9,0.91,2,1,1,0,1,62458.9,0
8181,15643378,Muir,National Perishable Air Logistics Development Manager Seafood,25/07/1999,12/03/2012,,White Collar,Permanent,Full Time,Flex and Fixed,Active,Medium,Male,23,"10  Years, 9 Months",10,28896.82,1,0.73,0.7,0.67,4,1,1,1,1,35240.02,0
8182,15566790,McIntyre,First Line Manager,07/09/1982,04/03/2016,,White Collar,Permanent,Full Time,Flex and Fixed,Active,Medium,Male,40,"6 Years, 9 Months",6,52195.36,4,0.09,0.84,0.71,1,1,1,0,1,61406.3,0
8183,15774402,Donaldson,Trucking Team Leader- Air Logistics,17/08/1980,21/02/2015,,White Collar,Permanent,Full Time,Fixed,Active,Low,Male,42,"7 Years, 9 Months",7,38513.34,2,0.45,0.89,0.77,3,0,1,0,1,42792.6,0
8184,15694641,Wright,Customer Care Specialist-Key Accounts,01/03/2001,23/05/2014,,White Collar,Permanent,Full Time,Fixed,Active,Low,Female,22,"8 Years, 6 Months",8,29990.68,4,0.27,0.59,0.87,1,0,1,1,1,35283.15,0
8185,15605916,Uvarova,Warehouse Quality Control Specialist - Air Logistics,11/03/1995,12/07/2017,11/11/2018,Blue Collar,Permanent,Full Time,Fixed,Voluntarily Terminated,High,Female,27,"1 Years, 3 Months",1,24309.9575,2,0.27,0.57,0.72,2,0,0,1,0,28599.95,1
8186,15812356,Doherty,IT-Support,09/02/1983,18/09/2015,,White Collar,Permanent,Full Time,Fixed,Active,Low,Female,40,"7 Years, 3 Months",7,40334.73,3,0.23,0.53,0.49,3,0,1,0,1,43842.1,0
8187,15644179,Allen,Apprentice,28/11/2001,14/05/2009,18/02/2022,Blue Collar,Apprentice,Full Time,Fixed,Voluntarily Terminated,High,Female,21,"12 Years, 9 Months",12,20296.37,2,0.3,0.32,0.89,5,0,0,1,0,21707.35,1
8188,15771674,Ma,Sea Logistics Pricing Coordinator,02/02/1995,29/05/2022,,White Collar,Permanent,Full Time,Fixed,Active,Low,Female,28,"0 Years, 6 Months",0,31657.85,2,0.53,0.51,0.66,0,0,0,1,0,31657.85,0
8189,15623314,Tucker,Road Logistics Sales Representative,12/08/2004,27/08/2022,,White Collar,Permanent,Full Time,Fixed,Active,Medium,Female,18,"0 Years, 3 Months",0,35860.53,2,0.51,0.78,0.61,0,0,0,1,0,35860.53,0
8190,15613292,Ch'eng,Perishable Customer Care Team Leader - Air Logistics,12/10/1957,07/08/1987,,White Collar,Permanent,Full Time,Fixed,Active,Low,Male,65,"35 Years, 4 Months",35,22812.13,4,0.3,0.52,0.69,1,0,0,1,0,38020.21,0
8191,15813871,Hs?,Transport Controller,18/03/1960,16/06/2004,,Blue Collar,Fixed Term,Full Time,Fixed,Active,Medium,Male,62,"18  Years, 6 Months",18,22735.86,2,0.3,0.42,0.5,3,0,0,1,0,24394.7,0
8192,15759480,H?,Gateway & Procurement Specialist - Air Logistics,25/07/2000,21/05/2013,,Blue Collar,Permanent,Full Time,Fixed,Active,Medium,Female,22,"9 Years, 6 Months",9,29014.5,3,0.27,0.61,0.38,1,0,1,1,0,34134.7,0
8193,15587712,Chimaijem,Analyst Programmer ,11/01/1975,01/03/2012,,White Collar,Permanent,Full Time,Flex and Fixed,Active,Low,Male,48,"10  Years, 9 Months",10,50363.76,3,0.28,0.85,1,2,1,0,1,0,62954.7,0
8194,15671165,Esomchi,Account Manager ,06/05/1984,25/07/2020,,White Collar,Permanent,Full Time,Fixed,Active,High,Female,38,"2 Years, 4 Months",2,35739.03,3,0.78,0.5,0.85,2,1,1,1,0,36468.4,0
8195,15620746,Lorenzo,Accountant,19/07/1999,07/01/2022,,White Collar,Permanent,Full Time,Fixed,Active,Low,Male,23,"0 Years, 11 Months",0,33682.1,3,0.43,0.79,0.52,0,1,0,1,0,33682.1,0
8196,15706537,Pirogov,National Perishable Air Logistics Development Manager Seafood,21/04/1988,04/03/2016,,White Collar,Permanent,Full Time,Flex and Fixed,Active,Low,Female,34,"6 Years, 9 Months",6,29457.24,4,0.27,0.56,0.98,1,1,1,0,1,34252.6,0
8197,15589312,Larkin,Technical Support Engineer,30/01/1971,17/05/2018,,White Collar,Permanent,Full Time,Flex and Fixed,Active,High,Male,52,"4 Years, 7 Months",4,55504.06,3,0.49,0.5,0.73,2,1,0,0,0,60330.5,0
8198,15741180,Eddy,BI Developer,15/08/1989,23/07/2015,,White Collar,Permanent,Full Time,Flex and Fixed,Active,Low,Male,33,"7 Years, 4 Months",7,56571.97,3,1,0.51,0.53,3,1,1,1,1,65025.25,0
8199,15733888,Sells,Customer Brokerage Specialist,20/10/1979,29/08/2016,28/08/2018,Blue Collar,Permanent,Full Time,Fixed,Voluntarily Terminated,High,Female,43,"1 Years, 11 Months",1,30641.98,2,0.27,0.77,0.67,4,1,0,1,0,32597.85,1
8200,15798532,Crawford,Technical Support Engineer,16/03/1976,17/08/2021,,White Collar,Permanent,Full Time,Flex and Fixed,Active,High,Male,46,"1  Years, 4 Months",1,57594.91,3,0.41,0.84,0.9,1,1,1,0,1,59994.7,0
8201,15577359,Bezrukov,Gateway & Procurement Specialist - Air Logistics,26/03/1987,05/06/2014,18/03/2022,Blue Collar,Permanent,Full Time,Fixed,Voluntarily Terminated,Low,Male,35,"7 Years, 9 Months",7,33456.03,1,0.26,0.21,0.49,6,0,0,1,0,36365.25,1
8202,15614936,Mancini,National Perishable Air Logistics Development Manager Retail,06/12/1976,24/08/2014,,White Collar,Permanent,Full Time,Flex and Fixed,Active,High,Female,46,"8 Years, 3 Months",8,28311.16,2,0.88,0.65,0.57,2,1,1,0,1,32919.95,0
8203,15747647,Iadanza,Inventory Clerk,19/01/2002,31/07/2022,,Blue Collar,Fixed Term,Full Time,Fixed,Active,Medium,Female,21,"0 Years, 4 Months",0,24383.15,4,0.11,0.95,0.87,0,0,0,1,0,24383.15,0
8204,15588566,Wilkinson,Project Coordinator,02/07/1960,12/11/1985,,White Collar,Permanent,Full Time,Fixed,Active,Low,Male,62,"37 Years, 1 Months",37,30386.47,1,0.26,0.8,0.75,2,0,1,1,1,34142.1,0
8205,15570141,P'eng,Network Engineer,14/10/1970,20/09/2013,,White Collar,Permanent,Full Time,Flex and Fixed,Active,Medium,Female,52,"9 Years, 2 Months",9,58776.2,3,0.85,0.77,0.85,1,1,0,1,0,70814.7,0
8206,15800793,St Clair,National Air Logistics Gateway Trade Lane Specialist,24/08/1974,02/06/2018,,White Collar,Permanent,Full Time,Fixed,Active,High,Female,48,"4 Years, 6 Months",4,33363.5,1,0.2,0.57,0.7,2,0,0,1,0,34753.65,0
8207,15572415,Preston,Regional Air logistics Trainer Specialist,18/11/1996,21/09/2012,,White Collar,Permanent,Full Time,Fixed,Active,Low,Male,26,"10  Years, 2 Months",10,30744.95,2,0.85,0.92,0.55,1,0,1,1,0,34161.05,0
8208,15635125,Findlay,Transport Controller,22/12/2002,26/03/2020,,Blue Collar,Fixed Term,Full Time,Fixed,Active,Medium,Male,20,"2 Years, 8 Months",2,25356.17,4,0.24,1,0.71,1,0,1,1,1,27561.05,0
8209,15636551,Nixon,IT System Engineer,22/08/1977,30/04/2020,,White Collar,Permanent,Full Time,Flex and Fixed,Active,High,Female,45,"2 Years, 7 Months",2,64995.66,1,0.54,0.85,0.67,1,1,0,1,0,66322.1,0
8210,15600912,Gorshkov,Software Engineer,07/12/1981,31/08/2018,,White Collar,Permanent,Full Time,Flex and Fixed,Active,High,Male,41,"4 Years, 3 Months",4,66508.75,4,0.59,0.57,0.8,2,1,1,1,1,69279.95,0
8211,15768476,Chukwubuikem,Analyst Programmer ,06/11/1970,01/10/2019,,White Collar,Permanent,Full Time,Flex and Fixed,Active,High,Male,52,"3 Years, 2 Months",3,58040.54,1,0.3,0.66,0.68,1,1,1,1,1,61745.25,0
8212,15650266,Medvedeva,Business Development Executive,01/08/1978,28/01/2018,,White Collar,Permanent,Full Time,Flex and Fixed,Active,Low,Male,44,"4 Years, 10 Months",4,36413.96,3,0.27,0.85,0.8,1,0,1,1,1,40459.95,0
8213,15621004,Chukwuhaenye,National Perishable Air Logistics Development Manager Retail,11/04/1978,07/11/2008,29/07/2014,White Collar,Permanent,Full Time,Flex and Fixed,Voluntarily Terminated,High,Male,44,"5 Years, 8 Months",5,30347.94,2,0.3,0.99,0.5,5,1,0,1,0,34486.3,1
8214,15748352,Endrizzi,Customer Care Specialist-Key Accounts,05/02/1987,22/02/2012,,White Collar,Permanent,Full Time,Fixed,Active,Medium,Male,36,"10  Years, 9 Months",10,26098.45,4,0.09,0.91,0.82,5,0,1,0,1,32220.31,0
8215,15788920,Ch'ang,Aerospace International Logistics Specialist,20/11/1981,25/10/2017,,Blue Collar,Permanent,Full Time,Fixed,Active,High,Female,41,"5 Years, 1 Months",5,32959.97,1,0.28,0.96,0.97,3,0,0,1,0,34694.7,0
8216,15743236,Piccio,Accountant,04/07/1989,11/01/2012,21/08/2022,White Collar,Permanent,Full Time,Fixed,Voluntarily Terminated,Medium,Female,33,"10  Years, 11 Months",10,29946.82,2,0.19,0.49,0.52,5,1,0,1,0,35231.55,1
8217,15637717,Lockington,Inside Sales Executive/ Account Manager,26/09/1998,16/08/2018,,White Collar,Permanent,Full Time,Flex and Fixed,Active,Low,Male,24,"4 Years, 4 Months",4,33245.28,3,0.29,0.78,0.85,1,1,1,1,1,34630.5,0
8218,15635500,Seleznyov,National Service Excellence Specialist- Air Logistics,04/12/1998,17/06/2012,,White Collar,Permanent,Full Time,Flex and Fixed,Active,Medium,Male,24,"10  Years, 6 Months",10,32255.96,4,0.14,0.87,0.74,3,0,1,0,1,35839.95,0
8219,15634792,Weston,Accountant,30/03/1974,24/03/2019,,White Collar,Permanent,Full Time,Fixed,Active,Medium,Female,48,"3 Years, 8 Months",3,36218.73,2,0.29,0.72,0.85,2,1,1,0,1,37338.9,0
8220,15607560,Groom,Human Resoruces Coordinator,26/01/1976,01/03/2012,,White Collar,Permanent,Full Time,Fixed,Active,High,Female,47,"10  Years, 9 Months",10,28008.06,1,0.2,0.9,0.83,2,0,1,1,1,34577.85,0
8221,15727177,Manfrin,IT-Support,23/09/1982,19/07/1992,01/01/2016,White Collar,Permanent,Full Time,Fixed,Voluntarily Terminated,High,Male,40,"23 Years, 5 Months",23,35426.11,2,0.24,0.5,0.5,4,0,0,1,0,37687.35,1
8222,15774358,Robertson,Warehouse Apprentice- Air Logistics,04/02/2003,16/07/2013,24/08/2013,Blue Collar,Apprentice,Full Time,Fixed,Voluntarily Terminated,Medium,Male,20,"0 Years, 1 Months",0,20105.6025,2,0.29,0.7,0.9,2,0,0,1,0,23653.65,1
8223,15791304,Ch'ang,Trucking Specialist - Air Logistics,15/04/1969,22/08/1997,,Blue Collar,Permanent,Full Time,Fixed,Active,Medium,Male,53,"25 Years, 3 Months",25,32587.31,3,0.12,0.52,0.55,2,0,1,1,0,34667.35,0
8224,15603328,Lucchesi,Perishable Warehouse Specialist - Air Logistics,11/08/1974,21/06/2018,,Blue Collar,Permanent,Full Time,Fixed,Active,Low,Male,48,"4 Years, 5 Months",4,31751.71,3,0.26,0.71,0.69,2,0,1,1,1,33074.7,0
8225,15804937,Cambage,Accountant,23/04/1998,28/06/2018,,White Collar,Permanent,Full Time,Fixed,Active,Low,Male,24,"4 Years, 5 Months",4,30510.84,4,0.78,0.4,0.41,2,1,0,0,0,33528.4,0
8226,15804142,Tan,Accounting Coordinator,29/05/1983,03/09/2016,18/11/2020,White Collar,Permanent,Full Time,Fixed,Terminated for Cause,Low,Female,39,"4 Years, 2 Months",4,34523.62,1,0.3,0.96,0.53,5,1,0,1,0,35962.1,1
8227,15608845,Tao,Warehouse Specialist - Air Logistics,24/10/1989,23/07/2012,,Blue Collar,Fixed Term,Full Time,Fixed,Active,High,Female,33,"10  Years, 4 Months",10,23148.6,3,0.12,0.86,0.92,1,0,0,1,0,28935.75,0
8228,15702434,Hsieh,Accounts Payable,09/05/1986,07/10/2014,,White Collar,Permanent,Full Time,Fixed,Active,Low,Female,36,"8 Years, 2 Months",8,28877.85,4,0.29,0.68,0.85,2,1,0,1,0,33578.9,0
8229,15632609,Burdekin,BI Developer,07/04/1985,17/02/2012,,White Collar,Permanent,Full Time,Flex and Fixed,Active,High,Female,37,"10  Years, 10 Months",10,50747.76,3,0.44,0.56,0.64,5,1,0,1,0,62651.55,0
8230,15603550,Longo,National Air Logistics Pharma Compliance Specialist,26/08/1976,25/12/2012,,Blue Collar,Permanent,Full Time,Fixed,Active,Medium,Female,46,"9 Years, 11 Months",9,29667.25,2,0.41,0.65,0.56,1,0,0,1,0,34496.8,0
8231,15755239,Maughan,National Service Excellence Specialist- Air Logistics,22/01/1994,04/11/2014,,White Collar,Permanent,Full Time,Flex and Fixed,Active,High,Male,29,"8 Years, 1 Months",8,28982.54,4,0.29,0.98,0.61,1,0,1,1,1,32934.7,0
8232,15670528,Franz,Aerospace International Logistics Specialist,15/03/2001,19/11/2012,16/06/2014,Blue Collar,Permanent,Full Time,Fixed,Voluntarily Terminated,Low,Male,21,"10  Years, 0 Months",10,28547.8,4,0.28,0.18,0.51,5,0,0,1,0,35244.2,1
8233,15732704,Piazza,Perishable Apprentice- Air Logistics,12/12/2004,04/07/2022,,Blue Collar,Apprentice,Full Time,Fixed,Active,Medium,Male,18,"0 Years, 5 Months",0,23123.15,4,0.87,0.66,0.65,0,0,0,1,0,23123.15,0
8234,15589019,Morant,Accounting Coordinator,21/11/1971,26/02/2021,,White Collar,Permanent,Full Time,Fixed,Active,Low,Female,51,"1  Years, 9 Months",1,35544.24,1,0.25,0.79,0.51,1,1,1,1,1,37025.25,0
8235,15677796,Becher,National Perishable Air Logistics Development Manager Retail,22/12/1988,19/04/1998,09/08/2019,White Collar,Permanent,Full Time,Flex and Fixed,Voluntarily Terminated,Low,Male,34,"21 Years, 3 Months",21,31292.04,4,0.14,0.21,0.8,5,1,0,1,0,33647.35,1
8236,15760177,Lombardi,Gateway & Procurement Specialist - Air Logistics,14/02/1987,04/10/2020,,Blue Collar,Permanent,Full Time,Fixed,Active,Medium,Male,36,"2 Years, 2 Months",2,31877.96,3,0.1,0.56,1,1,0,1,1,1,35419.95,0
8237,15636595,Loton,First Line Manager,02/09/1979,21/10/2012,,White Collar,Permanent,Full Time,Flex and Fixed,Active,Low,Male,43,"10  Years, 1 Months",10,53412.62,1,0.24,0.56,0.8,2,1,1,0,1,59347.35,0
8238,15737275,Conti,Business Development Executive,30/09/1992,28/11/2013,,White Collar,Permanent,Full Time,Flex and Fixed,Active,Low,Male,30,"9 Years, 0 Months",9,37212.27,3,0.12,0.59,0.89,2,0,1,1,1,40892.6,0
8239,15672905,Sani,Customer Care Specialist-Key Accounts,27/05/1981,14/03/2017,,White Collar,Permanent,Full Time,Fixed,Active,High,Female,41,"5 Years, 9 Months",5,34938.96,4,0.5,0.63,0.62,2,0,1,1,1,36777.85,0
8240,15753955,Lori,Software Engineer,23/11/1977,07/06/2012,,White Collar,Permanent,Full Time,Flex and Fixed,Active,Low,Male,45,"10  Years, 6 Months",10,60021.07,1,0.15,0.97,0.88,3,1,0,0,0,71453.65,0
8241,15708504,Wong,Gateway & Procurement Specialist - Air Logistics,30/08/1999,13/07/2009,14/03/2013,Blue Collar,Permanent,Full Time,Fixed,Voluntarily Terminated,Low,Male,23,"3 Years, 8 Months",3,28636.0325,1,0.29,0.76,0.7,2,0,1,1,1,33689.45,1
8242,15592451,Lombardi,Sea Logistics Pricing Coordinator,23/07/1964,01/02/1997,,White Collar,Permanent,Full Time,Fixed,Active,Medium,Male,58,"25  Years, 10 Months",25,26294.36,1,0.15,0.85,0.58,4,0,0,1,0,31679.95,0
8243,15790455,Obialo,Sea Logistics Pricing Coordinator,20/07/1984,03/12/2016,16/11/2019,White Collar,Permanent,Full Time,Fixed,Voluntarily Terminated,High,Female,38,"2 Years, 11 Months",2,32095.55,2,0.29,0.23,0.73,6,0,1,0,1,34144.2,1
8244,15572174,Mazzi,Human Resoruces Coordinator,06/02/1958,10/02/1992,,White Collar,Permanent,Full Time,Fixed,Active,High,Male,65,"30 Years, 10 Months",30,18432.57,3,0.76,0.68,0.62,5,0,1,0,1,32337.85,0
8245,15656330,Von Doussa,Customer Care Specialist-Key Accounts,07/04/1980,31/08/2015,,White Collar,Permanent,Full Time,Fixed,Active,High,Female,42,"7 Years, 3 Months",7,33932.26,3,0.72,0.71,0.73,2,0,1,1,1,36486.3,0
8246,15569626,Miller,Perishable Customer Care Team Leader - Air Logistics,09/10/1973,09/01/2014,,White Collar,Permanent,Full Time,Fixed,Active,Medium,Male,49,"8 Years, 11 Months",8,37548.56,2,0.59,0.5,0.59,1,0,1,1,1,40813.65,0
8247,15608726,Miracle,Network Engineer,12/01/1984,15/12/2018,,White Collar,Permanent,Full Time,Flex and Fixed,Active,High,Male,39,"4 Years, 0 Months",4,69000.66,3,0.37,0.61,0.7,1,1,1,1,1,71134.7,0
8248,15637366,Su,IT-Support,10/01/1991,30/06/2013,,White Collar,Permanent,Full Time,Fixed,Active,Low,Female,32,"9 Years, 5 Months",9,35570.44,2,0.09,0.99,0.65,2,0,1,1,1,39088.4,0
8249,15778049,Wyatt,Recruiter,02/01/1970,18/10/2019,,White Collar,Permanent,Full Time,Fixed,Active,Low,Male,53,"3 Years, 2 Months",3,37424.97,3,0.28,0.97,0.86,1,0,0,0,0,39394.7,0
8250,15727421,Anayolisa,National Air Logistics Pharma Compliance Specialist,15/03/1994,28/03/2016,,Blue Collar,Permanent,Full Time,Fixed,Active,Medium,Female,28,"6 Years, 8 Months",6,33747.53,2,0.12,0.82,0.71,2,0,1,1,1,36682.1,0
8251,15688865,Wade,Sales Account Manager,20/05/1998,14/09/2017,,White Collar,Permanent,Full Time,Fixed,Active,Medium,Female,24,"5 Years, 3 Months",5,35423.98,2,0.82,0.72,0.68,3,1,0,0,0,37288.4,0
8252,15751032,Enemuo,National Air Logistics Gateway Trade Lane Specialist,12/03/1976,04/05/2018,,White Collar,Permanent,Full Time,Fixed,Active,Medium,Female,46,"4 Years, 7 Months",4,31792.26,4,0.26,0.53,0.74,3,0,0,0,0,34556.8,0
8253,15734737,Bruno,Customer Brokerage Specialist,14/02/1991,22/02/2013,,Blue Collar,Permanent,Full Time,Fixed,Active,High,Male,32,"9 Years, 9 Months",9,28693.52,4,0.3,0.55,0.87,2,1,1,1,1,34570.5,0
8254,15746515,Greece,Pricing Analyst,25/05/1985,21/05/2016,,White Collar,Permanent,Full Time,Flex and Fixed,Active,Low,Male,37,"6 Years, 6 Months",6,44443.85,3,0.84,0.52,0.53,1,1,1,1,0,51678.9,0
8255,15664311,Yang,Perishable Operational Care Specialist - Air Logistics,01/05/1998,10/09/2015,,Blue Collar,Permanent,Full Time,Fixed,Active,High,Male,24,"7 Years, 3 Months",7,27760.07,4,0.38,0.8,0.81,1,0,1,1,1,32658.9,0
8256,15708139,Brown,Senior DevOps Engineer,16/05/1975,19/03/2017,,White Collar,Permanent,Full Time,Flex and Fixed,Active,Medium,Female,47,"5 Years, 8 Months",5,64049.39,4,0.36,0.51,0.95,1,1,0,1,0,69618.9,0
8257,15768574,Anderson,Transport Controller,01/11/1963,16/10/2007,,Blue Collar,Fixed Term,Full Time,Fixed,Active,Medium,Male,59,"15 Years, 2 Months",15,25676.95,4,0.24,0.66,0.65,1,0,1,1,1,28850.5,0
8258,15738018,Johnston,Inside Sales Executive/ Account Manager,17/03/1980,30/05/2017,,White Collar,Permanent,Full Time,Flex and Fixed,Active,Low,Male,42,"5 Years, 6 Months",5,32368.97,3,0.74,0.56,0.43,2,1,0,0,0,34072.6,0
8259,15699753,Zakharov,Recruiter,20/01/1958,31/05/2006,,White Collar,Permanent,Full Time,Fixed,Active,Medium,Male,65,"16 Years, 6 Months",16,31930.92,4,0.89,0.5,0.84,1,0,0,1,0,39913.65,0
8260,15703199,Golibe,National Perishable Air Logistics Development Manager Seafood,17/09/1972,18/05/2016,,White Collar,Permanent,Full Time,Flex and Fixed,Active,Medium,Male,50,"6 Years, 7 Months",6,31961.79,2,0.65,0.94,0.78,1,1,0,0,0,37602.1,0
8261,15627830,Nikitina,Warehouse Quality Control Specialist - Air Logistics,25/07/1994,04/06/2020,,Blue Collar,Permanent,Full Time,Fixed,Active,Low,Female,28,"2 Years, 6 Months",2,23328.78,3,0.3,0.42,0.8,2,0,1,0,1,24817.85,0
8262,15570855,Leonard,Senior DevOps Engineer,02/06/1964,18/02/1983,,White Collar,Permanent,Full Time,Flex and Fixed,Active,High,Male,58,"39 Years, 10 Months",39,64460.22,1,0.91,0.6,0.61,2,1,1,1,1,68574.7,0
8263,15772503,Burns,Accountant,20/10/1998,07/11/2013,,White Collar,Permanent,Full Time,Fixed,Active,Medium,Female,24,"9 Years, 1 Months",9,33764.82,1,0.3,0.55,0.71,2,1,0,1,0,37104.2,0
8264,15584453,Burtch,Customer Care Specialist-Key Accounts,24/11/1983,25/11/2017,,White Collar,Permanent,Full Time,Fixed,Active,Low,Male,39,"5 Years, 0 Months",5,31597.11,1,0.74,0.76,0.72,2,0,1,0,1,34722.1,0
8265,15710111,Clark,Trucking Team Leader- Air Logistics,28/09/1970,21/02/2021,,White Collar,Permanent,Full Time,Fixed,Active,Low,Male,52,"1  Years, 9 Months",1,42508.4,4,0.78,0.84,0.74,0,0,0,0,0,42508.4,0
8266,15618562,Woodward,Java Software Engineer ,25/11/1988,18/08/2010,09/07/2018,White Collar,Permanent,Full Time,Flex and Fixed,Voluntarily Terminated,Medium,Female,34,"7 Years, 10 Months",7,66913.96,1,0.26,0.33,0.62,5,1,0,1,0,70435.75,1
8267,15706764,Spencer,Data Engineer,16/06/1987,10/07/2021,,White Collar,Permanent,Full Time,Flex and Fixed,Active,Low,Female,35,"1  Years, 5 Months",1,68534.88,4,0.27,0.61,0.95,1,1,0,1,0,71390.5,0
8268,15798737,Chao,BI Developer,24/11/1974,28/11/2016,,White Collar,Permanent,Full Time,Flex and Fixed,Active,Low,Male,48,"6 Years, 0 Months",6,58957.79,3,0.83,0.91,0.93,2,1,0,1,0,62721.05,0
8269,15712608,Costa,Perishable Warehouse Specialist - Air Logistics,01/12/1981,16/03/2021,,Blue Collar,Permanent,Full Time,Fixed,Active,Low,Female,41,"1  Years, 9 Months",1,33494.7,4,0.3,0.73,0.74,0,0,1,0,0,33494.7,0
8270,15636736,McLachlan,Pricing Analyst,26/03/1985,04/11/2014,17/06/2016,White Collar,Permanent,Full Time,Flex and Fixed,Voluntarily Terminated,Low,Female,37,"1 Years, 7 Months",1,46404.32,2,0.28,0.87,0.67,4,1,1,0,1,49366.3,1
8271,15703544,Hung,Warehouse Shift Manager - Air Logistics,28/09/1976,26/02/2014,,White Collar,Permanent,Full Time,Fixed,Active,Medium,Male,46,"8 Years, 9 Months",8,52251.71,4,0.18,0.72,0.42,3,1,0,1,0,61472.6,0
8272,15815645,Akhtar,Analyst Programmer ,16/08/1974,13/11/2012,,White Collar,Permanent,Full Time,Flex and Fixed,Active,Low,Male,48,"10  Years, 1 Months",10,49982.56,3,0.71,0.8,0.51,2,1,1,1,1,60219.95,0
8273,15705739,Toscani,Customer Brokerage Specialist,06/04/1976,18/04/2019,,Blue Collar,Permanent,Full Time,Fixed,Active,Low,Male,46,"3 Years, 8 Months",3,32758.4,3,0.35,0.69,0.8,3,1,0,1,0,33771.55,0
8274,15709643,Gray,Project Manager,07/02/1977,05/05/2015,,White Collar,Permanent,Full Time,Flex and Fixed,Active,High,Male,46,"7 Years, 7 Months",7,37008.68,1,0.36,0.99,0.92,1,1,0,1,0,41120.76,0
8275,15669805,Warren,Trucking Specialist - Air Logistics,09/05/1987,21/07/2018,,Blue Collar,Permanent,Full Time,Fixed,Active,High,Female,35,"4 Years, 4 Months",4,32182.22,4,0.71,0.92,0.76,3,0,0,1,0,33523.15,0
8276,15737489,Ramsden,National Service Excellence Specialist- Air Logistics,12/04/1982,27/11/2016,,White Collar,Permanent,Full Time,Flex and Fixed,Active,High,Female,40,"6 Years, 0 Months",6,28239.64,1,0.36,0.6,0.88,2,0,0,0,0,32090.5,0
8277,15775131,Bartlett,BI Developer,31/05/1958,08/09/2014,,White Collar,Permanent,Full Time,Flex and Fixed,Active,Low,Male,64,"8 Years, 3 Months",8,54557.82,4,0.3,0.89,0.93,1,1,1,0,1,59953.65,0
8278,15765283,Wenz,Analyst Programmer ,19/11/1980,05/10/2021,,White Collar,Permanent,Full Time,Flex and Fixed,Active,Medium,Female,42,"1  Years, 2 Months",1,59264.2,3,0.27,0.91,0.93,0,1,0,1,0,59264.2,0
8279,15628715,Kisch,Accountant,27/09/1997,06/12/2005,,White Collar,Permanent,Full Time,Fixed,Active,High,Female,25,"17 Years, 0 Months",17,29332.16,3,0.7,0.54,0.52,3,1,1,1,1,35339.95,0
8280,15813283,Mai,Perishable Customer Care Team Leader - Air Logistics,21/01/1977,13/05/2013,,White Collar,Permanent,Full Time,Fixed,Active,Medium,Female,46,"9 Years, 7 Months",9,36288.38,2,0.47,0.88,0.68,3,0,0,0,0,41236.8,0
8281,15745716,McGregor,Perishable Customer Care Team Leader - Air Logistics,08/11/1999,01/12/2019,,White Collar,Permanent,Full Time,Fixed,Active,High,Male,23,"3 Years, 0 Months",3,38306.46,4,0.89,0.66,0.69,1,0,1,0,1,40751.55,0
8282,15598485,Pinto,Regional Air logistics Trainer Specialist,31/05/1986,11/03/2021,,White Collar,Permanent,Full Time,Fixed,Active,Medium,Male,36,"1  Years, 9 Months",1,33893.04,1,0.23,0.79,0.55,1,0,1,1,1,35305.25,0
8283,15696552,Newman,Regional Air logistics Trainer Specialist,28/11/1957,27/12/2006,,White Collar,Permanent,Full Time,Fixed,Active,Medium,Female,65,"15 Years, 11 Months",15,28267.26,1,0.26,0.78,0.64,9,0,0,1,0,34897.85,0
8284,15754569,Pagnotto,Cloud Service Analyst,07/08/1988,17/03/2021,,White Collar,Permanent,Full Time,Flex and Fixed,Active,Low,Male,34,"1  Years, 9 Months",1,63864.2,2,0.55,0.72,0.96,0,1,1,1,1,63864.2,0
8285,15701741,Williams,Sea Logistics Pricing Coordinator,07/12/1961,08/03/2018,,White Collar,Permanent,Full Time,Fixed,Active,High,Female,61,"4  Years, 9 Months",4,34102.22,3,0.59,0.64,0.94,1,0,0,1,0,35523.15,0
8286,15572631,Ndubuisi,Senior DevOps Engineer,02/12/1976,29/10/2016,,White Collar,Permanent,Full Time,Flex and Fixed,Active,High,Male,46,"6 Years, 1 Months",6,59170.96,3,0.16,0.68,0.95,1,1,1,0,1,68012.6,0
8287,15636069,Plummer,National Perishable Air Logistics Development Manager Retail,23/02/2000,07/06/2014,,White Collar,Permanent,Full Time,Flex and Fixed,Active,Low,Male,23,"8 Years, 6 Months",8,30412.41,4,0.21,0.99,0.87,3,1,0,1,0,36205.25,0
8288,15682467,Chimezie,Java Software Engineer ,08/09/1961,18/05/2009,,White Collar,Permanent,Full Time,Flex and Fixed,Active,Medium,Female,61,"13 Years, 7 Months",13,67133.77,3,0.76,0.85,0.55,2,1,1,1,1,71418.9,0
8289,15790744,Nash,Accounting Coordinator,10/02/1998,25/12/2017,,White Collar,Permanent,Full Time,Fixed,Active,Low,Female,25,"4 Years, 11 Months",4,36319.3,1,0.36,0.86,0.51,2,1,0,1,0,37832.6,0
8290,15625023,Onochie,Inventory Clerk,14/11/2002,25/04/2021,,Blue Collar,Fixed Term,Full Time,Fixed,Active,Low,Male,20,"1  Years, 7 Months",1,25116.8,1,0.58,0.89,0.98,0,0,1,0,1,25116.8,0
8291,15731267,Rizzo,Business Development Manager,20/05/1981,17/03/2012,,White Collar,Permanent,Full Time,Flex and Fixed,Active,Medium,Male,41,"10  Years, 9 Months",10,42428.65,2,0.28,0.49,0.85,3,1,0,1,0,52381.05,0
8292,15742879,Boni,Gateway & Procurement Specialist - Air Logistics,26/04/1973,05/02/2016,,Blue Collar,Permanent,Full Time,Fixed,Active,High,Male,49,"6 Years, 10 Months",6,28434.31,2,0.24,0.76,0.97,1,0,1,1,1,33063.15,0
8293,15757015,Davies,Accountant,13/01/1995,04/02/2017,,White Collar,Permanent,Full Time,Fixed,Active,Medium,Female,28,"5 Years, 10 Months",5,31254.79,4,0.37,0.79,0.87,2,1,0,1,0,33972.6,0
8294,15770711,Lu,Operations Specialist,11/11/1962,25/07/1999,,Blue Collar,Permanent,Full Time,Fixed,Active,Medium,Female,60,"23 Years, 4 Months",23,31238.48,4,0.19,0.89,0.64,2,0,1,0,1,35906.3,0
8295,15569430,Burrows,Accounts Payable,29/10/2000,08/03/2014,,White Collar,Permanent,Full Time,Fixed,Active,Medium,Female,22,"8 Years, 9 Months",8,30224.17,4,0.47,0.64,0.51,1,1,0,1,0,35557.85,0
8296,15617304,Ershova,National Service Excellence Specialist- Air Logistics,31/03/1963,23/06/1997,,White Collar,Permanent,Full Time,Flex and Fixed,Active,High,Male,59,"25 Years, 5 Months",25,32963.66,1,0.23,0.81,0.92,3,0,1,1,1,33983.15,0
8297,15704466,Udokamma,Account Manager ,17/01/1968,18/01/2008,,White Collar,Permanent,Full Time,Fixed,Active,Medium,Female,55,"14 Years, 11 Months",14,32239.82,2,0.24,0.96,0.7,2,1,0,1,0,33583.15,0
8298,15664681,Aitken,Customer Care Specialist-Key Accounts,22/01/1978,05/07/2016,,White Collar,Permanent,Full Time,Fixed,Active,Medium,Female,45,"6 Years, 5 Months",6,30177.08,4,0.27,0.7,0.87,2,0,0,0,0,34686.3,0
8299,15605534,Turnbull,Stock Investigator & Analyst,05/10/1980,19/03/2018,,White Collar,Permanent,Full Time,Flex and Fixed,Active,High,Female,42,"4 Years, 8 Months",4,47537.65,3,0.18,0.92,0.61,2,1,0,0,0,51115.75,0
8300,15792473,Reilly,Business Analyst,01/04/1983,15/06/2021,23/11/2021,White Collar,Permanent,Full Time,Flex and Fixed,Voluntarily Terminated,High,Female,39,"1  Years, 6 Months",1,41076.4625,1,0.26,0.5,0.76,2,1,1,0,1,48325.25,1
8301,15802625,Hardy,Regional Air logistics Trainer Specialist,07/06/1971,14/04/2021,,White Collar,Permanent,Full Time,Fixed,Active,Low,Male,51,"1  Years, 8 Months",1,31240.99,4,0.5,0.75,0.72,4,0,1,1,1,32885.25,0
8302,15766017,Brookman,Sales Account Manager,25/07/1990,23/04/2020,30/01/2021,White Collar,Permanent,Full Time,Fixed,Voluntarily Terminated,High,Male,32,"0 Years, 9 Months",0,30804.8925,1,0.27,0.42,0.38,2,1,1,1,1,36241.05,1
8303,15762172,Kerr,Sea Logistics Pricing Coordinator,17/10/1994,15/04/2013,,White Collar,Permanent,Full Time,Fixed,Active,Medium,Female,28,"9 Years, 8 Months",9,28902.04,3,0.45,0.78,0.4,1,0,0,1,0,31760.48,0
8304,15728333,McBurney,Sales Account Manager,20/04/1997,21/05/2013,,White Collar,Permanent,Full Time,Fixed,Active,Low,Male,25,"9 Years, 6 Months",9,27927.04,2,0.74,0.91,0.48,1,1,1,1,1,32100.05,0
8305,15792868,Mickey,Transport Controller,18/08/2003,25/08/2020,,Blue Collar,Fixed Term,Full Time,Fixed,Active,High,Male,19,"2 Years, 3 Months",2,23465.42,3,0.38,0.55,0.97,1,0,0,1,0,26665.25,0
8306,15605698,Harrison,Operations Specialist,11/09/1978,07/04/2008,18/07/2015,Blue Collar,Permanent,Full Time,Fixed,Voluntarily Terminated,High,Male,44,"7 Years, 3 Months",7,32017.49,2,0.26,0.57,0.81,4,0,1,1,1,33351.55,1
8307,15777060,Olszewski,Regional Air logistics Trainer Specialist,16/06/1987,10/04/2006,16/09/2016,White Collar,Permanent,Full Time,Fixed,Voluntarily Terminated,Low,Female,35,"10 Years, 5 Months",10,32128.07,1,0.27,0.27,0.48,5,0,0,1,1,35697.85,1
8308,15626243,Chijioke,Data Analyst,18/03/1961,04/04/2018,,White Collar,Permanent,Full Time,Flex and Fixed,Active,Low,Male,61,"4 Years, 8 Months",4,45074.31,1,0.26,0.7,0.43,1,1,1,1,0,51220.81,0
8309,15719898,Young,Business Development Manager,07/10/1990,01/05/2013,,White Collar,Permanent,Full Time,Flex and Fixed,Active,Medium,Male,32,"9 Years, 7 Months",9,40670.11,1,0.29,0.63,0.68,3,1,1,1,0,48416.8,0
8310,15599976,Bellasis,Recruiter,08/05/1974,14/09/2020,,White Collar,Permanent,Full Time,Fixed,Active,High,Female,48,"2 Years, 3 Months",2,33865.88,3,0.27,0.97,0.63,1,0,0,1,0,38051.55,0
8311,15752809,De Mestre,Business Development Executive,14/05/1964,08/03/2016,,White Collar,Permanent,Full Time,Flex and Fixed,Active,High,Male,58,"6 Years, 9 Months",6,39240.23,2,0.92,0.75,0.52,2,0,0,1,0,40041.05,0
8312,15589698,De Luca,Human Resoruces Coordinator,27/01/1961,12/05/1985,12/04/2018,White Collar,Permanent,Full Time,Fixed,Voluntarily Terminated,Low,Male,62,"32 Years, 11 Months",32,33124.57,1,0.26,0.7,0.6,5,0,1,1,1,35238.9,1
8313,15609977,Mundy,National Service Excellence Specialist- Air Logistics,07/05/1997,20/10/2012,,White Collar,Permanent,Full Time,Flex and Fixed,Active,Medium,Male,25,"10  Years, 1 Months",10,29541.46,4,0.08,0.83,0.51,4,0,0,1,0,35168.4,0
8314,15750121,Tung,Accounting Coordinator,06/11/1995,03/12/2016,,White Collar,Permanent,Full Time,Fixed,Active,Low,Male,27,"6 Years, 0 Months",6,34756.22,3,0.28,0.62,0.76,1,1,0,1,0,36974.7,0
8315,15734177,Donahue,National Air Logistics Pharma Compliance Specialist,29/04/1984,26/03/2015,,Blue Collar,Permanent,Full Time,Fixed,Active,Medium,Male,38,"7 Years, 8 Months",7,31587.48,3,0.73,0.55,0.47,1,0,1,1,1,35491.55,0
8316,15781347,Okagbue,Perishable Apprentice- Air Logistics,22/01/2002,30/09/2022,,Blue Collar,Apprentice,Full Time,Fixed,Active,High,Female,21,"0 Years, 2 Months",0,22647.35,1,0.97,0.57,0.77,0,0,1,1,1,22647.35,0
8317,15592025,Nnaemeka,National Service Excellence Specialist- Air Logistics,09/07/1962,14/03/1995,,White Collar,Permanent,Full Time,Flex and Fixed,Active,Low,Male,60,"27 Years, 9 Months",27,32187.58,4,0.74,0.5,0.78,2,0,1,1,1,36576.8,0
8318,15670163,Verjus,Data Analyst,08/12/1982,09/06/2020,,White Collar,Permanent,Full Time,Flex and Fixed,Active,Medium,Female,40,"2 Years, 6 Months",2,47423.72,4,0.2,0.93,0.88,2,1,0,0,0,48391.55,0
8319,15765402,H?,National Perishable Air Logistics Development Manager Retail,09/08/1997,25/08/2015,,White Collar,Permanent,Full Time,Flex and Fixed,Active,Medium,Female,25,"7 Years, 3 Months",7,32711.13,2,0.89,0.77,0.66,3,1,0,0,0,35946.3,0
8320,15624343,Napolitani,Sea Logiscitcs Customer Care Specialist ,13/10/1975,29/07/2013,,Blue Collar,Permanent,Full Time,Fixed,Active,Low,Female,47,"9 Years, 4 Months",9,29091.83,3,0.09,0.93,0.97,3,0,0,0,0,33058.9,0
8321,15602354,Ginikanwa,Account Manager ,19/03/1999,28/11/2018,,White Collar,Permanent,Full Time,Fixed,Active,Low,Male,23,"4 Years, 0 Months",4,31455.4,4,0.27,0.72,1,1,1,0,1,0,35343.15,0
8322,15579183,Spaull,Inside Sales Executive/ Account Manager,02/07/1999,18/03/2012,,White Collar,Permanent,Full Time,Flex and Fixed,Active,Medium,Male,23,"10  Years, 9 Months",10,28788.2,4,0.83,0.78,0.53,4,1,1,1,1,35985.25,0
8323,15584899,Siciliani,Warehouse Specialist - Air Logistics,24/05/1963,10/07/1985,,Blue Collar,Fixed Term,Full Time,Fixed,Active,Low,Female,59,"37  Years, 5 Months",37,24329.17,3,0.28,0.55,0.75,1,0,1,0,1,25882.1,0
8324,15723658,Voronina,Gateway & Procurement Specialist - Air Logistics,14/10/1986,06/01/2014,,Blue Collar,Permanent,Full Time,Fixed,Active,High,Female,36,"8 Years, 11 Months",8,27721.6,4,0.53,0.72,0.86,2,0,0,1,0,32613.65,0
8325,15803965,Tang,BI Developer,09/05/1979,15/04/2013,,White Collar,Permanent,Full Time,Flex and Fixed,Active,High,Male,43,"9 Years, 8 Months",9,56172.68,4,0.26,0.67,0.78,2,1,1,1,1,64566.3,0
8326,15682489,Crumbley,National Service Excellence Specialist- Air Logistics,10/08/1982,18/06/2022,,White Collar,Permanent,Full Time,Flex and Fixed,Active,Low,Male,40,"0 Years, 6 Months",0,35647.35,2,0.29,0.61,0.89,0,0,0,1,0,35647.35,0
8327,15813645,Hamilton,Perishable Customer Care Team Leader - Air Logistics,30/11/1959,14/11/2010,,White Collar,Permanent,Full Time,Fixed,Active,Low,Female,63,"12 Years, 1 Months",12,37923.55,2,0.26,0.6,0.69,1,0,1,1,1,40690.5,0
8328,15766787,Piazza,National Air Logistics Gateway Trade Lane Specialist,05/07/1988,26/10/2020,,White Collar,Permanent,Full Time,Fixed,Active,Medium,Female,34,"2 Years, 1 Months",2,32955.25,4,0.44,0.48,0.64,1,0,1,1,1,35435.75,0
8329,15687171,Birch,Apprentice,16/08/2003,13/04/2022,,Blue Collar,Apprentice,Full Time,Fixed,Active,Low,Male,19,"0 Years, 8 Months",0,22527.35,1,0.46,0.75,0.84,0,0,0,1,0,22527.35,0
8330,15690744,Custance,Technical Support Engineer,11/02/1964,22/06/2017,,White Collar,Permanent,Full Time,Flex and Fixed,Active,Medium,Male,59,"5 Years, 5 Months",5,55123.52,4,0.86,0.87,0.58,1,1,0,1,0,59272.6,0
8331,15707974,Anayochukwu,National Air Logistics Pharma Compliance Specialist,24/01/1968,06/10/2016,,Blue Collar,Permanent,Full Time,Fixed,Active,Medium,Female,55,"6 Years, 2 Months",6,30370.63,1,0.25,0.51,0.54,2,0,0,1,0,33011.55,0
8332,15673084,Galkin,Finance Analyst,19/10/1989,26/07/2018,,White Collar,Permanent,Full Time,Flex and Fixed,Active,Low,Male,33,"4 Years, 4 Months",4,47768.54,4,0.21,0.63,0.9,3,1,1,0,1,49758.9,0
8333,15814772,Adams,Warehouse Shift Manager - Air Logistics,29/04/1988,19/10/2015,,White Collar,Permanent,Full Time,Fixed,Active,High,Male,34,"7 Years, 1 Months",7,51055.16,2,0.53,0.6,0.57,1,1,1,0,1,60779.95,0
8334,15743709,Toomey,Operations Specialist,24/09/2000,29/01/2021,,Blue Collar,Permanent,Full Time,Fixed,Active,Medium,Male,22,"1  Years, 10 Months",1,35580.59,3,0.7,0.7,0.99,0,0,1,1,0,35580.59,0
8335,15610343,Marshall-Hall,Aerospace International Logistics Specialist,02/11/1996,05/12/2021,18/04/2022,Blue Collar,Permanent,Full Time,Fixed,Voluntarily Terminated,Low,Female,26,"1  Years, 0 Months",1,27302.221,2,0.28,0.5,0.99,2,0,1,1,1,32120.26,1
8336,15737414,Shen,Business Analyst,28/10/1980,10/12/2016,,White Collar,Permanent,Full Time,Flex and Fixed,Active,High,Male,42,"6 Years, 0 Months",6,45538.54,2,0.29,0.59,0.51,1,1,0,1,0,48445.25,0
8337,15788480,Pagnotto,Network Engineer,21/01/1992,06/08/2009,05/07/2015,White Collar,Permanent,Full Time,Flex and Fixed,Voluntarily Terminated,Low,Female,31,"5 Years, 10 Months",5,64322.7,2,0.23,0.52,0.39,5,1,0,0,1,68428.4,1
8338,15568519,Wood,Data Engineer,05/10/1982,17/03/2017,,White Collar,Permanent,Full Time,Flex and Fixed,Active,Medium,Male,40,"5 Years, 9 Months",5,65706.99,4,0.28,0.55,0.49,1,1,0,1,0,69901.05,0
8339,15792453,More,Transport Controller,19/04/2002,22/05/2012,,Blue Collar,Fixed Term,Full Time,Fixed,Active,Low,Female,20,"10  Years, 6 Months",10,24440.18,4,0.28,0.81,0.62,1,0,1,1,1,27155.75,0
8340,15658100,Piccio,Sea Logistics Pricing Coordinator,12/09/1972,19/01/2022,,White Collar,Permanent,Full Time,Fixed,Active,Low,Female,50,"0 Years, 10 Months",0,36552.6,4,0.27,0.94,0.98,0,0,1,0,1,36552.6,0
8341,15695197,Tochukwu,Sales Specialist-Air Logitics ,27/09/2002,04/01/2020,,Blue Collar,Permanent,Full Time,Fixed,Active,Low,Female,20,"2 Years, 11 Months",2,30955.29,2,0.94,0.98,0.61,2,0,0,1,0,34016.8,0
8342,15749807,Graham,Gateway & Procurement Specialist - Air Logistics,24/01/1959,19/01/2013,,Blue Collar,Permanent,Full Time,Fixed,Active,Medium,Female,64,"9 Years, 10 Months",9,32416.89,2,0.29,0.83,0.84,2,0,0,1,0,35235.75,0
8343,15773876,Tung,Trucking Team Leader- Air Logistics,15/09/1961,27/11/2013,,White Collar,Permanent,Full Time,Fixed,Active,High,Female,61,"9 Years, 0 Months",9,35216.59,2,0.8,0.93,0.62,1,0,0,1,0,38278.9,0
8344,15591698,P'eng,Sea Logiscitcs Customer Care Specialist ,14/01/1983,28/05/2015,05/03/2022,Blue Collar,Permanent,Full Time,Fixed,Voluntarily Terminated,Medium,Female,40,"6 Years, 9 Months",6,30964.73,1,0.27,0.55,0.54,4,0,0,1,1,34405.25,1
8345,15712813,Nevzorova,Analyst Programmer ,01/03/1955,04/05/2008,26/03/2021,White Collar,Permanent,Full Time,Flex and Fixed,Voluntarily Terminated,Medium,Male,68,"14  Years, 7 Months",14,47162.9,2,0.28,0.55,0.57,5,1,1,0,1,60465.25,1
8346,15763898,Toscani,Pricing Analyst,04/10/1956,18/09/2015,,White Collar,Permanent,Full Time,Flex and Fixed,Active,High,Female,66,"7 Years, 3 Months",7,45604.4,4,0.76,0.96,0.83,2,1,1,1,0,50671.55,0
8347,15793324,McKenzie,Operations Specialist,05/06/1999,28/03/2016,,Blue Collar,Permanent,Full Time,Fixed,Active,Medium,Male,23,"6 Years, 8 Months",6,30723.72,3,0.55,0.56,0.77,1,0,1,0,1,35725.25,0
8348,15757759,Okwuoma,Regional Air logistics Trainer Specialist,04/09/1987,25/01/2016,04/09/2017,White Collar,Permanent,Full Time,Fixed,Voluntarily Terminated,High,Female,35,"6  Years, 10 Months",6,32586.43,2,0.29,0.97,0.6,4,0,0,1,1,33944.2,1
8349,15796230,Morley,Transport Controller,30/09/1963,23/12/2008,26/09/2022,Blue Collar,Fixed Term,Full Time,Fixed,Voluntarily Terminated,Low,Female,59,"13 Years, 9 Months",13,24073,1,0.17,0.8,0.78,5,0,1,1,1,26166.3,1
8350,15611729,Kerr,Accounting Coordinator,09/06/1981,28/07/2015,10/02/2020,White Collar,Permanent,Full Time,Fixed,Voluntarily Terminated,Medium,Male,41,"4 Years, 6 Months",4,32523.54,2,0.28,0.32,0.55,5,1,1,1,1,34971.55,1
8351,15709531,Harding,Aerospace International Logistics Specialist,12/11/1990,03/07/2012,,Blue Collar,Permanent,Full Time,Fixed,Active,Medium,Male,32,"10  Years, 5 Months",10,28693.28,3,0.28,0.89,0.88,2,0,0,1,0,33756.8,0
8352,15650751,Butler,Apprentice,19/06/2004,15/08/2022,,Blue Collar,Apprentice,Full Time,Fixed,Active,Low,Female,18,"0 Years, 4 Months",0,21720.06,2,0.14,0.6,0.76,0,0,1,1,1,21720.06,0
8353,15641413,Crawford,Customer Brokerage Specialist,01/02/1984,18/01/2014,19/06/2017,Blue Collar,Permanent,Full Time,Fixed,Voluntarily Terminated,High,Female,39,"8  Years, 11 Months",8,33002.59,1,0.12,0.73,0.98,4,1,0,1,0,35410.5,1
8354,15753840,Brown,Operations Specialist,05/05/1994,09/04/2017,10/07/2017,Blue Collar,Permanent,Full Time,Fixed,Voluntarily Terminated,Medium,Female,28,"0 Years, 3 Months",0,29981.71,2,0.28,0.88,0.75,2,0,1,1,1,35272.6,1
8355,15669994,Greece,Gateway & Procurement Specialist - Air Logistics,06/06/1970,11/12/1989,,Blue Collar,Permanent,Full Time,Fixed,Active,High,Female,52,"33 Years, 0 Months",33,34365.92,4,0.28,0.5,0.7,1,0,0,1,0,36952.6,0
8356,15695301,Matthews,BI Developer,24/04/1960,06/10/1998,,White Collar,Permanent,Full Time,Flex and Fixed,Active,Medium,Male,62,"24  Years, 2 Months",24,56753.21,4,0.39,0.53,0.78,1,1,1,1,1,60375.75,0
8357,15792004,Heath,Customer Care Specialist-Key Accounts,13/01/1997,10/11/2013,,White Collar,Permanent,Full Time,Fixed,Active,Medium,Female,26,"9 Years, 1 Months",9,33563.67,2,0.24,0.95,0.43,1,0,0,1,0,36883.15,0
8358,15603035,Vincent,Business Development Executive,29/11/1968,29/11/1995,,White Collar,Permanent,Full Time,Flex and Fixed,Active,High,Male,54,"27 Years, 0 Months",27,37254.54,1,0.26,0.94,0.53,1,0,1,1,1,42334.7,0
8359,15717286,Sal,Inside Sales Executive/ Account Manager,20/08/2000,28/07/2016,19/04/2020,White Collar,Permanent,Full Time,Flex and Fixed,Voluntarily Terminated,High,Female,22,"3 Years, 8 Months",3,31138.32,2,0.24,0.49,0.8,4,1,0,1,0,36207.35,1
8360,15577107,Milne,Apprentice,18/02/2004,14/04/2009,07/12/2017,Blue Collar,Apprentice,Full Time,Fixed,Voluntarily Terminated,Low,Female,19,"8 Years, 7 Months",8,20789.47,2,0.27,0.59,0.57,4,0,1,1,1,22306.3,1
8361,15754747,Bazile,National Perishable Air Logistics Development Manager Seafood,14/11/1981,18/12/2018,,White Collar,Permanent,Full Time,Flex and Fixed,Active,Low,Male,41,"4 Years, 0 Months",4,29490.32,1,0.29,0.51,0.91,1,1,1,0,1,32054.7,0
8362,15705676,Wardle,Network Engineer,03/01/1985,29/08/2013,,White Collar,Permanent,Full Time,Flex and Fixed,Active,High,Female,38,"9 Years, 3 Months",9,61280.44,3,0.37,0.66,0.66,2,1,0,0,0,65751.55,0
8363,15751912,Lilly,Perishable Apprentice- Air Logistics,12/12/2002,02/07/2022,,Blue Collar,Apprentice,Full Time,Fixed,Active,Low,Male,20,"0 Years, 5 Months",0,21381.05,4,0.43,0.76,0.94,0,0,1,1,1,21381.05,0
8364,15677336,Aitken,Material Handler ,03/11/2003,16/06/2021,18/03/2022,Blue Collar,Fixed Term,Full Time,Fixed,Voluntarily Terminated,High,Male,19,"1  Years, 6 Months",1,22688.59,2,0.21,0.12,0.59,5,0,0,1,0,24136.8,1
8365,15684395,Enderby,Perishable Warehouse Specialist - Air Logistics,24/11/1992,21/07/2019,04/01/2020,Blue Collar,Permanent,Full Time,Fixed,Voluntarily Terminated,High,Female,30,"0 Years, 5 Months",0,30186.6025,2,0.28,0.84,0.65,2,0,1,1,1,35513.65,1
8366,15659949,Chiu,Regional Air logistics Trainer Specialist,02/02/1962,01/06/2021,,White Collar,Permanent,Full Time,Fixed,Active,High,Male,61,"1 Years, 6 Months",1,36491.55,2,0.55,0.94,0.81,0,0,0,1,0,36491.55,0
8367,15812422,Ugorji,Forklift Operator,08/12/2001,12/05/2012,,Blue Collar,Fixed Term,Full Time,Fixed,Active,Medium,Male,21,"10  Years, 7 Months",10,21416.9,1,0.82,0.63,0.84,2,0,1,0,1,26440.62,0
8368,15806941,Sharpe,Operations Specialist,26/04/1980,06/06/2015,,Blue Collar,Permanent,Full Time,Fixed,Active,Low,Male,42,"7 Years, 6 Months",7,31479.27,4,0.18,0.79,0.99,1,0,1,1,1,34592.6,0
8369,15637690,Houghton,Human Resoruces Coordinator,18/07/1996,23/07/2011,09/12/2015,White Collar,Permanent,Full Time,Fixed,Voluntarily Terminated,High,Female,26,"4 Years, 4 Months",4,29179.46,1,0.28,0.85,0.68,5,0,0,1,0,31716.8,1
8370,15632882,Konovalova,Warehouse Quality Control Specialist - Air Logistics,12/10/1962,13/06/2010,27/10/2014,Blue Collar,Permanent,Full Time,Fixed,Voluntarily Terminated,High,Male,60,"4 Years, 4 Months",4,26639.26,2,0.16,0.74,0.52,5,0,1,1,1,27463.15,1
8371,15807107,Patel,Customer Servce Administrative Officer,03/05/1991,19/01/2021,,Blue Collar,Permanent,Full Time,Fixed,Active,High,Male,31,"1  Years, 10 Months",1,34897.85,3,0.56,0.58,0.75,0,0,0,1,0,34897.85,0
8372,15661034,Ngozichukwuka,Internal Trainer,16/07/1976,10/02/2015,19/04/2019,White Collar,Permanent,Full Time,Fixed,Voluntarily Terminated,Low,Female,46,"4 Years, 2 Months",4,31338.93,2,0.26,0.62,0.51,5,0,0,0,0,36440.62,1
8373,15811958,Medland,Data Engineer,28/07/1980,19/04/2019,,White Collar,Permanent,Full Time,Flex and Fixed,Active,High,Male,42,"3 Years, 7 Months",3,63073.81,4,0.2,0.72,0.56,1,1,0,0,0,70869.45,0
8374,15785167,Padovano,Customer Servce Administrative Officer,20/11/1971,23/07/2011,,Blue Collar,Permanent,Full Time,Fixed,Active,High,Male,51,"11 Years, 4 Months",11,27999.36,1,0.37,0.7,0.83,1,0,0,0,0,31459.95,0
8375,15646720,Tsui,Senior DevOps Engineer,11/01/1990,17/05/2000,27/01/2015,White Collar,Permanent,Full Time,Flex and Fixed,Voluntarily Terminated,Low,Female,33,"14 Years, 8 Months",14,59451.68,2,0.29,0.57,0.75,5,1,0,1,0,69943.15,1
8376,15658614,H?,Accounting Coordinator,25/08/1998,08/10/2016,,White Collar,Permanent,Full Time,Fixed,Active,Medium,Female,24,"6 Years, 2 Months",6,31661.17,3,0.3,0.83,0.99,2,1,1,1,1,33682.1,0
8377,15704657,Denman,IT System Engineer,02/08/1961,19/07/2012,03/03/2013,White Collar,Permanent,Full Time,Flex and Fixed,Terminated for Cause,Low,Male,61,"0 Years, 7 Months",0,60665.8175,2,0.15,0.71,0.96,2,1,0,1,0,71371.55,1
8378,15567147,Ratten,Business Development Manager,18/03/1988,26/11/2014,,White Collar,Permanent,Full Time,Flex and Fixed,Active,Low,Male,34,"8 Years, 0 Months",8,46562.36,3,0.28,0.61,0.72,1,1,1,1,1,53519.95,0
8379,15701319,Baxter,Accounting Coordinator,20/07/1995,29/03/2022,07/08/2022,White Collar,Permanent,Full Time,Fixed,Voluntarily Terminated,High,Female,27,"0 Years, 4 Months",0,30343.1725,4,0.14,0.59,0.69,2,1,1,1,1,35697.85,1
8380,15745266,Norman,Sea Logistics Pricing Coordinator,13/02/1971,27/11/2011,27/10/2016,White Collar,Permanent,Full Time,Fixed,Voluntarily Terminated,Low,Male,52,"4 Years, 11 Months",4,33214.84,2,0.09,0.69,0.61,5,0,1,0,1,34242.1,1
8381,15650437,Shen,Customer Brokerage Specialist,21/08/1964,07/01/2018,,Blue Collar,Permanent,Full Time,Fixed,Active,Medium,Male,58,"4 Years, 11 Months",4,31722.22,1,0.27,0.63,0.81,1,1,1,1,1,36886.3,0
8382,15764314,Reilly,Operations Specialist,29/06/1969,11/02/2017,,Blue Collar,Permanent,Full Time,Fixed,Active,Low,Male,53,"5 Years, 10 Months",5,35701.05,3,0.26,0.9,0.59,0,0,0,1,0,35701.05,0
8383,15612594,Ifeanacho,Warehouse Shift Team Leader- Air Logistics,28/08/1968,18/05/2007,,White Collar,Permanent,Full Time,Fixed,Active,Low,Male,54,"15 Years, 7 Months",15,37285.16,4,0.17,0.64,0.57,3,0,1,1,1,40527.35,0
8384,15593501,Graham,Gateway & Procurement Team Leader- Air Logistics,04/12/1960,05/11/2003,,White Collar,Permanent,Full Time,Fixed,Active,Medium,Female,62,"19 Years, 1 Months",19,38341.12,2,0.27,0.92,0.62,1,0,0,1,0,43569.45,0
8385,15804150,Lysaght,Human Resoruces Coordinator,19/10/1965,27/08/1993,,White Collar,Permanent,Full Time,Fixed,Active,Low,Male,57,"29 Years, 3 Months",29,33879.39,1,0.9,0.96,0.87,6,0,1,1,1,36429.45,0
8386,15649297,T'ang,Perishable Customer Care Team Leader - Air Logistics,21/06/1959,18/11/2020,,White Collar,Permanent,Full Time,Fixed,Active,Low,Female,63,"2 Years, 1 Months",2,40397.85,1,0.3,0.66,0.51,0,0,1,0,1,40397.85,0
8387,15641110,Abron,Java Software Engineer ,12/07/1976,13/03/2020,,White Collar,Permanent,Full Time,Flex and Fixed,Active,Low,Male,46,"2 Years, 9 Months",2,69401.49,3,0.89,0.48,0.97,1,1,0,1,0,70817.85,0
8388,15660608,Chimaraoke,Cloud Service Analyst,29/07/1989,22/01/2012,,White Collar,Permanent,Full Time,Flex and Fixed,Active,Medium,Male,33,"10  Years, 10 Months",10,47590.18,1,0.66,0.57,0.55,2,1,0,1,0,58036.8,0
8389,15806570,Y?an,National Air Logistics Pharma Compliance Specialist,25/06/1991,21/07/2009,02/03/2018,Blue Collar,Permanent,Full Time,Fixed,Voluntarily Terminated,Low,Female,31,"8 Years, 7 Months",8,30702.04,2,0.28,0.59,0.79,5,0,0,1,0,32942.1,1
8390,15715345,Sergeyeva,Accounts Payable,11/04/1990,01/11/2016,,White Collar,Permanent,Full Time,Fixed,Active,Medium,Male,32,"6 Years, 1 Months",6,32169.42,4,0.27,0.66,0.85,2,1,0,1,0,37406.3,0
8391,15755521,Ma,Sea Logiscitcs Customer Care Specialist ,13/01/1969,26/11/2001,17/04/2014,Blue Collar,Permanent,Full Time,Fixed,Voluntarily Terminated,Low,Female,54,"12 Years, 4 Months",12,32380.67,2,0.26,0.69,0.92,5,0,1,0,1,35583.15,1
8392,15579074,Obiajulu,Data Analyst,17/06/1957,02/11/2002,,White Collar,Permanent,Full Time,Flex and Fixed,Active,High,Male,65,"20 Years, 1 Months",20,35839.73,2,0.95,0.65,0.79,3,1,1,1,1,47786.3,0
8393,15641158,Belcher,National Service Excellence Specialist- Air Logistics,24/05/1997,03/12/2016,30/05/2021,White Collar,Permanent,Full Time,Flex and Fixed,Voluntarily Terminated,High,Male,25,"4 Years, 5 Months",4,29335.93,2,0.3,0.58,0.94,5,0,0,1,0,34111.55,1
8394,15752507,K?,Internal Trainer,24/04/1956,13/07/1984,02/07/2021,White Collar,Permanent,Full Time,Fixed,Voluntarily Terminated,High,Male,66,"36 Years, 11 Months",36,17615.81,1,0.15,0.72,0.57,4,0,0,1,0,31456.8,1
8395,15597983,Brown,Data Engineer,22/07/1970,26/10/2021,,White Collar,Permanent,Full Time,Flex and Fixed,Active,High,Male,52,"1  Years, 1 Months",1,66721.01,3,0.27,0.65,0.99,1,1,1,1,1,69501.05,0
8396,15586069,Abernathy,Aerospace International Logistics Specialist,15/09/2000,09/06/2021,,Blue Collar,Permanent,Full Time,Fixed,Active,Low,Female,22,"1  Years, 6 Months",1,32299.95,1,0.3,0.63,0.77,0,0,0,1,0,32299.95,0
8397,15655082,Pape,Business Analyst,27/04/1980,01/06/2017,18/02/2018,White Collar,Permanent,Full Time,Flex and Fixed,Voluntarily Terminated,Medium,Female,42,"0 Years, 8 Months",0,43824.792,2,0.29,0.55,0.87,2,1,0,1,1,49800.9,1
8398,15720155,Tao,BI Developer,19/10/1980,18/10/2015,19/01/2019,White Collar,Permanent,Full Time,Flex and Fixed,Voluntarily Terminated,Medium,Male,42,"3 Years, 3 Months",3,56227.22,1,0.27,0.74,0.56,4,1,1,0,1,65380.49,1
8399,15582116,Ma,Operations Specialist,23/05/1962,19/11/2005,02/07/2013,Blue Collar,Permanent,Full Time,Fixed,Voluntarily Terminated,High,Female,60,"7 Years, 7 Months",7,32034.29,2,0.29,0.58,0.84,5,0,0,1,0,35593.65,1
8400,15749365,Earle,Customer Servce Administrative Officer,13/09/1998,31/08/2022,,Blue Collar,Permanent,Full Time,Fixed,Active,High,Female,24,"0 Years, 3 Months",0,35912.6,4,0.24,0.71,0.72,0,0,1,0,1,35912.6,0
8401,15632069,Kazantsev,Perishable Warehouse Specialist - Air Logistics,10/08/1973,15/06/2020,,Blue Collar,Permanent,Full Time,Fixed,Active,High,Male,49,"2 Years, 6 Months",2,31580.8,2,0.17,0.83,0.37,2,0,0,1,0,33957.85,0
8402,15663134,Uspenskaya,Human Resoruces Coordinator,30/05/1982,07/04/2011,05/10/2020,White Collar,Permanent,Full Time,Fixed,Voluntarily Terminated,Low,Male,40,"9 Years, 5 Months",9,27822.56,2,0.3,0.63,0.52,5,0,1,1,1,33122.1,1
8403,15766683,Coombes,Business Analyst,15/02/1956,05/08/1983,25/08/2021,White Collar,Permanent,Full Time,Flex and Fixed,Voluntarily Terminated,Medium,Male,67,"38 Years, 0 Months",38,27708.76,2,0.28,0.56,0.61,4,1,0,0,0,44691.55,1
8404,15707219,Hopman,Analyst Programmer ,13/02/1962,25/10/2012,,White Collar,Permanent,Full Time,Flex and Fixed,Active,Low,Female,61,"10 Years, 1 Months",10,59955.97,2,0.66,0.88,0.55,1,1,1,0,0,63111.55,0
8405,15709232,McKay,Aerospace International Logistics Specialist,16/11/1991,15/05/2020,,Blue Collar,Permanent,Full Time,Fixed,Active,Medium,Female,31,"2 Years, 7 Months",2,31561.15,3,0.08,0.82,0.55,2,0,1,1,1,32205.25,0
8406,15801351,Milanesi,Finance Analyst,02/06/1962,12/05/1992,,White Collar,Permanent,Full Time,Flex and Fixed,Active,High,Male,60,"30 Years, 7 Months",30,45159.71,2,0.71,0.69,0.72,2,1,0,1,0,51317.85,0
8407,15578747,Chineze,National Perishable Air Logistics Development Manager Retail,19/06/1997,10/05/2021,,White Collar,Permanent,Full Time,Flex and Fixed,Active,Medium,Male,25,"1  Years, 7 Months",1,32787.35,3,0.79,0.57,0.54,0,1,1,0,1,32787.35,0
8408,15675626,Dawson,Software Engineer,15/03/1972,14/01/2018,,White Collar,Permanent,Full Time,Flex and Fixed,Active,High,Male,50,"4 Years, 11 Months",4,61394.65,1,0.46,0.75,0.69,1,1,0,0,0,66015.75,0
8409,15583736,Shih,Data Analyst,04/07/1982,17/08/2021,,White Collar,Permanent,Full Time,Flex and Fixed,Active,High,Male,40,"1  Years, 4 Months",1,44703.96,2,0.2,0.6,0.98,1,1,0,1,0,47056.8,0
8410,15590011,Hughes,Senior DevOps Engineer,05/09/1968,03/01/2010,,White Collar,Permanent,Full Time,Flex and Fixed,Active,Medium,Male,54,"12  Years, 11 Months",12,64013.67,4,0.49,0.96,0.92,1,1,1,1,1,68684.2,0
8411,15609913,Clark,Perishable Operational Care Specialist - Air Logistics,03/09/1986,29/07/2017,,Blue Collar,Permanent,Full Time,Fixed,Active,Low,Female,36,"5 Years, 4 Months",5,31229.01,4,0.18,0.75,0.67,2,0,0,1,0,34698.9,0
8412,15719479,Chukwuhaenye,Data Engineer,25/04/1968,24/12/1995,,White Collar,Permanent,Full Time,Flex and Fixed,Active,Medium,Female,54,"26 Years, 11 Months",26,66136.38,2,0.27,1,0.61,2,1,1,1,1,70357.85,0
8413,15575147,Wall,National Perishable Air Logistics Development Manager Seafood,28/06/1983,19/10/2005,20/09/2021,White Collar,Permanent,Full Time,Flex and Fixed,Terminated for Cause,High,Male,39,"15 Years, 11 Months",15,27076.58,2,0.26,0.92,0.97,5,1,0,1,0,36102.1,1
8414,15597309,Howell,Sea Logiscitcs Customer Care Specialist ,13/10/1992,17/06/2013,,Blue Collar,Permanent,Full Time,Fixed,Active,Medium,Male,30,"9 Years, 6 Months",9,30596.33,3,0.29,0.84,0.93,1,0,0,0,0,36424.2,0
8415,15648367,Lo,Operations Specialist,31/07/1987,24/12/2016,,Blue Collar,Permanent,Full Time,Fixed,Active,Medium,Female,35,"5 Years, 11 Months",5,34810.99,3,0.28,0.82,0.77,1,0,1,1,0,36643.15,0
8416,15758031,Lazarev,Gateway & Procurement Specialist - Air Logistics,12/10/1982,26/04/1997,,Blue Collar,Permanent,Full Time,Fixed,Active,Low,Male,40,"25 Years, 7 Months",25,31926.24,4,0.29,0.74,0.42,2,0,1,0,1,32913.65,0
8417,15751771,Lowe,Pricing Analyst,24/03/1959,28/11/2011,,White Collar,Permanent,Full Time,Flex and Fixed,Active,Medium,Male,63,"11  Years, 0 Months",11,42391.71,3,0.77,0.73,0.39,2,1,1,0,1,49872.6,0
8418,15689288,Folliero,Human Resoruces Coordinator,21/07/1994,08/10/2019,,White Collar,Permanent,Full Time,Fixed,Active,Medium,Female,28,"3 Years, 2 Months",3,32731.87,4,0.75,0.62,0.64,1,0,0,1,0,33744.2,0
8419,15731026,Han,Customer Care Specialist-Key Accounts,01/12/1980,10/03/2015,,White Collar,Permanent,Full Time,Fixed,Active,Medium,Female,42,"7 Years, 9 Months",7,32054.98,3,0.51,0.54,0.48,2,0,0,1,0,35225.25,0
8420,15775809,Holloway,Apprentice,16/01/2002,08/03/2022,,Blue Collar,Apprentice,Full Time,Fixed,Active,Low,Female,21,"0 Years, 9 Months",0,21775.75,2,0.26,0.55,0.97,0,0,1,1,1,21775.75,0
8421,15743076,Pai,Revenue Care Specialist- Air Logistics,16/07/1981,15/02/2021,,White Collar,Permanent,Full Time,Fixed,Active,Medium,Male,41,"1  Years, 10 Months",1,41625.96,3,0.72,0.84,0.55,1,1,1,1,1,43816.8,0
8422,15658258,Trejo,Inside Sales Executive/ Account Manager,11/07/1961,27/11/1994,,White Collar,Permanent,Full Time,Flex and Fixed,Active,Medium,Male,61,"28 Years, 0 Months",28,32443.72,1,0.2,0.61,0.56,2,1,0,1,0,37725.25,0
8423,15756321,Johnston,Technical Support Engineer,16/04/1976,16/03/2014,26/02/2019,White Collar,Permanent,Full Time,Flex and Fixed,Voluntarily Terminated,Low,Female,46,"4 Years, 11 Months",4,51140.94,2,0.3,0.64,0.53,4,1,0,0,1,58114.7,1
8424,15706799,Macknight,Customer Care Specialist-Key Accounts,30/05/1996,24/09/2014,09/10/2018,White Collar,Permanent,Full Time,Fixed,Voluntarily Terminated,Low,Male,26,"4 Years, 0 Months",4,28160.33,2,0.26,0.92,0.51,5,0,0,0,0,33524.2,1
8425,15775703,Lo,Revenue Care Specialist- Air Logistics,30/03/1981,24/07/2015,01/07/2017,White Collar,Permanent,Full Time,Fixed,Voluntarily Terminated,High,Male,41,"1 Years, 11 Months",1,38520.76,2,0.22,0.86,0.87,5,1,1,1,1,42330.5,1
8426,15642636,Glossop,Business Development Manager,11/06/1974,17/06/2012,,White Collar,Permanent,Full Time,Flex and Fixed,Active,High,Male,48,"10  Years, 6 Months",10,39972.83,3,0.3,0.6,0.74,2,1,1,1,1,48747.35,0
8427,15704651,Bishop,Stock Investigator & Analyst,19/04/1988,07/11/2021,,White Collar,Permanent,Full Time,Flex and Fixed,Active,High,Male,34,"1  Years, 1 Months",1,46637.85,3,0.57,0.86,0.92,0,1,0,0,0,46637.85,0
8428,15806771,Yefremova,Stock Investigator & Analyst,21/11/1978,13/08/2019,24/04/2020,White Collar,Permanent,Full Time,Flex and Fixed,Voluntarily Terminated,High,Female,44,"0 Years, 8 Months",0,44717.86,2,0.12,0.55,0.51,2,1,0,1,1,50815.75,1
8429,15566735,Obialo,Perishable Operational Care Specialist - Air Logistics,24/05/2000,30/09/2020,,Blue Collar,Permanent,Full Time,Fixed,Active,High,Female,22,"2 Years, 2 Months",2,31782.29,3,0.26,0.54,0.58,1,0,1,1,1,35313.65,0
8430,15681671,Nkemjika,Operations Specialist,23/02/1960,22/09/1997,,Blue Collar,Permanent,Full Time,Fixed,Active,Medium,Male,63,"25 Years, 2 Months",25,28398.17,2,0.28,0.49,0.9,2,0,1,1,1,33807.35,0
8431,15775949,Trevisani,Customer Care Specialist-Key Accounts,18/07/1999,08/12/2016,,White Collar,Permanent,Full Time,Fixed,Active,Medium,Female,23,"6 Years, 0 Months",6,31576,2,0.14,0.98,0.72,2,0,1,1,1,34698.9,0
8432,15586752,Parkes,Transport Controller,25/11/1969,12/07/1999,,Blue Collar,Fixed Term,Full Time,Fixed,Active,Medium,Male,53,"23 Years, 5 Months",23,19851.44,4,0.46,0.55,0.55,3,0,1,1,1,25128.4,0
8433,15582519,Seleznyov,Trucking Specialist - Air Logistics,02/08/1978,24/03/2021,11/07/2021,Blue Collar,Permanent,Full Time,Fixed,Voluntarily Terminated,Low,Male,44,"1  Years, 8 Months",1,32936.06,2,0.2,0.64,0.5,5,0,1,0,1,34308.4,1
8434,15658233,Naylor,Cloud Service Analyst,26/08/1966,01/01/2001,,White Collar,Permanent,Full Time,Flex and Fixed,Active,High,Female,56,"21 Years, 11 Months",21,56104.4,1,0.77,0.54,0.53,1,1,1,0,1,60197.85,0
8435,15755330,Forbes,Cloud Service Analyst,31/10/1987,19/02/2016,09/08/2020,White Collar,Permanent,Full Time,Flex and Fixed,Terminated for Cause,High,Male,35,"4 Years, 5 Months",4,61080.24,2,0.08,0.58,0.45,4,1,1,0,1,63625.25,1
8436,15605072,Douglas,Java Software Engineer ,10/08/1973,09/09/2013,19/03/2017,White Collar,Permanent,Full Time,Flex and Fixed,Voluntarily Terminated,Medium,Female,49,"3 Years, 6 Months",3,65507.53,2,0.27,0.57,0.37,4,1,1,1,1,71986.3,1
8437,15617538,Nwankwo,Account Manager ,06/01/1980,29/04/2020,,White Collar,Permanent,Full Time,Fixed,Active,High,Male,43,"2 Years, 7 Months",2,32090.55,2,0.48,0.65,0.64,4,1,0,0,0,36056.8,0
8438,15591428,Myers,BI Developer,15/07/1987,14/02/2020,,White Collar,Permanent,Full Time,Flex and Fixed,Active,Low,Male,35,"2 Years, 10 Months",2,57896.06,3,0.99,0.6,0.4,1,1,0,0,0,62930.5,0
8439,15692142,Rogova,Data Analyst,24/06/1980,18/12/2018,20/03/2019,White Collar,Permanent,Full Time,Flex and Fixed,Voluntarily Terminated,Medium,Female,42,"0 Years, 3 Months",0,40288.248,1,0.41,0.59,0.45,2,1,1,1,1,45782.1,1
8440,15692931,Hsing,Technical Support Engineer,01/11/1971,03/01/2017,,White Collar,Permanent,Full Time,Flex and Fixed,Active,Medium,Male,51,"5 Years, 11 Months",5,58037.57,4,0.26,0.77,0.5,2,1,1,1,1,61742.1,0
8441,15781127,Giordano,Perishable Operational Care Specialist - Air Logistics,08/05/1987,24/04/2015,,Blue Collar,Permanent,Full Time,Fixed,Active,Low,Female,35,"7 Years, 7 Months",7,28356.44,4,0.77,0.55,0.49,1,0,1,1,1,32972.6,0
8442,15677136,Okwukwe,Business Analyst,27/12/1984,21/08/2018,,White Collar,Permanent,Full Time,Flex and Fixed,Active,Medium,Female,38,"4 Years, 3 Months",4,45364.73,3,0.38,0.5,0.6,2,1,0,0,0,50405.25,0
8443,15677828,Chalmers,Aerospace International Logistics Specialist,16/02/1979,26/07/2016,,Blue Collar,Permanent,Full Time,Fixed,Active,Medium,Female,44,"6 Years, 4 Months",6,32980.14,4,0.43,0.43,0.77,2,0,0,0,0,35085.25,0
8444,15567897,Chiazagomekpere,Cloud Service Analyst,16/05/1978,24/06/2018,,White Collar,Permanent,Full Time,Flex and Fixed,Active,Medium,Male,44,"4 Years, 5 Months",4,55994.26,2,0.08,0.58,0.84,1,1,1,1,1,58327.35,0
8445,15793641,Evseyev,Business Development Manager,25/01/1967,21/05/1984,,White Collar,Permanent,Full Time,Flex and Fixed,Active,Medium,Female,56,"38  Years, 6 Months",38,46306.65,2,0.22,0.66,0.68,3,1,1,1,1,49685.25,0
8446,15678333,Parry-Okeden,Trucking Specialist - Air Logistics,01/01/1958,18/09/1994,,Blue Collar,Permanent,Full Time,Fixed,Active,Low,Female,65,"28 Years, 3 Months",28,24104.29,4,0.88,0.7,0.8,1,0,0,1,0,34434.7,0
8447,15630511,Picot,Account Manager ,02/07/1972,23/11/2014,,White Collar,Permanent,Full Time,Fixed,Active,High,Female,50,"8 Years, 0 Months",8,29493.22,1,0.23,0.82,0.54,2,1,0,1,0,32057.85,0
8448,15792627,Reid,Cloud Service Analyst,29/04/1971,03/05/2015,,White Collar,Permanent,Full Time,Flex and Fixed,Active,Medium,Female,51,"7 Years, 7 Months",7,54048.05,3,0.52,0.49,0.49,1,1,1,1,1,62124.2,0
8449,15717191,Ferri,IT-Support,14/04/1982,17/08/2006,23/12/2015,White Collar,Permanent,Full Time,Fixed,Voluntarily Terminated,Low,Male,40,"9 Years, 4 Months",9,34539.87,2,0.26,0.99,0.79,4,0,1,1,1,37059.95,1
8450,15625716,Genovesi,Cloud Service Analyst,13/08/1986,28/09/2019,,White Collar,Permanent,Full Time,Flex and Fixed,Active,High,Female,36,"3 Years, 2 Months",3,60673.49,3,0.25,0.96,0.73,2,1,1,0,0,65949.45,0
8451,15710053,Neumayer,Internal Trainer,26/03/1962,07/06/1983,,White Collar,Permanent,Full Time,Fixed,Active,Low,Female,60,"39  Years, 6 Months",39,34275.98,2,0.27,0.7,0.57,2,0,1,0,1,36776.8,0
8452,15580043,Murray,Project Coordinator,09/08/1974,20/09/2018,,White Collar,Permanent,Full Time,Fixed,Active,Low,Female,48,"4 Years, 2 Months",4,30563.82,2,0.45,0.7,0.89,1,0,1,1,1,32514.7,0
8453,15601410,Tien,Trucking Team Leader- Air Logistics,02/07/1971,14/08/2021,31/07/2022,White Collar,Permanent,Full Time,Fixed,Voluntarily Terminated,Low,Female,51,"1  Years, 4 Months",1,40920.24,2,0.25,0.91,0.52,4,0,1,1,1,42625.25,1
8454,15684669,Parkes,Apprentice,15/05/2004,15/05/2021,26/01/2022,Blue Collar,Apprentice,Full Time,Fixed,Terminated for Cause,Medium,Female,18,"0 Years, 8 Months",0,20757.792,2,0.29,0.18,0.76,2,0,0,1,1,23588.4,1
8455,15619083,Yip,Accounts Payable,03/07/1981,10/07/2013,,White Collar,Permanent,Full Time,Fixed,Active,Medium,Female,41,"9 Years, 5 Months",9,29249.16,1,0.36,0.84,0.68,1,1,1,1,1,35239.95,0
8456,15692207,Ingle,Trucking Team Leader- Air Logistics,07/06/1964,11/12/1987,,White Collar,Permanent,Full Time,Fixed,Active,High,Female,58,"35  Years, 0 Months",35,34634.84,3,1,0.66,0.38,1,0,1,1,1,38483.15,0
8457,15730705,Chidubem,National Perishable Air Logistics Development Manager Retail,08/01/2001,23/12/2021,,White Collar,Permanent,Full Time,Flex and Fixed,Active,Medium,Male,22,"0 Years, 11 Months",0,32499.95,2,0.8,0.49,0.65,0,1,0,1,0,32499.95,0
8458,15749688,Lu,Inside Sales Executive/ Account Manager,30/11/1963,05/01/1997,,White Collar,Permanent,Full Time,Flex and Fixed,Active,Low,Male,59,"25  Years, 11 Months",25,29166.56,3,0.68,0.88,0.89,2,1,0,0,0,34722.1,0
8459,15728542,Vorobyova,Accounts Payable,16/11/1982,22/02/2021,,White Collar,Permanent,Full Time,Fixed,Active,High,Female,40,"1  Years, 9 Months",1,34981.99,3,0.76,0.69,0.91,1,1,1,1,1,36823.15,0
8460,15760063,Chiedozie,Gateway & Procurement Specialist - Air Logistics,23/06/1968,05/07/1994,,Blue Collar,Permanent,Full Time,Fixed,Active,Low,Male,54,"28 Years, 5 Months",28,33609.03,3,0.3,0.83,0.75,1,0,1,1,1,36531.55,0
8461,15658982,Napolitani,Regional Air logistics Trainer Specialist,22/12/1987,07/03/2012,05/02/2015,White Collar,Permanent,Full Time,Fixed,Voluntarily Terminated,Low,Female,35,"10  Years, 9 Months",10,26227.36,2,0.35,0.56,0.84,5,0,1,0,1,32784.2,1
8462,15758769,Coffey,National Service Excellence Specialist- Air Logistics,30/07/1988,15/07/2018,,White Collar,Permanent,Full Time,Flex and Fixed,Active,Medium,Female,34,"4 Years, 5 Months",4,33509.34,3,0.25,0.95,0.77,2,0,0,1,0,36031.55,0
8463,15778481,Chigbogu,Customer Care Specialist-Key Accounts,26/07/1974,12/05/2018,,White Collar,Permanent,Full Time,Fixed,Active,Low,Male,48,"4 Years, 7 Months",4,31793.92,3,0.79,0.56,1,2,0,1,1,0,36129.45,0
8464,15661162,Akabueze,Account Manager ,22/03/1985,28/12/2013,15/11/2022,White Collar,Permanent,Full Time,Fixed,Voluntarily Terminated,Medium,Male,37,"8 Years, 10 Months",8,30391.46,2,0.27,0.93,0.73,5,1,0,1,1,34535.75,1
8465,15568164,Istomin,National Perishable Air Logistics Development Manager Seafood,06/01/1961,02/09/2020,,White Collar,Permanent,Full Time,Flex and Fixed,Active,Low,Female,62,"2 Years, 3 Months",2,30455.76,4,0.13,0.84,0.52,2,1,1,1,1,34219.95,0
8466,15601569,Ndubueze,National Perishable Air Logistics Development Manager Retail,15/10/1991,08/12/2005,13/12/2016,White Collar,Permanent,Full Time,Flex and Fixed,Voluntarily Terminated,High,Female,31,"11 Years, 0 Months",11,29629.12,1,0.27,0.84,0.48,4,1,0,1,0,33669.45,1
8467,15772383,Toscani,Accounts Payable,01/11/1960,04/08/1996,,White Collar,Permanent,Full Time,Fixed,Active,High,Male,62,"26 Years, 4 Months",26,31476.903,1,0.28,0.52,0.65,2,1,0,0,0,36601.05,0
8468,15667456,Ross,BI Developer,09/09/1964,06/12/2011,,White Collar,Permanent,Full Time,Flex and Fixed,Active,Low,Male,58,"11 Years, 0 Months",11,55537.76,3,0.3,0.98,0.8,2,1,1,1,1,61030.5,0
8469,15672983,Fernando,Operations Specialist,14/01/1968,10/10/1992,,Blue Collar,Permanent,Full Time,Fixed,Active,Low,Female,55,"30 Years, 2 Months",30,23155.96,3,0.88,0.66,0.64,3,0,0,1,0,32161.05,0
8470,15799534,McClaran,Warehouse Quality Control Specialist - Air Logistics,28/08/1999,05/10/2022,,Blue Collar,Permanent,Full Time,Fixed,Active,Low,Male,23,"0 Years, 2 Months",0,26843.15,3,0.27,0.92,0.49,0,0,1,1,1,26843.15,0
8471,15582847,Yermakova,National Air Logistics Pharma Compliance Specialist,22/10/1977,08/05/2020,,Blue Collar,Permanent,Full Time,Fixed,Active,Low,Male,45,"2 Years, 7 Months",2,31756.87,3,0.66,0.71,0.8,2,0,1,0,1,36087.35,0
8472,15612478,Somadina,Sales Account Manager,04/04/1997,08/01/2014,20/10/2014,White Collar,Permanent,Full Time,Fixed,Voluntarily Terminated,Medium,Male,25,"8  Years, 11 Months",8,34549.7,2,0.41,0.65,0.92,6,1,0,1,1,36951.55,1
8473,15709621,Wan,Forklift Operator,27/07/2004,19/03/2021,,Blue Collar,Fixed Term,Full Time,Fixed,Active,High,Male,18,"1  Years, 8 Months",1,26956.96,4,0.08,0.73,0.47,1,0,1,0,1,28375.75,0
8474,15802009,Mazzi,Apprentice,22/01/2004,08/10/2022,,Blue Collar,Apprentice,Full Time,Fixed,Active,Medium,Female,19,"0 Years, 2 Months",0,23320.86,3,0.99,0.71,0.97,0,0,1,1,1,23320.86,0
8475,15698816,Tuan,Trucking Specialist - Air Logistics,08/03/1985,01/08/1997,,Blue Collar,Permanent,Full Time,Fixed,Active,Low,Female,38,"25  Years, 4 Months",25,26810.74,2,0.48,0.69,0.65,3,0,1,1,1,32302.1,0
8476,15574830,Townsley,Account Manager ,10/03/1982,13/01/2015,17/11/2017,White Collar,Permanent,Full Time,Fixed,Voluntarily Terminated,Low,Male,41,"2 Years, 10 Months",2,33631.73,2,0.3,0.7,0.72,4,1,0,1,0,36163.15,1
8477,15603082,Yashina,Perishable Operational Care Specialist - Air Logistics,13/03/2001,21/08/2013,,Blue Collar,Permanent,Full Time,Fixed,Active,Medium,Male,21,"9 Years, 3 Months",9,30602.8,4,0.17,0.9,0.5,1,0,0,0,0,33629.45,0
8478,15685947,Henderson,Accounts Payable,18/12/1990,17/12/2014,14/01/2020,White Collar,Permanent,Full Time,Fixed,Voluntarily Terminated,High,Male,32,"5 Years, 0 Months",5,35305.37,4,0.15,0.6,0.52,4,1,1,0,1,37558.9,1
8479,15643048,Mueller,Sales Account Manager,19/01/1981,31/01/2012,,White Collar,Permanent,Full Time,Fixed,Active,Low,Male,42,"10  Years, 10 Months",10,28675.17,4,0.29,0.58,0.63,2,1,1,0,0,34548.4,0
8480,15807568,Wright,Regional Air logistics Trainer Specialist,17/07/1982,23/10/2016,,White Collar,Permanent,Full Time,Fixed,Active,Medium,Male,40,"6 Years, 1 Months",6,31792.54,3,0.82,0.73,0.72,1,0,0,0,0,36543.15,0
8481,15597591,Lung,Perishable Customer Care Team Leader - Air Logistics,02/05/1969,25/02/2010,,White Collar,Permanent,Full Time,Fixed,Active,High,Male,53,"12 Years, 9 Months",12,35529.73,1,0.28,0.56,0.67,1,0,1,1,0,39921.05,0
8482,15747558,Bryant,Network Engineer,08/12/1988,08/04/2017,,White Collar,Permanent,Full Time,Flex and Fixed,Active,Medium,Female,34,"5 Years, 8 Months",5,64052.99,3,0.19,0.97,0.57,3,1,0,1,0,67424.2,0
8483,15756655,Madukaife,Transport Controller,14/03/1989,02/10/2020,,Blue Collar,Fixed Term,Full Time,Fixed,Active,Medium,Female,33,"2 Years, 2 Months",2,25972.07,2,0.87,0.92,0.91,2,0,0,0,0,28857.85,0
8484,15589949,Maclean,Finance Analyst,24/11/1969,18/09/2014,,White Collar,Permanent,Full Time,Flex and Fixed,Active,Low,Male,53,"8 Years, 3 Months",8,44801.71,3,0.3,0.77,0.68,3,1,0,1,0,48070.5,0
8485,15601012,Abdullah,National Air Logistics Security Compliance Manager,02/06/1984,08/08/2001,28/04/2019,White Collar,Permanent,Full Time,Flex and Fixed,Terminated for Cause,High,Female,38,"17 Years, 8 Months",17,52721.41,2,0.49,0.97,0.81,4,1,0,1,1,67591.55,1
8486,15724269,Yao,Regional Air logistics Trainer Specialist,12/07/1962,04/10/2013,,White Collar,Permanent,Full Time,Fixed,Active,Low,Male,60,"9 Years, 2 Months",9,33801.51,4,0.08,0.7,0.69,1,0,1,1,1,36740.77,0
8487,15567506,Cheatham,Pricing Analyst,05/08/1955,07/07/2017,,White Collar,Permanent,Full Time,Flex and Fixed,Active,High,Female,67,"5 Years, 5 Months",5,47432.95,4,0.27,0.78,0.82,1,1,1,1,1,48899.95,0
8488,15791877,Gallagher,Business Development Executive,19/06/1990,28/02/2015,,White Collar,Permanent,Full Time,Flex and Fixed,Active,Low,Male,32,"7 Years, 9 Months",7,37350.45,4,0.25,0.77,0.87,3,0,1,1,1,42931.55,0
8489,15794360,Hao,Warehouse Quality Control Specialist - Air Logistics,23/11/1982,20/08/2015,15/11/2017,Blue Collar,Permanent,Full Time,Fixed,Voluntarily Terminated,Medium,Female,40,"2 Years, 2 Months",2,23529.98,2,0.53,0.66,0.53,4,0,0,1,0,25301.05,1
8490,15686538,Nixon,Software Engineer,05/08/1966,03/04/1995,,White Collar,Permanent,Full Time,Flex and Fixed,Active,Low,Female,56,"27 Years, 8 Months",27,60146.55,4,0.95,0.68,0.98,1,1,1,0,1,69937.85,0
8491,15585985,Wang,Accounts Payable,24/12/1996,25/06/2021,25/07/2021,White Collar,Permanent,Full Time,Fixed,Voluntarily Terminated,Medium,Male,26,"1  Years, 5 Months",1,33439.956,2,0.6,0.89,0.87,2,1,0,1,0,37999.95,1
8492,15699257,Kerr,Operations Specialist,03/08/1982,11/03/2019,,Blue Collar,Permanent,Full Time,Fixed,Active,Low,Male,40,"3 Years, 9 Months",3,32226.92,4,0.93,0.55,0.66,1,0,0,1,0,34652.6,0
8493,15804104,Romani,National Service Excellence Specialist- Air Logistics,25/02/1984,06/09/2016,,White Collar,Permanent,Full Time,Flex and Fixed,Active,Low,Male,39,"6 Years, 3 Months",6,32431.97,3,0.26,0.8,0.91,3,0,1,0,1,34502.1,0
8494,15727619,Lock,Gateway & Procurement Specialist - Air Logistics,25/04/1985,06/10/2018,25/06/2021,Blue Collar,Permanent,Full Time,Fixed,Voluntarily Terminated,Medium,Female,37,"2 Years, 8 Months",2,33526.73,2,0.12,0.74,0.58,4,0,0,1,0,36442.1,1
8495,15740237,Millar,Sea Logiscitcs Customer Care Specialist ,13/07/1956,27/06/2003,,Blue Collar,Permanent,Full Time,Fixed,Active,High,Male,66,"19 Years, 5 Months",19,26263.29,4,0.87,0.52,0.83,3,0,0,0,0,32028.4,0
8496,15801436,K'ung,Warehouse Specialist - Air Logistics,25/08/1998,12/01/2020,09/12/2020,Blue Collar,Fixed Term,Full Time,Fixed,Voluntarily Terminated,High,Male,24,"0 Years, 10 Months",0,28771.55,4,0.13,0.95,0.62,0,0,0,0,0,28771.55,1
8497,15705735,Onyekachi,IT System Engineer,29/11/1958,25/04/1985,,White Collar,Permanent,Full Time,Flex and Fixed,Active,Low,Male,64,"37 Years, 7 Months",37,39236.19,3,0.76,0.66,0.82,1,1,1,1,1,65393.65,0
8498,15649359,Somayina,Customer Servce Administrative Officer,24/08/1996,21/10/2020,,Blue Collar,Permanent,Full Time,Fixed,Active,Low,Male,26,"2 Years, 1 Months",2,31791.14,3,0.21,0.79,0.66,1,0,1,0,1,36126.3,0
8499,15624892,Dennis,Assistance Sales Manager,26/03/1969,15/03/2004,,Blue Collar,Permanent,Full Time,Fixed,Active,High,Male,53,"18 Years, 9 Months",18,27097.16,2,0.1,0.98,0.94,3,1,0,1,0,34739.95,0
8500,15784918,Brown,Data Analyst,21/11/1980,06/08/2012,,White Collar,Permanent,Full Time,Flex and Fixed,Active,Medium,Male,42,"10  Years, 4 Months",10,38090.71,4,0.21,0.4,0.37,5,1,1,0,1,44812.6,0
8501,15584785,Ogochukwu,Customer Care Specialist-Key Accounts,23/07/1972,31/03/2014,,White Collar,Permanent,Full Time,Fixed,Active,Medium,Male,50,"8 Years, 8 Months",8,30380.33,4,0.22,1,0.68,1,0,0,1,0,33022.1,0
8502,15797197,Macleod,Gateway & Procurement Team Leader- Air Logistics,01/07/1985,02/05/2015,,White Collar,Permanent,Full Time,Fixed,Active,High,Male,37,"7 Years, 7 Months",7,40231.75,4,0.74,0.71,0.79,3,0,0,1,0,43259.95,0
8503,15574858,Page,Internal Trainer,08/06/1984,18/09/2021,,White Collar,Permanent,Full Time,Fixed,Active,High,Male,38,"1  Years, 3 Months",1,31325.25,3,0.52,0.48,0.45,0,0,1,1,1,31325.25,0
8504,15794101,Barese,Perishable Operational Care Specialist - Air Logistics,25/09/1968,02/08/2020,,Blue Collar,Permanent,Full Time,Fixed,Active,High,Female,54,"2  Years, 4 Months",2,27907.21,2,0.96,0.76,1,1,0,1,0,1,33623.15,0
8505,15743245,Agafonova,Accounting Coordinator,07/03/1998,16/08/2019,15/01/2020,White Collar,Permanent,Full Time,Fixed,Voluntarily Terminated,Medium,Male,24,"0 Years, 4 Months",0,32198.9,2,0.29,0.61,0.62,0,1,0,1,1,32198.9,1
8506,15791535,Caraway,Recruiter,09/09/1975,26/11/2016,,White Collar,Permanent,Full Time,Fixed,Active,Low,Male,47,"6 Years, 0 Months",6,36064.71,4,0.51,0.74,0.9,2,0,0,0,0,39631.55,0
8507,15605215,Stevenson,Trucking Specialist - Air Logistics,08/11/1997,11/10/2019,,Blue Collar,Permanent,Full Time,Fixed,Active,Low,Male,25,"3 Years, 2 Months",3,30055.84,3,0.28,0.72,0.94,2,0,1,0,1,33028.4,0
8508,15771749,Duncan,Assistance Sales Manager,01/03/1990,19/03/2019,,Blue Collar,Permanent,Full Time,Fixed,Active,Low,Female,33,"3 Years, 8 Months",3,35383.51,2,0.26,0.79,0.97,1,1,1,1,1,36477.85,0
8509,15616833,Wang,Accountant,03/03/1962,05/10/1996,,White Collar,Permanent,Full Time,Fixed,Active,Medium,Male,61,"26 Years, 2 Months",26,28525.86,3,0.81,0.75,0.98,4,1,1,1,1,32415.75,0
8510,15750728,Kaur,Project Coordinator,10/06/1992,31/05/2020,,White Collar,Permanent,Full Time,Fixed,Active,Medium,Female,30,"2 Years, 6 Months",2,34639.06,4,0.3,0.6,0.98,2,0,0,1,0,37246.3,0
8511,15769353,Jenkins,Pricing Analyst,30/01/1991,23/04/2014,,White Collar,Permanent,Full Time,Flex and Fixed,Active,Low,Female,32,"8 Years, 7 Months",8,43947.79,4,0.36,0.72,0.95,1,1,0,0,0,50514.7,0
8512,15770091,Edwards,Project Manager,09/07/1980,01/03/2017,,White Collar,Permanent,Full Time,Flex and Fixed,Active,Medium,Male,42,"5 Years, 9 Months",5,40929.57,3,0.14,1,0.6,2,1,0,1,0,43542.1,0
8513,15716420,Kelly,National Perishable Air Logistics Development Manager Retail,22/03/1973,04/09/2020,,White Collar,Permanent,Full Time,Flex and Fixed,Active,Low,Male,49,"2 Years, 3 Months",2,35512.06,2,0.21,0.55,0.88,2,1,1,1,1,36236.8,0
8514,15740602,Boyle,Data Analyst,08/10/1959,05/07/1996,,White Collar,Permanent,Full Time,Flex and Fixed,Active,Low,Female,63,"26 Years, 5 Months",26,42208.53,4,0.78,0.71,0.98,1,1,1,0,1,50853.65,0
8515,15796071,Loane,Accountant,15/10/2000,16/02/2012,,White Collar,Permanent,Full Time,Fixed,Active,Low,Male,22,"10  Years, 10 Months",10,30527.36,1,0.9,0.89,0.59,4,1,0,1,0,36342.1,0
8516,15811389,Padovano,Transport Controller,17/11/2001,24/06/2012,,Blue Collar,Fixed Term,Full Time,Fixed,Active,Medium,Female,21,"10 Years, 5 Months",10,22718.38,3,0.29,0.84,0.84,1,0,1,0,1,24965.25,0
8517,15783875,Li Fonti,Customer Servce Administrative Officer,09/03/1998,05/02/2014,,Blue Collar,Permanent,Full Time,Fixed,Active,High,Female,24,"8 Years, 10 Months",8,28575.37,2,0.27,0.67,0.64,3,0,0,1,0,32845.25,0
8518,15671800,Robinson,Pricing Analyst,01/06/1957,06/06/2000,,White Collar,Permanent,Full Time,Flex and Fixed,Active,High,Male,65,"22 Years, 6 Months",22,33745.42,1,0.88,0.6,0.48,3,1,1,1,1,50366.3,0
8519,15677288,Geach,Road Logistics Sales Representative,30/06/2003,12/04/2020,08/10/2022,White Collar,Permanent,Full Time,Fixed,Terminated for Cause,High,Male,19,"2 Years, 5 Months",2,31899.14,2,0.15,0.59,0.75,4,0,0,0,1,34300.15,1
8520,15633525,Payne,Perishable Warehouse Specialist - Air Logistics,21/02/1996,18/03/2013,,Blue Collar,Permanent,Full Time,Fixed,Active,Medium,Male,27,"9 Years, 9 Months",9,26782.06,1,0.29,0.5,0.59,3,0,1,0,1,32661.05,0
8521,15634606,Chinonyelum,Stock Investigator & Analyst,15/09/1980,03/01/2018,,White Collar,Permanent,Full Time,Flex and Fixed,Active,Low,Male,42,"4 Years, 11 Months",4,48990.29,4,0.52,0.65,0.68,2,1,1,1,1,51031.55,0
8522,15579207,Watkins,Trucking Specialist - Air Logistics,23/04/1982,24/11/2021,,Blue Collar,Permanent,Full Time,Fixed,Active,Medium,Male,40,"1  Years, 0 Months",1,34069.99,1,0.29,0.95,0.58,1,0,0,1,0,35863.15,0
8523,15619892,Page,Pricing Analyst,12/02/1961,29/08/2004,,White Collar,Permanent,Full Time,Flex and Fixed,Active,Medium,Male,62,"18  Years, 3 Months",18,40474.3,4,0.1,0.67,0.53,4,1,0,1,0,49358.9,0
8524,15567778,Genovese,Warehouse Quality Control Specialist - Air Logistics,28/03/1996,08/03/2016,11/06/2017,Blue Collar,Permanent,Full Time,Fixed,Voluntarily Terminated,High,Female,26,"1 Years, 3 Months",1,23436.78,2,0.29,0.47,0.55,5,0,1,1,1,25754.7,1
8525,15711750,Watson,Cloud Service Analyst,14/11/1979,24/06/2019,,White Collar,Permanent,Full Time,Flex and Fixed,Active,High,Female,43,"3 Years, 5 Months",3,58954.51,3,0.5,0.51,0.95,1,1,1,1,1,60777.85,0
8526,15751084,Mancini,Data Engineer,17/08/1976,06/05/2012,,White Collar,Permanent,Full Time,Flex and Fixed,Active,Low,Female,46,"10  Years, 7 Months",10,62601.12,3,0.73,0.55,0.64,2,1,1,1,1,69556.8,0
8527,15768945,Chibueze,Project Manager,06/05/1955,22/06/1998,,White Collar,Permanent,Full Time,Flex and Fixed,Active,Medium,Male,67,"24 Years, 5 Months",24,28564.52,4,0.45,0.89,0.58,1,1,1,1,1,41397.85,0
8528,15586931,Hunter,Perishable Warehouse Shift Team Leader - Air Logistics,11/02/1977,06/01/2020,,White Collar,Permanent,Full Time,Fixed,Active,High,Male,46,"2 Years, 11 Months",2,33930.54,3,0.5,0.88,0.68,2,0,1,1,1,38124.2,0
8529,15636353,Buchi,Software Engineer,16/02/1977,19/02/2015,,White Collar,Permanent,Full Time,Flex and Fixed,Active,Medium,Male,46,"7 Years, 9 Months",7,62801.13,1,0.76,0.98,0.62,1,1,0,0,0,68262.1,0
8530,15623858,Charteris,Trucking Specialist - Air Logistics,13/02/1998,22/08/2021,,Blue Collar,Permanent,Full Time,Fixed,Active,High,Male,25,"1  Years, 3 Months",1,36053.65,3,0.68,0.96,0.48,0,0,0,0,0,36053.65,0
8531,15703354,Aksenov,Operations Specialist,23/04/1998,21/03/2014,,Blue Collar,Permanent,Full Time,Fixed,Active,Low,Female,24,"8 Years, 8 Months",8,31805.51,1,0.26,0.85,0.65,6,0,0,1,0,36983.15,0
8532,15663987,Wright,Perishable Warehouse Specialist - Air Logistics,25/06/1983,04/12/2020,02/02/2022,Blue Collar,Permanent,Full Time,Fixed,Voluntarily Terminated,Medium,Male,39,"1 Years, 1 Months",1,32897.85,2,0.28,0.96,0.85,0,0,0,1,0,32897.85,1
8533,15780805,Lu,Internal Trainer,09/11/1984,16/10/2021,14/04/2022,White Collar,Permanent,Full Time,Fixed,Voluntarily Terminated,High,Female,38,"1  Years, 2 Months",1,32274.7,2,0.17,0.85,0.88,0,0,0,1,0,32274.7,1
8534,15768566,K?,Operations Specialist,28/04/1968,03/06/2010,,Blue Collar,Permanent,Full Time,Fixed,Active,Medium,Male,54,"12 Years, 6 Months",12,30892.73,4,0.26,0.59,0.93,1,0,1,1,1,34325.25,0
8535,15643229,Hou,Warehouse Specialist - Air Logistics,05/12/1962,01/01/1990,,Blue Collar,Fixed Term,Full Time,Fixed,Active,Low,Female,60,"32  Years, 11 Months",32,25008.62,1,0.74,0.51,0.5,3,0,1,1,1,27787.35,0
8536,15754940,Descoteaux,Account Manager ,11/12/1979,19/03/2013,16/01/2016,White Collar,Permanent,Full Time,Fixed,Voluntarily Terminated,Medium,Male,43,"2 Years, 9 Months",2,28690.6,2,0.46,0.5,0.75,5,1,1,0,1,33753.65,1
8537,15676576,Stephenson,Network Engineer,20/09/1987,25/09/2016,,White Collar,Permanent,Full Time,Flex and Fixed,Active,High,Female,35,"6 Years, 2 Months",6,59334.46,3,0.3,0.53,0.59,1,1,0,1,0,69805.25,0
8538,15800068,Cooper,National Air Logistics Gateway Trade Lane Specialist,11/07/1965,28/04/2004,,White Collar,Permanent,Full Time,Fixed,Active,High,Female,57,"18 Years, 7 Months",18,29296.08,4,0.24,0.44,0.83,1,0,1,1,0,33673.65,0
8539,15648030,Crump,Business Development Executive,16/03/1983,23/07/2019,,White Collar,Permanent,Full Time,Flex and Fixed,Active,Medium,Female,39,"3 Years, 4 Months",3,39857.79,4,0.49,0.99,0.55,1,0,0,1,0,41090.5,0
8540,15668594,Diggs,BI Developer,07/01/1981,15/04/2015,,White Collar,Permanent,Full Time,Flex and Fixed,Active,Low,Female,42,"7  Years, 8 Months",7,57187.96,4,0.23,0.73,0.83,1,1,1,1,0,60197.85,0
8541,15728709,Shih,Internal Trainer,06/06/1972,26/10/2016,,White Collar,Permanent,Full Time,Fixed,Active,Medium,Male,50,"6 Years, 1 Months",6,31752.4,2,0.57,0.51,0.71,1,0,0,0,0,35280.44,0
8542,15724181,Hudson,Perishable Customer Care Team Leader - Air Logistics,17/07/1984,30/12/2021,,White Collar,Permanent,Full Time,Fixed,Active,Medium,Male,38,"0 Years, 11 Months",0,38262.1,3,0.46,0.5,0.84,0,0,1,1,1,38262.1,0
8543,15647546,Carvosso,Network Engineer,19/04/1972,07/01/2020,,White Collar,Permanent,Full Time,Flex and Fixed,Active,Low,Female,50,"2 Years, 11 Months",2,61442.51,3,0.71,0.52,0.76,1,1,1,0,1,68269.45,0
8544,15702601,Wyatt,BI Developer,18/05/1957,26/08/1986,20/07/2020,White Collar,Permanent,Full Time,Flex and Fixed,Voluntarily Terminated,High,Male,65,"33 Years, 10 Months",33,35915.49,2,0.28,0.74,0.74,5,1,1,0,1,58877.85,1
8545,15567725,Kodilinyechukwu,Gateway & Procurement Team Leader- Air Logistics,04/06/1981,24/03/2016,,White Collar,Permanent,Full Time,Fixed,Active,Low,Female,41,"6 Years, 8 Months",6,34027.95,3,0.08,0.69,0.89,2,0,1,1,1,38233.65,0
8546,15674179,Vorobyova,Technical Support Engineer,23/08/1984,17/06/2021,,White Collar,Permanent,Full Time,Flex and Fixed,Active,High,Male,38,"1  Years, 6 Months",1,55449.98,4,0.81,0.73,0.65,1,1,0,0,0,58368.4,0
8547,15686957,Piccio,Business Development Manager,30/11/1964,13/04/1988,,White Collar,Permanent,Full Time,Flex and Fixed,Active,Low,Male,58,"34 Years, 8 Months",34,48014.64,4,0.9,0.49,0.89,2,1,0,1,0,51517.85,0
8548,15607690,Hsing,Accounts Payable,07/06/1989,18/04/2014,,White Collar,Permanent,Full Time,Fixed,Active,Low,Male,33,"8 Years, 8 Months",8,31595.47,3,0.15,0.7,0.57,3,1,0,0,0,37613.65,0
8549,15806546,Lucas,Senior DevOps Engineer,05/03/1991,14/04/2018,,White Collar,Permanent,Full Time,Flex and Fixed,Active,Medium,Male,32,"4 Years, 8 Months",4,66535.17,3,0.26,0.68,0.63,2,1,0,1,0,70782.1,0
8550,15632850,T'ang,National Perishable Air Logistics Development Manager Retail,10/10/1990,03/05/2021,,White Collar,Permanent,Full Time,Flex and Fixed,Active,Low,Male,32,"1  Years, 7 Months",1,33391.55,4,0.19,0.66,0.84,0,1,1,1,1,33391.55,0
8551,15709016,North,National Service Excellence Specialist- Air Logistics,30/11/1970,04/02/2011,13/07/2016,White Collar,Permanent,Full Time,Flex and Fixed,Voluntarily Terminated,High,Female,52,"5 Years, 5 Months",5,32510.28,1,0.44,0.99,0.58,5,0,0,0,0,33515.75,1
8552,15638068,Thompson,Road Logistics Sales Representative,06/11/2002,29/12/2020,,White Collar,Permanent,Full Time,Fixed,Active,Medium,Male,20,"1  Years, 11 Months",1,36501.05,1,0.7,0.88,0.59,0,0,0,1,0,36501.05,0
8553,15749345,Simpson,Technical Support Engineer,30/01/1990,16/08/2021,,White Collar,Permanent,Full Time,Flex and Fixed,Active,Medium,Female,33,"1  Years, 4 Months",1,57093.96,3,0.46,0.75,0.54,1,1,1,1,1,60098.9,0
8554,15791321,Nwora,National Perishable Air Logistics Development Manager Seafood,23/02/1965,15/09/2016,,White Collar,Permanent,Full Time,Flex and Fixed,Active,Medium,Female,58,"6 Years, 3 Months",6,35874,1,0.27,0.56,0.44,2,1,0,1,0,37762.1,0
8555,15699095,Chandler,Analyst Programmer ,10/01/1983,30/05/2012,17/07/2021,White Collar,Permanent,Full Time,Flex and Fixed,Terminated for Cause,High,Female,40,"9 Years, 1 Months",9,49546.73,1,0.55,0.68,0.85,6,1,1,1,1,58984.2,1
8556,15638329,Uspensky,Inside Sales Executive/ Account Manager,05/09/1986,30/01/2012,,White Collar,Permanent,Full Time,Flex and Fixed,Active,High,Male,36,"10  Years, 10 Months",10,26684.04,1,0.42,0.85,0.6,3,1,1,1,1,32149.45,0
8557,15575445,Ferguson,Material Handler ,27/11/2003,19/02/2021,,Blue Collar,Fixed Term,Full Time,Fixed,Active,Medium,Male,19,"1  Years, 9 Months",1,23336.72,4,0.94,0.95,0.95,1,0,0,0,0,24826.3,0
8558,15752622,Kerr,Technical Support Engineer,22/04/1990,14/12/2021,,White Collar,Permanent,Full Time,Flex and Fixed,Active,Medium,Female,32,"1 Years, 0 Months",1,58458.9,3,0.92,0.6,0.77,0,1,1,0,1,58458.9,0
8559,15774507,Furneaux,National Perishable Air Logistics Development Manager Seafood,22/10/1988,10/03/2021,,White Collar,Permanent,Full Time,Flex and Fixed,Active,Low,Female,34,"1  Years, 9 Months",1,37773.65,2,0.46,0.61,0.53,0,1,0,1,0,37773.65,0
8560,15570857,Kambinachi,Finance Analyst,08/06/1963,27/10/2019,,White Collar,Permanent,Full Time,Flex and Fixed,Active,High,Female,59,"3 Years, 1 Months",3,49466.3,4,0.76,0.55,0.55,0,1,1,1,1,49466.3,0
8561,15599386,Black,Trucking Team Leader- Air Logistics,18/08/1986,06/12/2019,,White Collar,Permanent,Full Time,Fixed,Active,Low,Male,36,"3 Years, 0 Months",3,37455.57,1,0.36,0.64,0.78,2,0,1,1,1,42563.15,0
8562,15744913,Chizoba,Pricing Analyst,19/04/1985,20/10/2017,,White Collar,Permanent,Full Time,Flex and Fixed,Active,Low,Male,37,"5 Years, 1 Months",5,44959.95,4,0.27,0.64,0.6,2,1,1,1,1,50516.8,0
8563,15647292,Peng,Regional Air logistics Trainer Specialist,05/04/1968,01/12/1996,06/10/2014,White Collar,Permanent,Full Time,Fixed,Voluntarily Terminated,Low,Male,54,"17 Years, 10 Months",17,31559.69,1,0.49,0.87,0.54,5,0,0,0,0,35460.33,1
8564,15728838,Leach,Transport Controller,18/04/1985,10/05/2014,16/11/2015,Blue Collar,Fixed Term,Full Time,Fixed,Voluntarily Terminated,Low,Male,37,"1 Years, 6 Months",1,24600.3,2,0.3,0.2,0.9,0,0,0,1,0,24600.3,1
8565,15584704,Chiazagomekpele,Transport Controller,20/12/1956,02/07/2016,,Blue Collar,Fixed Term,Full Time,Fixed,Active,High,Male,66,"6 Years, 5 Months",6,22802.18,3,0.22,0.99,0.64,1,0,0,1,0,25335.75,0
8566,15749068,Nickson,Operations Specialist,10/08/1956,02/07/2014,07/02/2022,Blue Collar,Permanent,Full Time,Fixed,Voluntarily Terminated,Medium,Female,66,"7 Years, 7 Months",7,26931.28,2,0.24,0.96,0.7,4,0,0,1,0,32061.05,1
8567,15622985,Lin,Sales Account Manager,31/12/1976,27/02/2012,27/03/2020,White Collar,Permanent,Full Time,Fixed,Voluntarily Terminated,High,Female,46,"10  Years, 9 Months",10,30469.72,2,0.48,0.53,0.65,6,1,0,0,0,36710.5,1
8568,15587676,Alexeieva,Analyst Programmer ,24/05/1991,27/03/2020,,White Collar,Permanent,Full Time,Flex and Fixed,Active,Medium,Male,31,"2 Years, 8 Months",2,58155.69,2,0.55,0.7,0.39,1,1,1,1,0,63907.35,0
8569,15779496,Sykes,Aerospace International Logistics Specialist,13/04/1977,10/01/2022,,Blue Collar,Permanent,Full Time,Fixed,Active,High,Male,45,"0 Years, 11 Months",0,34485.25,1,0.45,0.68,0.61,0,0,1,0,1,34485.25,0
8570,15733460,Martin,Regional Air logistics Trainer Specialist,27/04/1985,27/11/2019,,White Collar,Permanent,Full Time,Fixed,Active,Low,Male,37,"3 Years, 0 Months",3,33946.95,2,0.38,0.96,0.48,2,0,1,1,1,36502.1,0
8571,15711457,Herz,Project Manager,30/11/1964,09/06/2014,,White Collar,Permanent,Full Time,Flex and Fixed,Active,High,Female,58,"8  Years, 6 Months",8,41790.98,3,0.29,0.64,0.64,5,1,1,0,1,43990.5,0
8572,15795290,Nikitina,National Service Excellence Specialist- Air Logistics,06/07/1998,23/01/2013,,White Collar,Permanent,Full Time,Flex and Fixed,Active,Low,Female,24,"9 Years, 10 Months",9,29635.56,2,0.11,0.86,0.65,3,0,0,1,0,34459.95,0
8573,15611223,Ko,Java Software Engineer ,08/11/1991,09/02/2014,,White Collar,Permanent,Full Time,Flex and Fixed,Active,Medium,Female,31,"8 Years, 10 Months",8,61408.53,4,0.3,0.87,0.84,2,1,0,1,0,66748.4,0
8574,15794159,Highett,National Perishable Air Logistics Development Manager Seafood,05/08/1959,15/09/1998,,White Collar,Permanent,Full Time,Flex and Fixed,Active,High,Female,63,"24 Years, 3 Months",24,28753.74,1,0.3,0.53,0.56,2,1,1,1,1,32674.7,0
8575,15780677,Jackson,Warehouse Quality Control Specialist - Air Logistics,19/05/1956,26/11/2011,,Blue Collar,Permanent,Full Time,Fixed,Active,High,Female,66,"11 Years, 0 Months",11,23113.3,4,0.42,0.72,0.98,4,0,1,1,1,27847.35,0
8576,15690175,Ball,Technical Support Engineer,27/02/1992,09/09/2020,,White Collar,Permanent,Full Time,Flex and Fixed,Active,High,Male,31,"2 Years, 3 Months",2,55484.72,2,0.29,0.83,0.59,2,1,0,0,0,59026.3,0
8577,15722599,Nelson,Pricing Analyst,30/03/1962,23/01/2019,,White Collar,Permanent,Full Time,Flex and Fixed,Active,Medium,Female,60,"3  Years, 10 Months",3,39434.92,2,0.08,0.97,0.54,1,1,0,0,0,49293.65,0
8578,15569976,Woronoff,Human Resoruces Coordinator,21/12/1989,17/04/2007,05/05/2015,White Collar,Permanent,Full Time,Fixed,Voluntarily Terminated,High,Male,33,"15  Years, 8 Months",15,33816.47,2,0.19,0.92,0.76,4,0,1,1,1,36167.35,1
8579,15707011,Morrison,Aerospace International Logistics Specialist,01/08/1973,13/11/2019,,Blue Collar,Permanent,Full Time,Fixed,Active,Low,Male,49,"3 Years, 1 Months",3,34388,3,0.29,0.82,0.95,1,0,0,1,0,35451.55,0
8580,15702277,Smith,National Perishable Air Logistics Development Manager Seafood,12/03/1982,24/10/2018,,White Collar,Permanent,Full Time,Flex and Fixed,Active,Medium,Male,40,"4 Years, 1 Months",4,31783.06,3,0.27,0.59,0.56,1,1,1,0,1,33107.35,0
8581,15801915,Rendall,Operations Specialist,13/02/1999,09/08/2012,,Blue Collar,Permanent,Full Time,Fixed,Active,Low,Female,24,"10  Years, 4 Months",10,27791.93,3,0.28,0.84,0.95,5,0,0,1,0,33892.6,0
8582,15580213,McIntyre,Network Engineer,03/07/1962,27/03/1996,,White Collar,Permanent,Full Time,Flex and Fixed,Active,High,Female,60,"26 Years, 8 Months",26,63624.69,1,0.46,0.71,0.84,2,1,0,1,0,68413.65,0
8583,15637947,Wei,IT System Engineer,25/01/1981,24/11/2018,,White Collar,Permanent,Full Time,Flex and Fixed,Active,Medium,Male,42,"4 Years, 0 Months",4,63684.34,3,0.19,0.49,0.98,2,1,1,0,0,66337.85,0
8584,15715888,Allardyce,Perishable Operational Care Specialist - Air Logistics,16/05/1987,19/12/2017,,Blue Collar,Permanent,Full Time,Fixed,Active,Medium,Female,35,"4 Years, 11 Months",4,32309.52,3,0.51,0.78,0.61,3,0,1,0,1,33655.75,0
8585,15732967,Cremonesi,Operations Specialist,02/10/1999,16/03/2016,,Blue Collar,Permanent,Full Time,Fixed,Active,Low,Male,23,"6 Years, 9 Months",6,29575.23,1,0.13,0.84,0.81,1,0,1,1,1,32500.25,0
8586,15737047,Weatherford,IT System Engineer,30/08/1981,09/09/2017,13/11/2022,White Collar,Permanent,Full Time,Flex and Fixed,Voluntarily Terminated,High,Female,41,"5 Years, 2 Months",5,66199.99,4,0.18,0.85,0.96,4,1,0,1,0,69684.2,1
8587,15694039,Jen,IT System Engineer,27/10/1986,25/06/2013,,White Collar,Permanent,Full Time,Flex and Fixed,Active,Medium,Female,36,"9 Years, 5 Months",9,57409.31,3,0.71,0.87,0.93,1,1,0,1,0,65237.85,0
8588,15649457,Macleod,Accounting Coordinator,15/01/2001,02/12/2012,,White Collar,Permanent,Full Time,Fixed,Active,Medium,Male,22,"10  Years, 0 Months",10,29030.36,3,0.26,0.94,0.84,4,1,1,0,1,34559.95,0
8589,15742809,Mironova,Network Engineer,23/10/1982,03/04/1994,,White Collar,Permanent,Full Time,Flex and Fixed,Active,Medium,Female,40,"28 Years, 8 Months",28,62880.98,1,0.82,0.82,0.97,1,1,0,1,0,66190.5,0
8590,15637829,Sharpe,Java Software Engineer ,21/08/1960,18/02/2005,,White Collar,Permanent,Full Time,Flex and Fixed,Active,Medium,Female,62,"17 Years, 10 Months",17,64536.2,4,0.22,0.78,0.78,1,1,1,0,1,70918.9,0
8591,15633194,Osborne,Customer Care Specialist-Key Accounts,27/07/1999,28/07/2014,12/04/2020,White Collar,Permanent,Full Time,Fixed,Terminated for Cause,High,Female,23,"5 Years, 8 Months",5,31484.87,2,0.46,0.47,0.55,5,0,1,1,1,33854.7,1
8592,15611635,Chu,Transport Controller,18/01/2003,18/03/2021,,Blue Collar,Fixed Term,Full Time,Fixed,Active,Low,Female,20,"1  Years, 9 Months",1,25163.15,4,0.21,0.5,0.48,0,0,1,0,1,25163.15,0
8593,15638774,Chong,National Perishable Air Logistics Development Manager Seafood,25/03/1983,05/12/2015,,White Collar,Permanent,Full Time,Flex and Fixed,Active,Medium,Female,39,"7 Years, 0 Months",7,34916.11,4,0.84,0.75,0.82,1,1,0,1,0,37544.2,0
8594,15722037,Alvarez,Senior DevOps Engineer,20/04/1985,13/10/2021,,White Collar,Permanent,Full Time,Flex and Fixed,Active,Low,Male,37,"1  Years, 2 Months",1,69256.8,3,0.5,0.64,0.39,0,1,1,0,1,69256.8,0
8595,15672930,Palerma,Warehouse Quality Control Specialist - Air Logistics,03/09/1984,12/08/2020,,Blue Collar,Permanent,Full Time,Fixed,Active,High,Male,38,"2  Years, 4 Months",2,23559.95,3,0.76,0.91,0.61,1,0,0,1,0,24799.95,0
8596,15668774,Chiemenam,Perishable Apprentice- Air Logistics,05/02/2004,09/05/2015,28/01/2021,Blue Collar,Apprentice,Full Time,Fixed,Voluntarily Terminated,High,Female,19,"5 Years, 8 Months",5,21479.95,2,0.58,0.87,0.68,0,0,0,1,1,21479.95,1
8597,15780966,Pritchard,Customer Care Specialist-Key Accounts,26/03/1956,09/04/2017,,White Collar,Permanent,Full Time,Fixed,Active,Low,Female,66,"5 Years, 8 Months",5,34011.89,4,0.54,0.97,0.94,2,0,0,0,0,36969.45,0
8598,15659694,Wallis,Perishable Operational Care Specialist - Air Logistics,07/03/1955,14/08/1990,25/09/2021,Blue Collar,Permanent,Full Time,Fixed,Voluntarily Terminated,Medium,Female,68,"31 Years, 1 Months",31,22357.45,3,0.58,0.71,0.65,5,0,1,1,1,32402.1,1
8599,15624424,Palerma,IT-Support,19/10/1975,08/07/2015,,White Collar,Permanent,Full Time,Fixed,Active,High,Female,47,"7 Years, 5 Months",7,36584.89,1,0.94,0.83,0.65,1,0,1,1,1,43041.05,0
8600,15708713,Hill,Trucking Specialist - Air Logistics,13/06/2001,13/12/2015,,Blue Collar,Permanent,Full Time,Fixed,Active,Medium,Male,21,"7 Years, 0 Months",7,30609.45,2,0.22,0.42,0.51,2,0,1,1,1,34010.5,0
8601,15755405,Hudson,Warehouse Shift Team Leader- Air Logistics,13/02/1977,04/09/2016,25/05/2018,White Collar,Permanent,Full Time,Fixed,Voluntarily Terminated,Medium,Male,46,"1 Years, 8 Months",1,34671.76,2,0.49,0.53,0.51,5,0,0,1,0,39852.6,1
8602,15647570,Chung,National Perishable Air Logistics Development Manager Retail,16/02/1998,19/05/2016,,White Collar,Permanent,Full Time,Flex and Fixed,Active,Medium,Male,25,"6 Years, 6 Months",6,30624.35,3,0.28,0.56,0.88,1,1,0,0,0,34800.4,0
8603,15684348,Zhdanova,Warehouse Quality Control Specialist - Air Logistics,03/04/1955,03/02/2016,,Blue Collar,Permanent,Full Time,Fixed,Active,Medium,Male,67,"6 Years, 10 Months",6,24245.47,3,0.41,0.58,0.7,1,0,1,0,1,27242.1,0
8604,15702541,Fraser,Sales Specialist-Air Logitics ,21/02/2002,13/08/2019,15/04/2022,Blue Collar,Permanent,Full Time,Fixed,Terminated for Cause,High,Female,21,"2 Years, 8 Months",2,31682.94,1,0.26,0.53,0.49,5,0,0,1,0,33705.25,1
8605,15646942,Meng,Regional Air logistics Trainer Specialist,14/06/1984,19/02/2013,,White Collar,Permanent,Full Time,Fixed,Active,Medium,Female,38,"9 Years, 9 Months",9,29340.17,2,0.58,0.99,0.73,2,0,0,0,0,34517.85,0
8606,15748920,Cherkasova,Trucking Specialist - Air Logistics,20/06/1991,18/02/2014,,Blue Collar,Permanent,Full Time,Fixed,Active,Medium,Female,31,"8 Years, 10 Months",8,28821.74,3,0.26,0.48,0.43,3,0,1,1,0,33513.65,0
8607,15694581,Rawlings,Gateway & Procurement Specialist - Air Logistics,09/06/2001,25/04/2012,,Blue Collar,Permanent,Full Time,Fixed,Active,High,Male,21,"10  Years, 7 Months",10,32407.56,1,0.66,0.91,0.5,3,0,1,1,0,36008.4,0
8608,15643215,Jen,Regional Air logistics Trainer Specialist,09/09/1998,24/04/2016,,White Collar,Permanent,Full Time,Fixed,Active,Low,Male,24,"6 Years, 7 Months",6,33122.59,3,0.57,0.76,0.79,2,0,0,0,0,35236.8,0
8609,15649060,Chien,Warehouse Specialist - Air Logistics,25/06/1999,19/01/2020,,Blue Collar,Fixed Term,Full Time,Fixed,Active,Medium,Female,23,"2 Years, 10 Months",2,25596.52,1,0.22,0.67,0.8,2,0,0,1,0,26118.9,0
8610,15774258,Gorbunov,Business Development Manager,02/09/1980,25/04/2015,,White Collar,Permanent,Full Time,Flex and Fixed,Active,Low,Male,42,"7 Years, 7 Months",7,45771.01,3,0.13,0.58,0.6,2,1,1,1,1,53222.1,0
8611,15731553,Lucas,Trucking Specialist - Air Logistics,23/09/1986,05/11/2021,,Blue Collar,Permanent,Full Time,Fixed,Active,High,Male,36,"1  Years, 1 Months",1,34441.05,3,0.49,0.57,0.78,0,0,0,1,0,34441.05,0
8612,15617029,Young,National Air Logistics Pharma Compliance Specialist,10/12/1965,09/11/1984,,Blue Collar,Permanent,Full Time,Fixed,Active,High,Female,57,"38  Years, 1 Months",38,28999.45,3,0.23,0.55,0.57,4,0,0,1,0,34523.15,0
8613,15780716,Colombo,Recruiter,22/09/1968,28/02/2002,,White Collar,Permanent,Full Time,Fixed,Active,Medium,Male,54,"20 Years, 9 Months",20,38822.99,4,0.21,0.79,0.49,1,0,1,1,1,41301.05,0
8614,15577018,Tsao,Senior DevOps Engineer,08/08/1988,28/07/2022,,White Collar,Permanent,Full Time,Flex and Fixed,Active,Medium,Female,34,"0 Years, 4 Months",0,68803.15,3,0.43,0.48,0.98,0,1,0,0,0,68803.15,0
8615,15809515,Lewis,Customer Care Specialist-Key Accounts,28/04/1965,26/03/2011,,White Collar,Permanent,Full Time,Fixed,Active,Medium,Male,57,"11 Years, 8 Months",11,27609.79,4,0.66,0.68,0.69,3,0,0,1,0,32482.1,0
8616,15789924,Hussain,Perishable Warehouse Shift Manager - Air Logistics,29/04/1991,07/08/2019,,White Collar,Permanent,Full Time,Fixed,Active,Low,Female,31,"3 Years, 4 Months",3,59113.84,4,0.55,0.71,0.64,2,1,1,1,1,60942.1,0
8617,15725076,Anderson,Aerospace International Logistics Specialist,03/02/1969,30/08/1990,,Blue Collar,Permanent,Full Time,Fixed,Active,Low,Female,54,"32 Years, 3 Months",32,32738.17,4,0.3,0.99,0.48,2,0,1,1,1,33406.3,0
8618,15672481,Ulyanov,Perishable Manager - Air Logistics,16/11/1963,02/04/1991,,White Collar,Permanent,Full Time,Flex and Fixed,Active,Low,Male,59,"31 Years, 8 Months",31,57933.28,3,0.27,0.6,0.76,4,1,0,1,0,68156.8,0
8619,15574115,Shaw,Sales Account Manager,08/08/1968,15/06/2012,,White Collar,Permanent,Full Time,Fixed,Active,High,Female,54,"10  Years, 6 Months",10,34254.59,4,0.55,0.81,0.85,1,1,1,1,1,36441.05,0
8620,15661830,Lucciano,Warehouse Quality Control Specialist - Air Logistics,06/06/1996,23/06/2012,,Blue Collar,Permanent,Full Time,Fixed,Active,High,Female,26,"10  Years, 5 Months",10,21770.92,2,0.28,0.58,0.74,2,0,1,1,1,27213.65,0
8621,15665879,Gordon,National Air Logistics Gateway Trade Lane Specialist,23/07/1958,12/04/2015,,White Collar,Permanent,Full Time,Fixed,Active,Medium,Female,64,"7  Years, 8 Months",7,32039.15,1,0.2,0.74,0.61,2,0,1,0,1,34084.2,0
8622,15673820,Woodward,Recruiter,19/05/1963,11/06/2005,,White Collar,Permanent,Full Time,Fixed,Active,High,Male,59,"17 Years, 6 Months",17,36192.96,4,0.79,0.59,0.74,1,0,0,1,0,38503.15,0
8623,15747772,Cunningham,National Service Excellence Specialist- Air Logistics,09/10/1976,30/05/2018,,White Collar,Permanent,Full Time,Flex and Fixed,Active,Medium,Male,46,"4  Years, 6 Months",4,33301.05,1,0.3,0.46,0.63,0,0,0,1,0,33301.05,0
8624,15666197,Boni,Warehouse Specialist - Air Logistics,18/11/1981,17/04/2018,,Blue Collar,Fixed Term,Full Time,Fixed,Active,Low,Female,41,"4 Years, 8 Months",4,24440.54,4,0.76,0.58,0.43,2,0,0,1,0,25458.9,0
8625,15773639,Truscott,Warehouse Quality Control Specialist - Air Logistics,13/07/1980,10/08/2020,,Blue Collar,Permanent,Full Time,Fixed,Active,High,Male,42,"2 Years, 4 Months",2,25167.03,4,0.14,0.77,0.95,1,0,0,1,0,28598.9,0
8626,15581893,Ginikanwa,Accountant,01/05/1988,18/10/2012,15/01/2020,White Collar,Permanent,Full Time,Fixed,Voluntarily Terminated,High,Male,34,"10  Years, 2 Months",10,29457.45,2,0.26,0.79,0.77,6,1,1,0,1,32730.5,1
8627,15672447,Bailey,Warehouse Quality Control Specialist - Air Logistics,21/02/1998,16/10/2020,25/01/2021,Blue Collar,Permanent,Full Time,Fixed,Voluntarily Terminated,Medium,Male,25,"0 Years, 3 Months",0,27713.65,3,0.28,0.51,0.95,0,0,1,0,1,27713.65,1
8628,15777830,Hutchinson,Perishable Warehouse Specialist - Air Logistics,27/06/1990,14/04/2012,,Blue Collar,Permanent,Full Time,Fixed,Active,High,Female,32,"10  Years, 8 Months",10,32514.62,4,0.29,0.7,0.58,1,0,0,0,0,36127.35,0
8629,15713890,Maclean,Inside Sales Executive/ Account Manager,31/07/1999,13/01/2022,,White Collar,Permanent,Full Time,Flex and Fixed,Active,High,Male,23,"0 Years, 11 Months",0,33448.4,3,0.5,0.84,0.73,0,1,1,0,1,33448.4,0
8630,15577598,Chiang,National Air Logistics Pharma Compliance Specialist,31/05/1998,01/07/2018,,Blue Collar,Permanent,Full Time,Fixed,Active,Medium,Male,24,"4 Years, 5 Months",4,29289.17,4,0.67,0.63,0.9,1,0,0,1,0,33283.15,0
8631,15786042,Willmore,Accounting Coordinator,26/04/1995,30/08/2013,,White Collar,Permanent,Full Time,Fixed,Active,Low,Female,27,"9 Years, 3 Months",9,28247.82,4,0.56,0.9,0.52,2,1,0,1,0,32846.3,0
8632,15753462,Godson,Perishable Warehouse Specialist - Air Logistics,12/06/1982,23/10/2019,,Blue Collar,Permanent,Full Time,Fixed,Active,High,Male,40,"3 Years, 1 Months",3,29128.28,3,0.38,0.52,0.91,2,0,1,0,1,32728.4,0
8633,15759690,Smith,Perishable Customer Care Team Leader - Air Logistics,14/07/1981,11/12/2013,,White Collar,Permanent,Full Time,Fixed,Active,Low,Male,41,"9 Years, 0 Months",9,34825.48,3,0.46,0.96,0.53,1,0,1,1,1,41458.9,0
8634,15801414,Bitter,Operations Specialist,16/10/1991,04/12/2014,,Blue Collar,Permanent,Full Time,Fixed,Active,Medium,Female,31,"8 Years, 0 Months",8,31380.17,4,0.29,0.87,1,1,0,0,0,0,36917.85,0
8635,15656141,Ts'ao,Warehouse Apprentice- Air Logistics,17/10/2004,10/02/2022,,Blue Collar,Apprentice,Full Time,Fixed,Active,Medium,Male,18,"0 Years, 10 Months",0,21467.35,3,0.53,0.5,0.89,0,0,1,1,1,21467.35,0
8636,15608701,Chialuka,Customer Care Specialist-Key Accounts,13/12/1964,22/06/1985,20/08/2019,White Collar,Permanent,Full Time,Fixed,Voluntarily Terminated,Low,Male,58,"34 Years, 1 Months",34,32570.55,2,0.18,0.88,0.58,5,0,0,1,0,35022.1,1
8637,15582892,Scott,Warehouse Specialist - Air Logistics,03/05/1996,09/08/2017,28/04/2019,Blue Collar,Fixed Term,Full Time,Fixed,Voluntarily Terminated,Low,Male,26,"1 Years, 8 Months",1,27425.25,1,0.21,0.55,0.99,0,0,1,1,1,27425.25,1
8638,15632967,Feng,Operations Specialist,10/10/1962,20/12/1995,,Blue Collar,Permanent,Full Time,Fixed,Active,Medium,Male,60,"26 Years, 11 Months",26,30922.96,3,0.95,0.89,0.86,4,0,1,1,1,36379.95,0
8639,15587573,Castiglione,Sea Logistics Pricing Coordinator,28/06/1970,11/02/2022,,White Collar,Permanent,Full Time,Fixed,Active,Low,Male,52,"0 Years, 10 Months",0,34244.2,4,0.5,0.58,0.69,0,0,1,0,1,34244.2,0
8640,15654891,He,Road Logistics Sales Representative,07/05/2003,15/03/2022,,White Collar,Permanent,Full Time,Fixed,Active,Medium,Male,19,"0 Years, 9 Months",0,34608.4,4,0.35,0.58,0.96,0,0,1,1,1,34608.4,0
8641,15611365,Fanucci,Network Engineer,07/09/1962,18/11/2010,,White Collar,Permanent,Full Time,Flex and Fixed,Active,Medium,Female,60,"12 Years, 1 Months",12,62162.93,2,0.41,0.8,0.88,1,1,0,0,0,67568.4,0
8642,15749103,Ginikanwa,BI Developer,16/10/1955,02/06/1983,25/07/2021,White Collar,Permanent,Full Time,Flex and Fixed,Voluntarily Terminated,Medium,Female,67,"38 Years, 1 Months",38,33768.21,1,0.3,0.54,0.65,5,1,1,0,1,58221.05,1
8643,15810203,Manning,Inside Sales Executive/ Account Manager,28/09/1986,12/10/2022,,White Collar,Permanent,Full Time,Flex and Fixed,Active,High,Female,36,"0 Years, 2 Months",0,34072.6,1,0.26,0.59,0.54,0,1,0,1,0,34072.6,0
8644,15813660,Forlonge,BI Developer,22/11/1990,17/04/2016,,White Collar,Permanent,Full Time,Flex and Fixed,Active,Medium,Male,32,"6 Years, 8 Months",6,59639.96,4,0.26,0.88,0.96,1,1,1,0,1,62778.9,0
8645,15605673,Liang,Aerospace International Logistics Specialist,12/12/1990,06/10/2020,,Blue Collar,Permanent,Full Time,Fixed,Active,Low,Female,32,"2 Years, 2 Months",2,33425.03,4,0.29,0.72,0.69,2,0,0,0,0,36331.55,0
8646,15669282,Uchechukwu,Operations Specialist,07/03/1996,24/05/2021,,Blue Collar,Permanent,Full Time,Fixed,Active,Low,Female,26,"1  Years, 6 Months",1,32880.24,3,0.58,0.79,0.75,0,0,0,0,0,32880.24,0
8647,15792726,Sung,Transport Controller,20/06/1999,03/01/2015,,Blue Collar,Fixed Term,Full Time,Fixed,Active,Medium,Female,23,"7 Years, 11 Months",7,22651.69,4,0.09,0.51,0.73,3,0,1,1,1,26966.3,0
8648,15593241,Tochukwu,Perishable Operational Care Specialist - Air Logistics,05/07/1982,11/11/1998,,Blue Collar,Permanent,Full Time,Fixed,Active,Low,Male,40,"24 Years, 1 Months",24,30149.751,4,0.52,0.84,0.84,3,0,1,1,1,35057.85,0
8649,15683053,Reyna,Analyst Programmer ,15/05/1995,04/12/2015,29/09/2020,White Collar,Permanent,Full Time,Flex and Fixed,Voluntarily Terminated,Medium,Female,27,"4 Years, 9 Months",4,55721.56,3,0.18,0.95,0.67,6,1,0,1,0,63319.95,1
8650,15632736,Liang,Warehouse Specialist - Air Logistics,02/11/1997,01/02/2019,,Blue Collar,Fixed Term,Full Time,Fixed,Active,High,Female,25,"3 Years, 10 Months",3,26583.09,3,0.8,0.58,0.88,1,0,1,1,1,27405.25,0
8651,15731865,Unwin,Gateway & Procurement Team Leader- Air Logistics,29/07/1999,27/06/2021,,White Collar,Permanent,Full Time,Fixed,Active,Medium,Male,23,"1  Years, 5 Months",1,41395.75,2,0.28,0.69,0.98,0,0,0,1,0,41395.75,0
8652,15760450,Rutherford,Accountant,03/05/2001,23/05/2013,,White Collar,Permanent,Full Time,Fixed,Active,Low,Male,21,"9 Years, 6 Months",9,29588.22,1,0.52,0.73,0.64,1,1,1,1,1,34009.45,0
8653,15787204,Howe,National Perishable Air Logistics Development Manager Seafood,21/09/1985,03/07/2021,,White Collar,Permanent,Full Time,Flex and Fixed,Active,High,Female,37,"1  Years, 5 Months",1,35507.96,3,0.28,0.81,0.72,1,1,0,0,0,37376.8,0
8654,15650454,Tran,Perishable Warehouse Specialist - Air Logistics,24/10/1999,22/12/2019,,Blue Collar,Permanent,Full Time,Fixed,Active,High,Male,23,"2 Years, 11 Months",2,32298.27,3,0.26,0.41,0.5,1,0,1,1,1,35492.6,0
8655,15573730,Thompson,Perishable Operational Care Specialist - Air Logistics,01/08/1961,04/06/2015,,Blue Collar,Permanent,Full Time,Fixed,Active,Medium,Male,61,"7 Years, 6 Months",7,30648.99,3,0.24,0.55,0.42,2,0,0,1,0,34828.4,0
8656,15705050,Linger,Cloud Service Analyst,17/12/1976,15/11/2018,,White Collar,Permanent,Full Time,Flex and Fixed,Active,Low,Male,46,"4 Years, 1 Months",4,60597.96,2,0.29,0.71,0.6,3,1,1,1,1,65867.35,0
8657,15791342,Johnston,Regional Air logistics Trainer Specialist,11/01/1997,20/12/2019,,White Collar,Permanent,Full Time,Fixed,Active,Low,Male,26,"2 Years, 11 Months",2,29447.96,4,0.25,0.6,0.69,1,0,1,1,1,32719.95,0
8658,15684316,Udokamma,National Service Excellence Specialist- Air Logistics,01/07/2000,28/08/2013,08/07/2014,White Collar,Permanent,Full Time,Flex and Fixed,Voluntarily Terminated,Medium,Male,22,"0 Years, 10 Months",0,33758.9,4,0.28,0.83,0.98,0,0,0,0,0,33758.9,1
8659,15700540,Barrera,Project Manager,29/05/1979,02/12/2013,,White Collar,Permanent,Full Time,Flex and Fixed,Active,Medium,Female,43,"9 Years, 0 Months",9,39866.77,1,0.95,0.74,0.92,3,1,0,0,0,45303.15,0
8660,15770631,Sutherland,Project Coordinator,15/02/1982,30/10/2014,,White Collar,Permanent,Full Time,Fixed,Active,Medium,Male,41,"8 Years, 1 Months",8,30725.06,4,0.51,0.67,0.85,2,0,1,1,1,33396.8,0
8661,15790594,Bednall,Human Resoruces Coordinator,05/01/1982,09/10/2013,,White Collar,Permanent,Full Time,Fixed,Active,Low,Female,41,"9 Years, 2 Months",9,28697.93,3,0.3,0.85,0.56,3,0,1,0,1,34164.2,0
8662,15604020,Otoole,Revenue Care Specialist- Air Logistics,23/05/1976,09/11/2017,,White Collar,Permanent,Full Time,Fixed,Active,High,Female,46,"5 Years, 1 Months",5,39030.99,4,0.1,0.49,0.75,1,1,1,0,1,41085.25,0
8663,15637599,Cremonesi,Human Resoruces Coordinator,08/02/1956,15/12/1999,07/05/2022,White Collar,Permanent,Full Time,Fixed,Voluntarily Terminated,High,Female,67,"22 Years, 4 Months",22,25016.83,2,0.49,0.7,0.74,5,0,0,1,0,36789.45,1
8664,15736578,Hamilton,Customer Care Specialist-Key Accounts,22/08/1957,31/08/1987,,White Collar,Permanent,Full Time,Fixed,Active,Low,Male,65,"35  Years, 3 Months",35,19750.79,4,0.78,0.44,0.58,5,0,1,1,0,34650.5,0
8665,15666332,Donaldson,Sales Account Manager,27/02/1975,23/09/2022,,White Collar,Permanent,Full Time,Fixed,Active,Medium,Female,48,"0 Years, 2 Months",0,36571.55,1,0.42,0.5,0.87,0,1,1,1,1,36571.55,0
8666,15727291,McKay,Perishable Customer Care Team Leader - Air Logistics,23/08/1963,20/03/2000,,White Collar,Permanent,Full Time,Fixed,Active,High,Female,59,"22  Years, 8 Months",22,36362.07,2,0.26,0.63,0.74,2,0,0,1,0,42778.9,0
8667,15785920,Black,Perishable Customer Care Team Leader - Air Logistics,02/07/1990,28/11/2020,,White Collar,Permanent,Full Time,Fixed,Active,Medium,Male,32,"2 Years, 0 Months",2,36133.72,4,0.26,0.87,0.77,2,0,1,1,1,41061.05,0
8668,15658987,Kane,National Perishable Air Logistics Development Manager Seafood,22/08/1987,27/10/2018,,White Collar,Permanent,Full Time,Flex and Fixed,Active,Medium,Female,35,"4 Years, 1 Months",4,33965.02,2,0.56,0.82,0.53,2,1,1,1,1,37324.2,0
8669,15687719,She,Regional Air logistics Trainer Specialist,15/11/1995,29/08/2016,,White Collar,Permanent,Full Time,Fixed,Active,Medium,Female,27,"6 Years, 3 Months",6,33810.3,4,0.92,0.97,0.89,2,0,1,0,1,35968.4,0
8670,15799641,Bruno,Aerospace International Logistics Specialist,21/08/1956,26/12/1983,,Blue Collar,Permanent,Full Time,Fixed,Active,Medium,Male,66,"38 Years, 11 Months",38,19491.53,4,0.13,0.9,0.81,2,0,0,1,0,34806.3,0
8671,15758702,Watson,IT System Engineer,12/11/1984,06/09/2015,,White Collar,Permanent,Full Time,Flex and Fixed,Active,Medium,Female,38,"7 Years, 3 Months",7,58793.64,3,0.59,0.41,0.5,3,1,1,1,1,67578.9,0
8672,15689526,Shih,Recruiter,17/03/1968,16/08/2012,06/01/2014,White Collar,Permanent,Full Time,Fixed,Voluntarily Terminated,High,Female,54,"1 Years, 4 Months",1,40508.4,3,0.36,0.58,0.94,0,0,0,1,0,40508.4,1
8673,15586848,Rose,Gateway & Procurement Team Leader- Air Logistics,24/09/1999,16/09/2022,,White Collar,Permanent,Full Time,Fixed,Active,Low,Male,23,"0 Years, 3 Months",0,38724.2,1,0.17,0.77,0.5,0,0,0,1,0,38724.2,0
8674,15707637,Zikoranachukwudimma,Accounting Coordinator,17/03/1970,02/10/1997,,White Collar,Permanent,Full Time,Fixed,Active,Medium,Female,52,"25 Years, 2 Months",25,33135.47,3,0.29,0.89,0.75,2,1,0,1,0,36412.6,0
8675,15719426,Cole,Sea Logiscitcs Customer Care Specialist ,24/10/1975,30/06/2013,29/07/2015,Blue Collar,Permanent,Full Time,Fixed,Voluntarily Terminated,Medium,Male,47,"2 Years, 0 Months",2,27971.71,1,0.44,0.64,0.72,5,0,1,1,1,33700.85,1
8676,15639265,Isaacs,Air Logistics Support Manager,06/09/1979,01/07/2018,,White Collar,Permanent,Full Time,Flex and Fixed,Active,Low,Male,43,"4 Years, 5 Months",4,64363.8,4,0.26,0.63,0.79,2,1,0,1,0,70729.45,0
8677,15576124,Muravyova,Business Development Executive,09/03/1983,13/07/2012,,White Collar,Permanent,Full Time,Flex and Fixed,Active,Low,Male,40,"10  Years, 5 Months",10,33440.84,1,0.81,0.6,0.88,4,0,0,1,0,41801.05,0
8678,15757829,Timperley,Transport Controller,31/05/2003,10/02/2020,,Blue Collar,Fixed Term,Full Time,Fixed,Active,High,Female,19,"2 Years, 10 Months",2,24936.69,1,0.48,0.52,1,2,0,0,1,0,26813.65,0
8679,15633227,Kenechukwu,Aerospace International Logistics Specialist,20/11/1984,23/05/2018,,Blue Collar,Permanent,Full Time,Fixed,Active,High,Female,38,"4 Years, 6 Months",4,29568.29,3,0.29,0.56,0.6,1,0,0,0,0,32853.65,0
8680,15753092,He,Network Engineer,19/02/1961,27/01/1986,05/07/2021,White Collar,Permanent,Full Time,Flex and Fixed,Voluntarily Terminated,Medium,Male,62,"35 Years, 5 Months",35,69102.82,2,0.41,0.95,0.9,4,1,1,1,1,71982.1,1
8681,15782939,Storey,Perishable Customer Care Team Leader - Air Logistics,06/09/1984,25/07/2011,25/08/2014,White Collar,Permanent,Full Time,Fixed,Voluntarily Terminated,High,Male,38,"3 Years, 1 Months",3,37650.26,4,0.11,0.15,0.96,4,0,0,1,0,38814.7,1
8682,15746338,Onyekachukwu,Accounting Coordinator,11/05/1955,15/06/2006,,White Collar,Permanent,Full Time,Fixed,Active,Low,Female,67,"16 Years, 6 Months",16,31829.36,4,0.15,0.75,0.98,3,1,1,1,0,37446.3,0
8683,15590676,Kharlamova,Gateway & Procurement Team Leader- Air Logistics,23/12/1996,19/11/2021,,White Collar,Permanent,Full Time,Fixed,Active,Low,Male,26,"1  Years, 0 Months",1,42073.65,4,0.21,0.5,0.51,0,0,0,1,0,42073.65,0
8684,15599329,Christopher,National Service Excellence Specialist- Air Logistics,24/09/1981,10/05/2014,18/10/2017,White Collar,Permanent,Full Time,Flex and Fixed,Voluntarily Terminated,High,Female,41,"3 Years, 5 Months",3,29540.19,3,0.29,0.23,0.96,6,0,1,0,1,33568.4,1
8685,15783097,Lombardo,Sea Logistics Pricing Coordinator,14/05/1996,28/11/2012,,White Collar,Permanent,Full Time,Fixed,Active,High,Male,26,"10  Years, 0 Months",10,27462.4,1,0.29,0.85,0.79,2,0,0,1,0,33904.2,0
8686,15597885,Kerr,IT System Engineer,24/04/1963,15/10/2010,,White Collar,Permanent,Full Time,Flex and Fixed,Active,Low,Male,59,"12 Years, 2 Months",12,69062.35,1,0.99,0.79,0.57,1,1,1,1,0,71939.95,0
8687,15597467,Duncan,National Air Logistics Gateway Operations Manager,09/08/1991,07/04/2021,,White Collar,Permanent,Full Time,Flex and Fixed,Active,Low,Female,31,"1  Years, 8 Months",1,64871.84,3,0.27,0.6,0.6,1,1,1,1,1,69012.6,0
8688,15724764,Lawley,Operations Specialist,03/07/1999,10/02/2016,,Blue Collar,Permanent,Full Time,Fixed,Active,Medium,Female,23,"6 Years, 10 Months",6,30849.86,4,0.16,0.89,0.74,2,0,0,0,0,33900.95,0
8689,15778418,Burns,Regional Air logistics Trainer Specialist,28/04/1998,14/11/2018,05/01/2021,White Collar,Permanent,Full Time,Fixed,Voluntarily Terminated,High,Male,24,"2 Years, 1 Months",2,30627.26,3,0.53,0.65,0.92,4,0,1,1,1,33290.5,1
8690,15684769,Whitson,Accounts Payable,06/10/1983,26/11/2018,,White Collar,Permanent,Full Time,Fixed,Active,High,Male,39,"4 Years, 0 Months",4,35408.3,1,0.19,0.61,0.7,1,1,1,0,1,37668.4,0
8691,15756167,Doyne,Gateway & Procurement Specialist - Air Logistics,30/07/1956,31/03/2013,,Blue Collar,Permanent,Full Time,Fixed,Active,Low,Female,66,"9 Years, 8 Months",9,29380.53,4,0.41,0.4,0.79,1,0,1,1,1,32286.3,0
8692,15632439,Pinto,Sea Logistics Pricing Coordinator,10/08/1974,20/01/2013,,White Collar,Permanent,Full Time,Fixed,Active,High,Female,48,"9 Years, 10 Months",9,28847.11,3,0.16,0.49,0.57,3,0,1,0,1,33543.15,0
8693,15755138,Chin,Business Development Manager,28/10/1955,04/10/1996,,White Collar,Permanent,Full Time,Flex and Fixed,Active,Medium,Female,67,"26 Years, 2 Months",26,35582.09,3,0.79,0.95,0.75,1,1,1,1,1,50831.55,0
8694,15659092,Davide,Perishable Warehouse Specialist - Air Logistics,22/09/1981,23/08/2014,24/12/2018,Blue Collar,Permanent,Full Time,Fixed,Voluntarily Terminated,Medium,Female,41,"4 Years, 4 Months",4,30702.74,2,0.47,0.85,1,6,0,0,1,0,35290.5,1
8695,15742116,Torres,Warehouse Quality Control Specialist - Air Logistics,04/03/1987,24/08/2013,,Blue Collar,Permanent,Full Time,Fixed,Active,Low,Female,36,"9 Years, 3 Months",9,21061.31,3,0.19,0.69,0.39,2,0,0,0,0,24208.4,0
8696,15801994,Buccho,Human Resoruces Coordinator,12/06/1955,10/05/2019,,White Collar,Permanent,Full Time,Fixed,Active,High,Male,67,"3 Years, 7 Months",3,33945.55,2,0.16,0.85,0.99,1,0,0,1,0,35359.95,0
8697,15647572,Greece,IT-Support,17/07/1976,05/11/2019,,White Collar,Permanent,Full Time,Fixed,Active,Medium,Male,46,"3 Years, 1 Months",3,39438.95,2,0.13,0.99,0.98,1,0,1,1,1,43821.05,0
8698,15644551,Wimble,National Perishable Air Logistics Development Manager Seafood,18/10/1969,27/02/2019,,White Collar,Permanent,Full Time,Flex and Fixed,Active,Low,Female,53,"3 Years, 9 Months",3,29957.36,3,0.27,0.49,0.49,1,1,0,1,0,33659.95,0
8699,15709135,Pirozzi,Gateway & Procurement Specialist - Air Logistics,31/05/1957,13/10/2009,,Blue Collar,Permanent,Full Time,Fixed,Active,Medium,Male,65,"13 Years, 2 Months",13,28472.98,2,0.13,0.56,0.73,2,0,0,0,0,34723.15,0
8700,15684469,Hsiung,IT-Support,11/05/1985,12/11/2021,,White Collar,Permanent,Full Time,Fixed,Active,Medium,Male,37,"1  Years, 1 Months",1,36087.35,1,0.91,0.65,0.66,0,0,0,1,0,36087.35,0
8701,15627637,Obioma,Cloud Service Analyst,13/06/1972,15/01/2012,,White Collar,Permanent,Full Time,Flex and Fixed,Active,Low,Male,50,"10  Years, 11 Months",10,51157.63,3,0.35,0.62,0.68,1,1,0,1,0,62387.35,0
8702,15667093,Onio,Accountant,24/05/1997,20/12/2014,,White Collar,Permanent,Full Time,Fixed,Active,Low,Male,25,"7 Years, 11 Months",7,33893.96,3,0.97,0.78,0.68,2,1,1,1,1,37659.95,0
8703,15690589,Udinesi,Aerospace International Logistics Specialist,30/05/1966,01/09/1992,,Blue Collar,Permanent,Full Time,Fixed,Active,High,Male,56,"30 Years, 3 Months",30,29557.76,3,0.19,0.54,0.7,1,0,1,0,1,32481.05,0
8704,15595350,Fermin,Transport Controller,18/06/1974,14/05/2017,,Blue Collar,Fixed Term,Full Time,Fixed,Active,Medium,Female,48,"5 Years, 7 Months",5,24407.35,3,0.28,0.61,0.77,0,0,0,1,0,24407.35,0
8705,15777586,Moss,Perishable Operational Care Specialist - Air Logistics,07/11/1974,05/03/2019,,Blue Collar,Permanent,Full Time,Fixed,Active,High,Female,48,"3 Years, 9 Months",3,32254,3,0.23,0.49,0.99,3,0,0,1,0,33251.55,0
8706,15804064,Docherty,Accountant,28/06/1996,03/11/2013,,White Collar,Permanent,Full Time,Fixed,Active,Medium,Female,26,"9 Years, 1 Months",9,30666.95,4,0.23,0.75,0.85,2,1,1,1,1,33699.95,0
8707,15717770,Marcelo,Transport Controller,29/04/1989,09/06/2016,02/12/2019,Blue Collar,Fixed Term,Full Time,Fixed,Voluntarily Terminated,High,Female,33,"3 Years, 5 Months",3,22178.71,2,0.08,0.64,0.79,5,0,0,0,0,26092.6,1
8708,15754443,Fadden,Technical Support Engineer,09/11/1989,09/08/2016,19/12/2019,White Collar,Permanent,Full Time,Flex and Fixed,Voluntarily Terminated,High,Female,33,"3 Years, 4 Months",3,53442.95,3,0.11,0.93,0.94,4,1,0,1,0,59381.05,1
8709,15776939,Zox,Accountant,09/11/1981,18/07/2011,,White Collar,Permanent,Full Time,Fixed,Active,Low,Female,41,"11 Years, 5 Months",11,33098.11,1,0.3,0.69,0.66,1,1,0,1,0,36371.55,0
8710,15713517,Otitodilinna,National Air Logistics Gateway Trade Lane Specialist,28/02/1985,26/08/2002,,White Collar,Permanent,Full Time,Fixed,Active,High,Male,38,"20 Years, 3 Months",20,30016.41,4,0.82,0.68,0.85,1,0,0,1,0,33726.3,0
8711,15683522,Kennedy,Business Development Manager,28/03/1975,26/05/2022,,White Collar,Permanent,Full Time,Flex and Fixed,Active,Low,Female,47,"0 Years, 6 Months",0,50887.35,4,0.74,0.71,0.8,0,1,1,1,1,50887.35,0
8712,15673995,Tu,Technical Support Engineer,10/05/1973,02/12/2017,,White Collar,Permanent,Full Time,Flex and Fixed,Active,High,Female,49,"5 Years, 0 Months",5,56139.97,3,0.26,0.62,0.82,3,1,0,1,0,59094.7,0
8713,15771054,Barnes,Sales Account Manager,08/09/2000,26/11/2015,,White Collar,Permanent,Full Time,Fixed,Active,Low,Male,22,"7 Years, 0 Months",7,30027.62,1,0.11,0.74,0.75,2,1,0,1,0,33738.9,0
8714,15578788,Bibi,Finance Analyst,21/12/1957,31/01/1998,,White Collar,Permanent,Full Time,Flex and Fixed,Active,Low,Male,65,"24 Years, 10 Months",24,33789.89,2,0.96,0.81,0.5,4,1,0,0,0,51196.8,0
8715,15737408,L?,Business Development Executive,16/09/1966,07/10/2005,,White Collar,Permanent,Full Time,Flex and Fixed,Active,High,Female,56,"17  Years, 2 Months",17,32755.36,2,0.25,0.57,0.82,2,0,0,1,0,40944.2,0
8716,15750837,Landseer,Warehouse Quality Control Specialist - Air Logistics,24/04/1963,19/08/1986,,Blue Collar,Permanent,Full Time,Fixed,Active,Medium,Male,59,"36 Years, 3 Months",36,25925.67,2,0.49,0.51,0.91,1,0,1,0,0,28806.3,0
8717,15576022,Nwachinemelu,Gateway & Procurement Specialist - Air Logistics,21/01/1988,18/03/2020,,Blue Collar,Fixed Term,Full Time,Fixed,Active,Medium,Male,35,"2 Years, 9 Months",2,31949.03,4,0.71,0.55,0.99,2,0,1,0,1,32601.05,0
8718,15635502,Ch'iu,Perishable Warehouse Shift Manager - Air Logistics,30/04/1992,05/04/2020,,White Collar,Fixed Term,Full Time,Fixed,Active,Low,Male,30,"2 Years, 8 Months",2,58468.59,3,0.45,0.45,0.41,1,1,0,1,0,62869.45,0
8719,15627298,Vinogradova,Account Manager ,29/01/1987,10/02/2012,06/12/2019,White Collar,Fixed Term,Full Time,Fixed,Voluntarily Terminated,High,Male,36,"10  Years, 10 Months",10,31507.28,3,0.17,0.91,0.61,6,1,0,1,0,37960.58,1
8720,15811415,Jenks,BI Developer,23/06/1974,16/03/2015,,White Collar,Fixed Term,Full Time,Flex and Fixed,Active,Low,Female,48,"7 Years, 9 Months",7,51445.13,2,0.78,0.73,0.59,1,1,1,1,1,61244.2,0
8721,15645059,Crace,Perishable Operational Care Specialist - Air Logistics,02/05/2001,11/01/2013,,Blue Collar,Fixed Term,Full Time,Fixed,Active,Low,Female,21,"9 Years, 11 Months",9,30949.12,1,0.51,0.98,0.88,3,0,0,0,0,35987.35,0
8722,15689671,Packham,Perishable Apprentice- Air Logistics,01/06/2002,21/12/2016,,Blue Collar,Apprentice,Full Time,Fixed,Active,Medium,Male,20,"5 Years, 11 Months",5,22911.55,2,0.29,0.62,0.65,0,0,1,1,1,22911.55,0
8723,15718667,T'ien,National Perishable Air Logistics Development Manager Retail,18/08/1988,20/06/2020,,White Collar,Fixed Term,Full Time,Flex and Fixed,Active,Low,Male,34,"2 Years, 5 Months",2,30248.42,2,0.45,0.57,0.62,2,1,0,1,0,33240.02,0
8724,15803202,Onyekachi,Stock Investigator & Analyst,24/11/1988,13/06/2015,01/08/2017,White Collar,Fixed Term,Full Time,Flex and Fixed,Voluntarily Terminated,Medium,Male,34,"2 Years, 1 Months",2,41420.56,3,0.27,0.99,0.57,5,1,1,1,1,46539.95,1
8725,15593683,Solomina,Finance Analyst,12/09/1970,11/01/2013,,White Collar,Fixed Term,Full Time,Flex and Fixed,Active,Low,Female,52,"9 Years, 11 Months",9,44012.94,3,0.57,0.82,0.68,2,1,0,1,0,50014.7,0
8726,15703394,Hawes,Operations Specialist,15/11/1984,04/09/2018,,Blue Collar,Fixed Term,Full Time,Fixed,Active,Medium,Male,38,"4 Years, 3 Months",4,32760.44,2,0.56,0.7,0.81,5,0,0,1,0,33773.65,0
8727,15570289,Benson,Material Handler ,04/12/2003,29/01/2009,10/11/2013,Blue Collar,Fixed Term,Full Time,Fixed,Voluntarily Terminated,High,Male,19,"4 Years, 9 Months",4,27860.53,3,0.3,0.84,0.73,0,0,0,1,0,27860.53,1
8728,15567437,Emenike,Business Analyst,18/01/1975,21/01/2020,,White Collar,Fixed Term,Full Time,Flex and Fixed,Active,Medium,Female,48,"2 Years, 10 Months",2,48665.72,1,0.9,0.9,0.55,2,1,1,1,1,49658.9,0
8729,15711687,Nero,Forklift Operator,08/06/2003,30/06/2022,,Blue Collar,Fixed Term,Full Time,Fixed,Active,High,Male,19,"0 Years, 5 Months",0,24775.75,2,0.3,0.78,0.73,0,0,1,0,1,24775.75,0
8730,15656592,Toscano,Stock Investigator & Analyst,23/11/1989,02/08/2022,,White Collar,Fixed Term,Full Time,Flex and Fixed,Active,Low,Male,33,"0 Years, 4 Months",0,49726.3,2,0.25,0.6,0.67,0,1,1,1,1,49726.3,0
8731,15634373,Yang,Warehouse Specialist - Air Logistics,31/03/1982,18/01/2019,,Blue Collar,Fixed Term,Full Time,Fixed,Active,High,Male,40,"3 Years, 11 Months",3,21663.45,2,0.27,0.72,0.87,2,0,1,0,1,24070.5,0
8732,15769125,Palerma,National Air Logistics Gateway Trade Lane Specialist,01/08/1960,28/06/1993,,White Collar,Fixed Term,Full Time,Fixed,Active,Medium,Female,62,"29 Years, 5 Months",29,32318.13,4,0.29,0.68,0.61,1,0,1,0,1,35128.4,0
8733,15711386,Trentini,Transport Controller,07/02/1984,23/07/2016,,Blue Collar,Fixed Term,Full Time,Fixed,Active,Medium,Female,39,"6 Years, 4 Months",6,24285.45,3,0.23,0.51,0.72,1,0,1,0,1,28238.9,0
8734,15714241,Haddon,Accountant,25/02/1977,23/07/2008,28/07/2017,White Collar,Fixed Term,Full Time,Fixed,Voluntarily Terminated,Medium,Male,46,"9 Years, 0 Months",9,33209.15,1,0.15,0.74,0.58,4,1,0,0,1,37313.65,1
8735,15642530,Coates,Internal Trainer,28/03/1977,08/06/2016,06/04/2020,White Collar,Fixed Term,Full Time,Fixed,Voluntarily Terminated,Medium,Female,45,"3 Years, 9 Months",3,30935.18,1,0.16,0.86,0.73,5,0,0,1,0,33994.7,1
8736,15713599,Castiglione,Perishable Operational Care Specialist - Air Logistics,29/09/1986,09/09/2012,,Blue Collar,Fixed Term,Full Time,Fixed,Active,Medium,Male,36,"10  Years, 3 Months",10,27921.68,2,0.51,0.85,0.51,3,0,1,0,0,34902.1,0
8737,15744770,Stone,Account Manager ,22/06/1974,13/02/2016,,White Collar,Fixed Term,Full Time,Fixed,Active,Low,Male,48,"6 Years, 10 Months",6,30886.38,3,0.59,0.63,0.85,2,1,0,0,0,32857.85,0
8738,15780498,Maynard,Perishable Customer Care Team Leader - Air Logistics,24/02/1986,16/05/2020,,White Collar,Fixed Term,Full Time,Fixed,Active,Low,Male,37,"2 Years, 7 Months",2,35441.13,3,0.51,0.74,0.87,1,0,1,1,1,38946.3,0
8739,15624397,Moore,Business Development Manager,28/07/1970,10/10/2019,,White Collar,Fixed Term,Full Time,Flex and Fixed,Active,Low,Male,52,"3 Years, 2 Months",3,43814.09,1,0.27,0.6,0.5,1,1,1,0,1,48147.35,0
8740,15615219,Obielumani,Accountant,06/10/1981,18/06/2014,,White Collar,Fixed Term,Full Time,Fixed,Active,High,Male,41,"8 Years, 6 Months",8,31955.5,4,0.95,0.69,0.82,3,1,1,0,0,37594.7,0
8741,15570908,Harding,Operations Specialist,08/03/1956,25/05/1992,,Blue Collar,Fixed Term,Full Time,Fixed,Active,Low,Female,67,"30 Years, 6 Months",30,25290.95,4,0.28,0.56,0.96,2,0,1,0,1,35621.05,0
8742,15762855,Hill,National Perishable Air Logistics Development Manager Seafood,21/12/1982,20/09/2017,,White Collar,Fixed Term,Full Time,Flex and Fixed,Active,Medium,Female,40,"5 Years, 2 Months",5,28323.02,3,0.26,0.5,0.67,1,1,1,1,1,32185.25,0
8743,15661827,Brown,Perishable Warehouse Specialist - Air Logistics,09/06/1972,28/04/2017,,Blue Collar,Fixed Term,Full Time,Fixed,Active,Low,Female,50,"5 Years, 7 Months",5,30934.29,3,0.28,0.84,0.5,1,0,1,1,1,35152.6,0
8744,15746035,Pagnotto,National Perishable Air Logistics Development Manager Seafood,27/04/1979,27/04/2014,,White Collar,Fixed Term,Full Time,Flex and Fixed,Active,High,Male,43,"8 Years, 7 Months",8,30560.07,4,0.3,0.93,0.48,3,1,1,0,1,34727.35,0
8745,15691906,Esposito,National Perishable Air Logistics Development Manager Retail,18/07/1965,21/01/1990,20/05/2020,White Collar,Fixed Term,Full Time,Flex and Fixed,Voluntarily Terminated,High,Female,57,"30 Years, 3 Months",30,28869.73,2,0.27,0.12,0.5,4,1,0,1,0,33569.45,1
8746,15793424,Tan,Human Resoruces Coordinator,26/04/1983,07/02/2017,,White Collar,Fixed Term,Full Time,Fixed,Active,Medium,Female,39,"5 Years, 10 Months",5,33456.47,3,0.09,0.52,0.58,1,0,0,1,0,35974.7,0
8747,15577905,Hammond,Perishable Operational Care Specialist - Air Logistics,27/06/1996,18/03/2021,,Blue Collar,Fixed Term,Full Time,Fixed,Active,Medium,Male,26,"1  Years, 9 Months",1,32765.25,1,0.83,0.6,0.54,0,0,1,0,1,32765.25,0
8748,15667216,Chung,Human Resoruces Coordinator,06/07/1976,20/01/2016,,White Collar,Fixed Term,Full Time,Fixed,Active,Low,Female,46,"6 Years, 10 Months",6,31777.43,2,0.83,0.71,1,3,0,1,1,1,36950.5,0
8749,15673971,Houghton,Pricing Analyst,03/01/1974,11/03/2017,28/01/2019,White Collar,Fixed Term,Full Time,Flex and Fixed,Voluntarily Terminated,Medium,Female,49,"1 Years, 10 Months",1,47789.63,3,0.58,0.21,0.81,3,1,0,1,0,51945.25,1
8750,15701238,Chia,National Air Logistics Pharma Compliance Specialist,11/10/1992,14/02/2012,,Blue Collar,Fixed Term,Full Time,Fixed,Active,Medium,Male,30,"10  Years, 10 Months",10,29467.89,3,0.59,0.57,0.84,2,0,0,1,0,32742.1,0
8751,15644849,Zikoranachidimma,Senior DevOps Engineer,02/04/1970,25/11/2013,,White Collar,Fixed Term,Full Time,Flex and Fixed,Active,High,Female,52,"9 Years, 0 Months",9,57987.38,1,0.29,0.71,0.55,1,1,1,1,1,69032.6,0
8752,15635531,Boag,Internal Trainer,30/05/1981,20/11/2013,,White Collar,Fixed Term,Full Time,Fixed,Active,Low,Female,41,"9 Years, 0 Months",9,30244.53,3,0.74,0.65,0.86,3,0,0,1,0,33235.75,0
8753,15632263,Pagnotto,Regional Air logistics Trainer Specialist,01/05/1957,18/04/1991,,White Collar,Fixed Term,Full Time,Fixed,Active,High,Male,65,"31 Years, 8 Months",31,22276.53,1,0.59,0.86,0.64,4,0,0,1,0,36518.9,0
8754,15720110,Oluchukwu,National Service Excellence Specialist- Air Logistics,02/02/1990,26/12/2021,,White Collar,Fixed Term,Full Time,Flex and Fixed,Active,Medium,Male,33,"0 Years, 11 Months",0,34018.9,2,0.09,0.5,0.52,0,0,1,1,1,34018.9,0
8755,15619045,Baxter,Customer Care Specialist-Key Accounts,03/12/1965,25/05/2000,,White Collar,Fixed Term,Full Time,Fixed,Active,Low,Female,57,"22 Years, 6 Months",22,32541.55,4,0.27,0.66,0.69,2,0,1,0,1,35759.95,0
8756,15697510,Tien,Cloud Service Analyst,17/01/1961,14/11/2009,18/05/2020,White Collar,Fixed Term,Full Time,Flex and Fixed,Voluntarily Terminated,Low,Female,62,"10 Years, 6 Months",10,52628.56,1,0.58,0.95,0.51,5,1,0,1,0,60492.6,1
8757,15784923,Chimezie,Business Development Manager,25/08/1974,20/11/2015,06/05/2019,White Collar,Fixed Term,Full Time,Flex and Fixed,Voluntarily Terminated,Low,Female,48,"3 Years, 5 Months",3,44904.79,2,0.28,0.59,0.92,4,1,1,1,1,51614.7,1
8758,15567383,Slone,Inside Sales Executive/ Account Manager,11/12/1998,24/08/2014,,White Collar,Fixed Term,Full Time,Flex and Fixed,Active,Low,Female,24,"8 Years, 3 Months",8,31546.6,3,0.83,0.49,0.61,2,1,1,0,1,37113.65,0
8759,15732621,Martin,Sea Logiscitcs Customer Care Specialist ,30/09/1958,23/05/2014,,Blue Collar,Fixed Term,Full Time,Fixed,Active,Low,Male,64,"8 Years, 6 Months",8,33005.19,3,0.08,0.9,0.88,2,0,1,1,1,35489.45,0
8760,15757981,Loggia,National Perishable Air Logistics Development Manager Seafood,24/09/1992,27/02/2022,,White Collar,Fixed Term,Full Time,Flex and Fixed,Active,Medium,Male,30,"0 Years, 9 Months",0,35212.6,1,0.29,0.98,0.81,0,1,1,1,1,35212.6,0
8761,15727819,Hartley,Recruiter,08/07/1980,02/08/2021,,White Collar,Fixed Term,Full Time,Fixed,Active,Low,Female,42,"1  Years, 4 Months",1,36109.82,3,0.95,0.52,1,1,0,1,1,1,38414.7,0
8762,15738088,Parkin,BI Developer,28/04/1988,17/10/1999,15/06/2020,White Collar,Fixed Term,Full Time,Flex and Fixed,Terminated for Cause,High,Male,34,"20 Years, 7 Months",20,47648.66,3,0.51,0.12,0.95,4,1,0,1,0,63531.55,1
8763,15765173,Lin,Perishable Warehouse Specialist - Air Logistics,03/07/1996,31/01/2015,15/09/2022,Blue Collar,Fixed Term,Full Time,Fixed,Voluntarily Terminated,High,Female,26,"7 Years, 7 Months",7,29330.51,1,0.11,0.91,0.67,6,0,0,0,0,32589.45,1
8764,15665159,Brooks,Data Engineer,12/10/1979,21/02/2014,18/03/2016,White Collar,Fixed Term,Full Time,Flex and Fixed,Voluntarily Terminated,High,Male,43,"2 Years, 0 Months",2,62963.96,3,0.25,0.99,0.62,4,1,1,1,1,69959.95,1
8765,15618203,Tien,Project Coordinator,03/08/1982,12/10/2017,,White Collar,Fixed Term,Full Time,Fixed,Active,High,Male,40,"5 Years, 2 Months",5,32475.55,2,0.91,0.49,0.8,1,0,1,1,1,34919.95,0
8766,15791452,Dann,Trucking Team Leader- Air Logistics,07/06/1980,25/10/2016,,White Collar,Fixed Term,Full Time,Fixed,Active,High,Male,42,"6 Years, 1 Months",6,33842.47,4,0.53,0.92,0.51,2,0,0,1,0,38025.25,0
8767,15638159,Trentino,Network Engineer,16/10/1991,06/04/2013,,White Collar,Fixed Term,Full Time,Flex and Fixed,Active,Low,Female,31,"9 Years, 8 Months",9,59959.4,4,0.21,0.59,0.84,2,1,0,0,0,65889.45,0
8768,15585466,Russo,Apprentice,29/09/2002,13/08/2022,,Blue Collar,Apprentice,Full Time,Fixed,Active,Low,Male,20,"0 Years, 4 Months",0,23441.05,3,0.28,0.89,0.9,0,0,0,1,0,23441.05,0
8769,15677310,Christie,Perishable Manager - Air Logistics,02/01/1985,04/08/1984,21/08/2016,White Collar,Fixed Term,Full Time,Flex and Fixed,Voluntarily Terminated,Low,Male,38,"32 Years, 0 Months",32,60401.29,1,0.08,0.84,0.81,5,1,0,0,0,71906.3,1
8770,15646262,Ross,Business Development Executive,24/05/1978,17/09/2019,,White Collar,Fixed Term,Full Time,Flex and Fixed,Active,Medium,Male,44,"3 Years, 3 Months",3,37951.47,1,0.18,0.72,0.68,1,0,0,1,0,42642.1,0
8771,15656901,Nnonso,Warehouse Quality Control Specialist - Air Logistics,06/09/1959,31/05/1994,,Blue Collar,Fixed Term,Full Time,Fixed,Active,High,Male,63,"28  Years, 6 Months",28,22827.78,2,0.96,0.57,0.46,2,0,1,1,1,25364.2,0
8772,15621093,Teng,Trucking Specialist - Air Logistics,24/12/1963,05/03/2005,,Blue Collar,Fixed Term,Full Time,Fixed,Active,Medium,Male,59,"17 Years, 9 Months",17,31270.73,4,0.39,0.9,0.69,1,0,0,0,0,34745.25,0
8773,15592123,Buccho,Revenue Care Specialist- Air Logistics,20/03/1982,02/09/2005,,White Collar,Fixed Term,Full Time,Fixed,Active,Medium,Male,40,"17 Years, 3 Months",17,36769.23,1,0.48,0.59,0.75,2,1,1,1,1,40854.7,0
8774,15589200,Madukaife,Project Coordinator,29/11/1960,01/03/2001,,White Collar,Fixed Term,Full Time,Fixed,Active,Medium,Male,62,"21 Years, 9 Months",21,35347.82,3,0.98,0.97,0.69,2,0,0,1,0,36441.05,0
8775,15602934,Dunn,Trucking Specialist - Air Logistics,21/07/1962,09/11/2003,,Blue Collar,Fixed Term,Full Time,Fixed,Active,Medium,Female,60,"19 Years, 1 Months",19,29879.87,3,0.1,0.56,0.85,3,0,0,1,0,32059.95,0
8776,15812720,Hooker,Business Development Manager,26/05/1966,02/06/2011,,White Collar,Fixed Term,Full Time,Flex and Fixed,Active,Low,Male,56,"11  Years, 6 Months",11,47362.24,3,0.27,0.78,0.59,1,1,1,0,1,50817.85,0
8777,15695383,Griffin,Trucking Specialist - Air Logistics,31/10/1966,30/07/2006,,Blue Collar,Fixed Term,Full Time,Fixed,Active,Medium,Male,56,"16 Years, 4 Months",16,31000.07,2,0.3,0.64,0.72,2,0,0,1,0,35227.35,0
8778,15723064,Kistler,Warehouse Specialist - Air Logistics,03/11/1955,31/03/2010,,Blue Collar,Fixed Term,Full Time,Fixed,Active,Low,Male,67,"12 Years, 8 Months",12,19576.4,3,0.8,0.58,0.9,4,0,0,1,0,24168.4,0
8779,15761606,Law,Aerospace International Logistics Specialist,22/08/1999,06/08/2021,,Blue Collar,Fixed Term,Full Time,Fixed,Active,High,Female,23,"1  Years, 4 Months",1,34384.13,2,0.28,0.68,0.58,1,0,0,1,0,35816.8,0
8780,15650322,Grigoryeva,Inventory Clerk,10/07/2001,29/04/2021,,Blue Collar,Fixed Term,Full Time,Fixed,Active,High,Female,21,"1  Years, 7 Months",1,26206.3,2,0.08,0.82,0.73,0,0,1,0,1,26206.3,0
8781,15669782,Chu,Aerospace International Logistics Specialist,15/08/1982,05/11/2017,02/01/2019,Blue Collar,Fixed Term,Full Time,Fixed,Voluntarily Terminated,High,Male,40,"1 Years, 1 Months",1,33233.42,3,0.3,0.83,0.78,5,0,0,1,1,35354.7,1
8782,15751628,Onyemachukwu,Apprentice,21/10/2003,01/09/2022,,Blue Collar,Apprentice,Full Time,Fixed,Active,High,Male,19,"0 Years, 3 Months",0,22025.25,4,0.41,0.49,0.49,0,0,1,1,0,22025.25,0
8783,15809057,Lu,National Air Logistics Pharma Compliance Specialist,26/12/1973,30/04/2015,,Blue Collar,Fixed Term,Full Time,Fixed,Active,High,Female,49,"7 Years, 7 Months",7,31044.38,2,0.41,0.57,0.95,1,0,1,1,1,33381.05,0
8784,15617052,Watson,Revenue Care Specialist- Air Logistics,05/05/1989,07/11/2020,21/03/2022,White Collar,Fixed Term,Full Time,Fixed,Voluntarily Terminated,High,Male,33,"1 Years, 4 Months",1,41302.1,3,0.22,0.66,0.93,0,1,0,1,1,41302.1,1
8785,15590810,Fallaci,Stock Investigator & Analyst,22/08/1957,17/03/1985,25/03/2021,White Collar,Fixed Term,Full Time,Flex and Fixed,Terminated for Cause,High,Female,65,"36 Years, 0 Months",36,27770.68,3,0.53,0.78,0.6,5,1,0,1,0,49590.5,1
8786,15801293,Ni,Gateway & Procurement Team Leader- Air Logistics,25/05/1968,04/08/1997,,White Collar,Fixed Term,Full Time,Fixed,Active,High,Male,54,"25 Years, 4 Months",25,36525.44,4,0.72,0.55,0.8,1,0,1,1,1,40137.85,0
8787,15770968,Leason,Transport Controller,29/06/2002,25/10/2020,,Blue Collar,Fixed Term,Full Time,Fixed,Active,Low,Female,20,"2  Years, 1 Months",2,26845.63,3,0.11,0.98,0.62,1,0,0,1,0,27964.2,0
8788,15572356,Tsai,Accountant,23/03/1990,16/08/2013,,White Collar,Fixed Term,Full Time,Fixed,Active,Medium,Male,32,"9 Years, 4 Months",9,30934.52,1,0.44,0.89,0.51,1,1,1,0,1,37270.5,0
8789,15603247,Bruner,Warehouse Specialist - Air Logistics,15/08/1969,17/08/2014,,Blue Collar,Fixed Term,Full Time,Fixed,Active,High,Female,53,"8  Years, 4 Months",8,23249.13,1,0.56,0.67,0.83,3,0,0,1,0,28352.6,0
8790,15619116,Wallace,Regional Air logistics Trainer Specialist,21/03/1968,18/03/1985,,White Collar,Fixed Term,Full Time,Fixed,Active,High,Female,54,"37 Years, 9 Months",37,32759.48,2,0.29,1,0.49,2,0,1,0,1,36808.4,0
8791,15691792,Young,Business Analyst,14/11/1964,06/05/2019,,White Collar,Fixed Term,Full Time,Flex and Fixed,Active,High,Male,58,"3 Years, 7 Months",3,41006.28,3,0.11,0.67,0.44,1,1,0,0,0,47133.65,0
8792,15783276,Forbes,National Air Logistics Pharma Compliance Specialist,08/08/1981,14/10/2013,,Blue Collar,Fixed Term,Full Time,Fixed,Active,High,Female,41,"9 Years, 2 Months",9,30996.98,3,0.15,0.69,0.98,3,0,1,1,1,32628.4,0
8793,15766137,Muir,Human Resoruces Coordinator,02/11/1986,11/03/2020,,White Collar,Fixed Term,Full Time,Fixed,Active,Medium,Male,36,"2 Years, 9 Months",2,31185.06,2,0.3,0.71,0.87,1,0,1,1,1,33896.8,0
8794,15574554,Pugh,Business Development Executive,20/06/1964,09/09/2008,,White Collar,Fixed Term,Full Time,Flex and Fixed,Active,Low,Male,58,"14 Years, 3 Months",14,38214.22,4,0.36,0.65,0.91,1,0,1,1,1,41993.65,0
8795,15578671,Webb,National Air Logistics Gateway Trade Lane Specialist,27/04/1986,12/02/2016,,White Collar,Fixed Term,Full Time,Fixed,Active,Low,Female,36,"6 Years, 10 Months",6,29306.17,3,0.55,0.82,0.82,1,0,1,1,0,33685.25,0
8796,15716608,Walker,Senior DevOps Engineer,18/08/1978,14/11/2012,30/05/2013,White Collar,Fixed Term,Full Time,Flex and Fixed,Terminated for Cause,High,Male,44,"0 Years, 6 Months",0,68796.8,3,0.15,0.48,0.89,0,1,0,1,0,68796.8,1
8797,15690670,Cox,Senior DevOps Engineer,12/03/1955,02/08/2000,,White Collar,Fixed Term,Full Time,Flex and Fixed,Active,High,Male,68,"22  Years, 4 Months",22,55467.95,2,0.13,0.96,0.9,1,1,1,0,1,70212.6,0
8798,15630466,Maclean,Human Resoruces Coordinator,27/10/1998,20/01/2020,,White Collar,Fixed Term,Full Time,Fixed,Active,Medium,Male,24,"2 Years, 10 Months",2,29001.78,1,0.26,0.52,0.63,1,0,0,0,0,32224.2,0
8799,15630349,Hollis,Finance Analyst,08/04/1956,06/08/2007,,White Collar,Fixed Term,Full Time,Flex and Fixed,Active,Medium,Male,66,"15 Years, 4 Months",15,41124.2,4,0.53,0.62,0.78,4,1,0,1,0,51405.25,0
8800,15803801,Jamieson,National Perishable Air Logistics Development Manager Retail,20/03/1982,14/04/1995,,White Collar,Fixed Term,Full Time,Flex and Fixed,Active,Low,Male,40,"27 Years, 8 Months",27,31015.02,3,0.93,0.92,0.95,2,1,0,1,0,32994.7,0
8801,15647890,Su,Sea Logiscitcs Customer Care Specialist ,12/10/1974,21/03/2016,,Blue Collar,Fixed Term,Full Time,Fixed,Active,High,Male,48,"6 Years, 8 Months",6,29306.78,3,0.4,0.66,0.89,1,0,1,1,1,32205.25,0
8802,15606115,P'eng,Stock Investigator & Analyst,21/09/1964,27/06/2008,06/06/2018,White Collar,Fixed Term,Full Time,Flex and Fixed,Voluntarily Terminated,Low,Female,58,"14  Years, 5 Months",14,45379.55,3,0.26,0.93,0.68,5,1,1,1,1,48690.5,1
8803,15714642,Hawkins,Internal Trainer,25/08/1992,30/09/2022,,White Collar,Fixed Term,Full Time,Fixed,Active,High,Female,30,"0 Years, 2 Months",0,36021.05,4,0.3,0.77,0.59,0,0,0,1,0,36021.05,0
8804,15741181,Ndubuagha,Java Software Engineer ,23/02/1956,12/07/1984,,White Collar,Fixed Term,Full Time,Flex and Fixed,Active,High,Male,67,"38 Years, 5 Months",38,40333.76,3,0.28,0.6,0.48,2,1,1,1,0,70760.98,0
8805,15773973,Hill,Accountant,24/01/1958,18/05/2008,,White Collar,Fixed Term,Full Time,Fixed,Active,Low,Male,65,"14 Years, 7 Months",14,31584.68,3,0.49,0.78,0.49,2,1,1,0,1,35488.4,0
8806,15758546,Norton,Perishable Customer Care Team Leader - Air Logistics,07/09/1978,18/11/2013,,White Collar,Fixed Term,Full Time,Fixed,Active,High,Male,44,"9 Years, 1 Months",9,35867.02,1,0.94,0.6,0.53,2,0,1,1,1,43740.27,0
8807,15598940,Achebe,Aerospace International Logistics Specialist,16/12/2000,29/01/2013,,Blue Collar,Fixed Term,Full Time,Fixed,Active,High,Male,22,"9 Years, 10 Months",9,31010.65,1,0.16,0.69,1,3,0,1,1,1,36058.9,0
8808,15669783,Simpson,Accounting Coordinator,06/09/1983,31/05/2013,28/02/2021,White Collar,Fixed Term,Full Time,Fixed,Voluntarily Terminated,High,Female,39,"7 Years, 8 Months",7,27942.16,1,0.29,0.49,0.68,4,1,1,0,1,33665.25,1
8809,15624993,Chiang,Sales Account Manager,02/04/1988,07/02/2007,16/09/2015,White Collar,Fixed Term,Full Time,Fixed,Voluntarily Terminated,Low,Female,34,"8 Years, 7 Months",8,31550.18,3,0.59,0.33,0.95,5,1,1,1,1,35055.75,1
8810,15760568,Dalrymple,Perishable Operational Care Specialist - Air Logistics,24/05/1975,08/10/2018,,Blue Collar,Fixed Term,Full Time,Fixed,Active,Low,Female,47,"4 Years, 2 Months",4,32282.1,1,0.92,0.76,0.91,0,0,1,0,1,32282.1,0
8811,15699047,Chukwuemeka,Cloud Service Analyst,31/07/1976,26/09/2013,,White Collar,Fixed Term,Full Time,Flex and Fixed,Active,Low,Female,46,"9 Years, 2 Months",9,51399.7,1,0.16,0.65,0.63,1,1,1,1,1,61927.35,0
8812,15616168,Ojiofor,Inside Sales Executive/ Account Manager,09/07/1979,12/01/2016,,White Collar,Fixed Term,Full Time,Flex and Fixed,Active,High,Female,43,"6 Years, 11 Months",6,30115.22,3,0.75,0.88,0.75,2,1,1,1,1,33093.65,0
8813,15773146,Rubeo,Business Analyst,26/07/1974,17/03/2013,,White Collar,Fixed Term,Full Time,Flex and Fixed,Active,Medium,Male,48,"9 Years, 9 Months",9,40782.82,1,0.28,0.52,0.92,2,1,1,0,1,46876.8,0
8814,15770375,Fanucci,Apprentice,13/10/2001,09/01/2022,,Blue Collar,Apprentice,Full Time,Fixed,Active,Low,Female,21,"0 Years, 11 Months",0,22033.65,3,0.59,0.48,0.5,0,0,0,1,0,22033.65,0
8815,15589725,Zubarev,Accountant,18/09/1969,10/06/2001,,White Collar,Fixed Term,Full Time,Fixed,Active,High,Female,53,"21  Years, 6 Months",21,30210.52,3,0.39,0.77,0.59,5,1,1,1,1,36842.1,0
8816,15710034,T'ao,Gateway & Procurement Team Leader- Air Logistics,03/02/1957,01/01/2014,12/03/2021,White Collar,Fixed Term,Full Time,Fixed,Voluntarily Terminated,Low,Male,66,"7 Years, 2 Months",7,37176.82,3,0.11,0.93,0.84,4,0,1,0,1,40853.65,1
8817,15800806,Pai,Finance Analyst,18/09/1965,02/07/2013,,White Collar,Fixed Term,Full Time,Flex and Fixed,Active,High,Male,57,"9 Years, 5 Months",9,46813.97,2,1,0.55,0.92,2,1,1,1,1,49802.1,0
8818,15570485,Udegbunam,Perishable Operational Care Specialist - Air Logistics,07/08/1998,09/11/2021,,Blue Collar,Fixed Term,Full Time,Fixed,Active,Medium,Male,24,"1  Years, 1 Months",1,34702.1,3,0.46,0.73,0.64,0,0,0,0,0,34702.1,0
8819,15575391,Claypool,Business Development Executive,22/08/1977,23/08/2021,,White Collar,Fixed Term,Full Time,Flex and Fixed,Active,High,Female,45,"1  Years, 3 Months",1,39816.38,2,0.24,0.57,0.56,1,0,1,1,1,42357.85,0
8820,15790750,Manfrin,Customer Brokerage Specialist,12/03/1984,25/10/2018,,Blue Collar,Fixed Term,Full Time,Fixed,Active,Low,Male,38,"4 Years, 1 Months",4,31032.24,4,0.81,0.63,0.8,3,1,1,0,1,32325.25,0
8821,15714832,Baker,Project Manager,13/06/1969,01/03/1995,,White Collar,Fixed Term,Full Time,Flex and Fixed,Active,Medium,Male,53,"27 Years, 9 Months",27,42747.21,4,0.91,0.64,0.88,1,1,0,0,0,45475.75,0
8822,15619953,Efremov,Gateway & Procurement Team Leader- Air Logistics,12/09/1999,16/01/2012,,White Collar,Fixed Term,Full Time,Fixed,Active,Low,Female,23,"10  Years, 11 Months",10,33426.64,4,0.29,0.93,0.53,11,0,0,1,0,40764.2,0
8823,15673929,Chin,Accounts Payable,29/11/2000,21/02/2019,,White Collar,Fixed Term,Full Time,Fixed,Active,High,Male,22,"3 Years, 9 Months",3,31715.55,3,0.37,0.78,0.86,2,1,1,1,1,33739.95,0
8824,15578835,Brookes,Java Software Engineer ,05/11/1991,13/06/2021,,White Collar,Fixed Term,Full Time,Flex and Fixed,Active,Medium,Female,31,"1  Years, 6 Months",1,66815.75,3,0.97,0.75,0.73,0,1,1,0,1,66815.75,0
8825,15752388,Doyle,Accounts Payable,30/11/1997,11/10/2016,,White Collar,Fixed Term,Full Time,Fixed,Active,Medium,Female,25,"6 Years, 2 Months",6,30366.76,1,0.66,0.61,0.82,2,1,1,1,1,34119.95,0
8826,15797081,Ajuluchukwu,National Air Logistics Security Compliance Manager,04/04/1989,03/02/2011,11/10/2016,White Collar,Fixed Term,Full Time,Flex and Fixed,Voluntarily Terminated,High,Female,33,"5 Years, 8 Months",5,71292.4,2,0.42,0.36,0.97,6,1,1,1,1,72747.35,1
8827,15570194,Ikemefuna,Area Sales Manager,24/07/1973,19/06/2015,,White Collar,Fixed Term,Full Time,Flex and Fixed,Active,High,Male,49,"7 Years, 5 Months",7,52303.44,2,0.28,0.59,0.67,1,1,0,0,0,60118.9,0
8828,15580149,Fowler,Sea Logistics Pricing Coordinator,29/12/1987,28/02/2021,,White Collar,Fixed Term,Full Time,Fixed,Active,Low,Male,35,"1  Years, 9 Months",1,32666.3,4,0.43,0.78,0.63,0,0,0,1,0,32666.3,0
8829,15777708,Liao,Inside Sales Executive/ Account Manager,04/03/2001,13/07/2015,,White Collar,Fixed Term,Full Time,Flex and Fixed,Active,Low,Female,22,"7 Years, 5 Months",7,31101.05,2,0.9,0.93,0.53,2,1,0,1,0,35342.1,0
8830,15769955,Onuora,BI Developer,24/08/1966,14/09/2017,,White Collar,Fixed Term,Full Time,Flex and Fixed,Active,Medium,Female,56,"5 Years, 3 Months",5,55781.96,1,0.35,0.67,0.72,2,1,0,0,0,61979.95,0
8831,15810444,Aksenov,Area Sales Manager,07/11/1964,19/08/1999,08/02/2022,White Collar,Fixed Term,Full Time,Flex and Fixed,Voluntarily Terminated,Medium,Female,58,"22 Years, 5 Months",22,50313.71,4,0.22,0.52,0.63,5,1,0,1,1,59192.6,1
8832,15645593,Trevisani,Perishable Operational Care Specialist - Air Logistics,07/03/1971,20/09/2016,,Blue Collar,Fixed Term,Full Time,Fixed,Active,Medium,Female,52,"6 Years, 2 Months",6,29528.29,3,0.27,0.69,0.95,1,0,0,1,0,33177.85,0
8833,15765345,Wood,Project Manager,23/01/1960,19/03/2016,,White Collar,Fixed Term,Full Time,Flex and Fixed,Active,Low,Male,63,"6 Years, 8 Months",6,38425,1,0.26,0.62,0.8,6,1,1,1,0,41766.3,0
8834,15760873,Lombardo,Stock Investigator & Analyst,24/09/1982,23/09/2012,,White Collar,Fixed Term,Full Time,Flex and Fixed,Active,Medium,Male,40,"10 Years, 2 Months",10,43603.85,4,0.28,0.4,0.43,1,1,1,1,1,46785.25,0
8835,15794178,Walpole,Account Manager ,17/02/1960,05/04/1990,,White Collar,Fixed Term,Full Time,Fixed,Active,Low,Male,63,"32 Years, 8 Months",32,35242.08,4,0.72,0.98,0.83,1,1,0,1,0,36710.5,0
8836,15589361,Chikwendu,IT-Support,17/01/1972,23/12/2019,,White Collar,Fixed Term,Full Time,Fixed,Active,High,Male,51,"2 Years, 11 Months",2,36704.58,3,0.29,0.92,0.89,1,0,1,1,1,37453.65,0
8837,15662483,Ko,National Service Excellence Specialist- Air Logistics,16/03/1981,20/08/2022,,White Collar,Fixed Term,Full Time,Flex and Fixed,Active,Medium,Male,41,"0 Years, 3 Months",0,33868.4,3,0.78,0.57,0.98,0,0,1,1,1,33868.4,0
8838,15809736,Steigrad,Customer Servce Administrative Officer,22/05/1995,09/07/2012,19/03/2018,Blue Collar,Fixed Term,Full Time,Fixed,Voluntarily Terminated,Low,Male,27,"10  Years, 5 Months",10,26982.36,2,0.2,0.81,0.52,6,0,1,1,1,33311.55,1
8839,15731148,Isayeva,Regional Air logistics Trainer Specialist,09/10/1955,03/03/2019,22/12/2019,White Collar,Fixed Term,Full Time,Fixed,Voluntarily Terminated,Low,Male,67,"3  Years, 9 Months",3,33615.75,1,0.2,0.56,0.67,0,0,1,1,1,33615.75,1
8840,15774328,Boni,Customer Servce Administrative Officer,18/11/1959,19/03/2002,,Blue Collar,Fixed Term,Full Time,Fixed,Active,Medium,Male,63,"20 Years, 8 Months",20,31635.62,1,0.83,0.86,0.71,2,0,1,1,1,33300.65,0
8841,15646969,Anayolisa,Project Coordinator,07/06/1977,09/05/2021,,White Collar,Fixed Term,Full Time,Fixed,Active,Low,Male,45,"1  Years, 7 Months",1,35480.54,2,0.59,0.74,0.9,0,0,1,1,0,35480.54,0
8842,15718769,Fallaci,Human Resoruces Coordinator,03/08/1970,31/07/2014,,White Collar,Fixed Term,Full Time,Fixed,Active,Low,Male,52,"8 Years, 4 Months",8,31715.59,4,0.66,0.57,0.61,1,0,0,1,0,36454.7,0
8843,15610226,Fenton,Trucking Specialist - Air Logistics,03/03/1968,30/01/2004,,Blue Collar,Fixed Term,Full Time,Fixed,Active,Medium,Female,55,"18 Years, 10 Months",18,28489.15,3,0.49,0.9,0.64,2,0,0,0,0,36998.9,0
8844,15616270,Chao,Account Manager ,26/02/2001,03/03/2015,,White Collar,Fixed Term,Full Time,Fixed,Active,High,Male,22,"7 Years, 9 Months",7,32021.44,4,0.37,0.8,0.57,2,1,1,0,1,35188.4,0
8845,15790717,Osinachi,Customer Servce Administrative Officer,25/09/1974,24/03/2020,,Blue Collar,Fixed Term,Full Time,Fixed,Active,Medium,Male,48,"2 Years, 8 Months",2,32669.04,3,0.26,0.77,0.8,1,0,0,1,0,33335.75,0
8846,15635703,Chu,National Air Logistics Pharma Compliance Specialist,02/05/1985,08/01/2021,,Blue Collar,Fixed Term,Full Time,Fixed,Active,High,Female,37,"1  Years, 11 Months",1,31868.96,3,0.94,0.73,0.84,1,0,1,1,1,33903.15,0
8847,15616365,Obiuto,Road Logistics Sales Representative,01/07/2001,29/04/2020,,White Collar,Fixed Term,Full Time,Fixed,Active,Low,Female,21,"2 Years, 7 Months",2,30764.75,3,0.79,0.48,0.47,2,0,0,1,0,31392.6,0
8848,15630244,Chu,Sea Logiscitcs Customer Care Specialist ,17/08/1991,04/02/2021,,Blue Collar,Fixed Term,Full Time,Fixed,Active,Low,Male,31,"1  Years, 10 Months",1,33538.9,3,0.28,0.52,0.94,0,0,0,1,0,33538.9,0
8849,15734714,Nash,National Perishable Air Logistics Development Manager Retail,27/12/1961,27/02/2016,,White Collar,Fixed Term,Full Time,Flex and Fixed,Active,Medium,Female,61,"6 Years, 9 Months",6,34447.22,4,0.15,0.53,0.71,3,1,0,1,0,35512.6,0
8850,15721433,Hixson,IT-Support,24/04/1981,20/02/2020,,White Collar,Fixed Term,Full Time,Fixed,Active,Medium,Female,41,"2 Years, 9 Months",2,31230.55,3,0.68,0.97,0.48,1,0,0,1,0,35090.5,0
8851,15590201,Fiorentini,Business Analyst,03/09/1963,09/11/1997,06/12/2019,White Collar,Fixed Term,Full Time,Flex and Fixed,Voluntarily Terminated,Medium,Female,59,"22 Years, 0 Months",22,46403.73,3,0.26,0.97,0.54,5,1,1,1,1,47838.9,1
8852,15590828,Chidimma,Perishable Customer Care Team Leader - Air Logistics,12/12/1999,30/06/2018,,White Collar,Fixed Term,Full Time,Fixed,Active,Low,Male,23,"4 Years, 5 Months",4,38649.78,3,0.4,0.54,0.88,1,0,0,1,0,42944.2,0
8853,15752097,Chiazagomekpere,Human Resoruces Coordinator,23/12/1978,02/10/2012,,White Collar,Fixed Term,Full Time,Fixed,Active,High,Male,44,"10  Years, 2 Months",10,28422.53,1,0.53,0.99,0.7,2,0,0,1,0,31580.59,0
8854,15800031,Laura,Analyst Programmer ,18/03/1969,23/10/2006,28/07/2013,White Collar,Fixed Term,Full Time,Flex and Fixed,Voluntarily Terminated,High,Male,53,"6 Years, 9 Months",6,59560.67,4,0.08,0.79,0.76,5,1,1,1,1,63906.3,1
8855,15630857,Wu,Inside Sales Executive/ Account Manager,08/10/1998,28/03/2019,,White Collar,Fixed Term,Full Time,Flex and Fixed,Active,High,Female,24,"3 Years, 8 Months",3,30629.19,4,0.29,0.71,0.54,1,1,1,1,1,33292.6,0
8856,15689953,Toscani,National Service Excellence Specialist- Air Logistics,18/06/1979,27/09/2019,,White Collar,Fixed Term,Full Time,Flex and Fixed,Active,Low,Male,43,"3 Years, 2 Months",3,32755.18,2,0.28,0.82,0.76,1,0,0,0,0,35994.7,0
8857,15759733,McMillan,Data Analyst,07/12/1968,28/05/2002,,White Collar,Fixed Term,Full Time,Flex and Fixed,Active,Low,Female,54,"20  Years, 6 Months",20,45693.96,2,0.47,0.6,0.7,1,1,1,1,1,48098.9,0
8858,15810826,Chiekwugo,Data Engineer,20/06/1986,16/09/2016,,White Collar,Fixed Term,Full Time,Flex and Fixed,Active,High,Male,36,"6 Years, 3 Months",6,59543.65,3,0.27,0.79,0.88,2,1,0,0,0,69236.8,0
8859,15668009,Hendley,Inventory Clerk,28/01/2004,23/02/2021,,Blue Collar,Fixed Term,Full Time,Fixed,Active,Medium,Male,19,"1  Years, 9 Months",1,26028.4,3,0.51,0.73,0.6,0,0,1,0,1,26028.4,0
8860,15743456,Birnie,Regional Air logistics Trainer Specialist,26/10/1997,14/08/2022,,White Collar,Fixed Term,Full Time,Fixed,Active,High,Female,25,"0 Years, 4 Months",0,35208.4,1,0.73,0.69,0.54,0,0,0,1,0,35208.4,0
8861,15725762,Kemp,Recruiter,31/01/1956,27/02/2019,,White Collar,Fixed Term,Full Time,Fixed,Active,High,Male,67,"3  Years, 9 Months",3,38250.06,4,0.59,0.86,0.61,1,0,0,1,0,40691.55,0
8862,15761713,Johnstone,Human Resoruces Coordinator,04/03/1990,18/08/2020,,White Collar,Fixed Term,Full Time,Fixed,Active,Low,Female,33,"2 Years, 4 Months",2,30107.28,3,0.29,0.67,0.55,1,0,0,0,0,33828.4,0
8863,15769246,Lo Duca,Sales Account Manager,22/03/1982,07/12/2017,28/11/2020,White Collar,Fixed Term,Full Time,Fixed,Voluntarily Terminated,High,Male,40,"2 Years, 11 Months",2,33415.89,1,0.15,0.25,0.96,4,1,0,1,1,37972.6,1
8864,15781129,Montgomery,Sea Logistics Pricing Coordinator,13/10/1991,17/12/2009,04/12/2018,White Collar,Fixed Term,Full Time,Fixed,Voluntarily Terminated,Medium,Male,31,"8 Years, 11 Months",8,30749.71,1,0.26,0.65,0.66,4,0,1,1,1,33064.2,1
8865,15599124,Miller,Data Analyst,01/09/1962,11/04/1987,,White Collar,Fixed Term,Full Time,Flex and Fixed,Active,Medium,Female,60,"35 Years, 8 Months",35,44973.08,4,0.29,0.81,0.56,1,1,0,1,0,50531.55,0
8866,15639004,Chiemezie,Customer Servce Administrative Officer,01/02/1986,26/05/1989,,Blue Collar,Fixed Term,Full Time,Fixed,Active,Low,Male,37,"33 Years, 6 Months",33,30371.98,2,0.76,0.58,0.53,1,0,1,1,0,31970.5,0
8867,15810995,Wright,Accountant,03/03/1988,11/04/2017,,White Collar,Fixed Term,Full Time,Fixed,Active,Low,Male,35,"5 Years, 8 Months",5,32130.26,1,0.26,0.51,0.57,1,1,1,1,1,34924.2,0
8868,15653773,Shaw,Apprentice,14/05/2002,08/01/2022,,Blue Collar,Apprentice,Full Time,Fixed,Active,High,Female,20,"0 Years, 11 Months",0,21291.55,2,0.14,0.66,0.37,0,0,1,1,1,21291.55,0
8869,15708357,Chapman,Human Resoruces Coordinator,08/11/1963,01/01/1986,,White Collar,Fixed Term,Full Time,Fixed,Active,Low,Female,59,"36 Years, 11 Months",36,35249.75,3,0.1,0.98,0.51,3,0,0,1,0,36339.95,0
8870,15733597,Y?an,Customer Servce Administrative Officer,18/05/1968,04/11/2010,,Blue Collar,Fixed Term,Full Time,Fixed,Active,Low,Female,54,"12 Years, 1 Months",12,34351.85,2,0.85,0.91,0.5,5,0,0,0,0,36739.95,0
8871,15789560,Clark,Customer Care Specialist-Key Accounts,18/05/1979,13/03/2013,04/04/2014,White Collar,Fixed Term,Full Time,Fixed,Voluntarily Terminated,High,Male,43,"9  Years, 9 Months",9,33012.42,2,0.42,0.86,0.71,5,0,1,1,1,35421.05,1
8872,15699524,Howells,Sea Logiscitcs Customer Care Specialist ,28/09/1982,19/04/2021,,Blue Collar,Fixed Term,Full Time,Fixed,Active,High,Female,40,"1  Years, 7 Months",1,34642.43,3,0.29,0.56,0.63,1,0,0,1,0,36853.65,0
8873,15626475,Gamble,Project Manager,18/09/1970,13/01/2013,,White Collar,Fixed Term,Full Time,Flex and Fixed,Active,High,Male,52,"9 Years, 11 Months",9,42076.37,4,0.29,0.58,0.77,2,1,1,1,1,44762.1,0
8874,15810839,Rogers,National Service Excellence Specialist- Air Logistics,28/04/1963,07/08/2009,,White Collar,Fixed Term,Full Time,Flex and Fixed,Active,Medium,Male,59,"13 Years, 4 Months",13,28008.48,3,0.3,0.54,0.64,3,0,0,0,0,32193.65,0
8875,15684318,McMillan,Gateway & Procurement Team Leader- Air Logistics,21/08/1999,27/01/2019,,White Collar,Fixed Term,Full Time,Fixed,Active,Low,Female,23,"3 Years, 10 Months",3,41268.89,2,0.23,0.59,0.99,3,0,1,1,1,42545.25,0
8876,15768120,Brown,National Air Logistics Pharma Compliance Specialist,22/12/1999,19/10/2018,,Blue Collar,Fixed Term,Full Time,Fixed,Active,Medium,Male,23,"4 Years, 1 Months",4,34285.1,4,0.66,0.92,0.88,3,0,0,1,0,35713.65,0
8877,15712807,Robertson,Transport Controller,17/10/1963,03/10/1988,17/01/2015,Blue Collar,Fixed Term,Full Time,Fixed,Voluntarily Terminated,Medium,Male,59,"34  Years, 2 Months",34,26329.87,2,0.5,0.82,0.8,4,0,1,1,1,28010.5,1
8878,15696371,Thomas,Recruiter,07/12/1989,26/01/2022,,White Collar,Fixed Term,Full Time,Fixed,Active,Medium,Female,33,"0 Years, 10 Months",0,39536.8,2,0.41,0.86,0.68,0,0,0,0,0,39536.8,0
8879,15675794,Hsing,Project Manager,09/08/1957,12/05/1998,18/08/2022,White Collar,Fixed Term,Full Time,Flex and Fixed,Terminated for Cause,Medium,Male,65,"24 Years, 3 Months",24,30236.73,3,0.25,0.66,0.77,6,1,0,1,1,45129.45,1
8880,15774277,Chiu,Trucking Team Leader- Air Logistics,29/07/1987,07/10/2017,,White Collar,Fixed Term,Full Time,Fixed,Active,Low,Male,35,"5 Years, 2 Months",5,39406.77,3,0.24,0.85,0.66,1,0,1,1,1,41922.1,0
8881,15603764,Chang,Human Resoruces Coordinator,19/01/1967,08/05/2016,06/02/2019,White Collar,Fixed Term,Full Time,Fixed,Voluntarily Terminated,High,Male,56,"2 Years, 8 Months",2,30788.69,3,0.49,0.8,0.6,4,0,1,1,1,32071.55,1
8882,15618647,Kornilova,Network Engineer,04/03/1991,23/11/2013,,White Collar,Fixed Term,Full Time,Flex and Fixed,Active,Low,Male,32,"9 Years, 0 Months",9,64791,4,0.67,0.99,0.61,2,1,1,1,1,71198.9,0
8883,15614643,Chifo,Inside Sales Executive/ Account Manager,31/12/1959,14/03/1984,,White Collar,Fixed Term,Full Time,Flex and Fixed,Active,Medium,Female,63,"38 Years, 9 Months",38,28165.99,2,0.24,0.74,0.45,2,1,0,1,0,32374.7,0
8884,15707696,Lu,Warehouse Specialist - Air Logistics,22/06/1974,16/11/2018,,Blue Collar,Fixed Term,Full Time,Fixed,Active,Medium,Female,48,"4 Years, 1 Months",4,26130.02,4,0.08,0.93,0.99,1,0,1,1,1,28096.8,0
8885,15749583,Bellucci,Customer Care Specialist-Key Accounts,16/01/1990,04/01/2007,16/05/2019,White Collar,Fixed Term,Full Time,Fixed,Voluntarily Terminated,Medium,Female,33,"15  Years, 11 Months",15,34675.45,3,0.3,0.5,0.54,4,0,0,0,1,36120.26,1
8886,15815125,Michael,Business Development Executive,03/11/1982,05/01/2019,,White Collar,Fixed Term,Full Time,Flex and Fixed,Active,High,Male,40,"3 Years, 11 Months",3,37037.96,2,0.36,0.68,0.71,1,0,1,1,1,40701.05,0
8887,15779620,Sinclair,Java Software Engineer ,15/04/1982,28/01/1984,,White Collar,Fixed Term,Full Time,Flex and Fixed,Active,Low,Male,40,"38 Years, 10 Months",38,64243.09,3,0.28,0.62,0.87,1,1,1,0,1,69829.45,0
8888,15768233,Chukwuebuka,Java Software Engineer ,19/10/1955,06/09/2017,19/04/2022,White Collar,Fixed Term,Full Time,Flex and Fixed,Voluntarily Terminated,Medium,Male,67,"4 Years, 7 Months",4,62940.62,4,0.15,0.99,0.54,5,1,1,0,1,65563.15,1
8889,15637788,Schmidt,Java Software Engineer ,05/05/1962,02/08/1998,,White Collar,Fixed Term,Full Time,Flex and Fixed,Active,Low,Male,60,"24 Years, 4 Months",24,63085.79,2,0.09,0.93,0.52,3,1,0,1,0,71688.4,0
8890,15777046,Parry,Project Coordinator,18/02/1973,03/01/2017,,White Collar,Fixed Term,Full Time,Fixed,Active,Low,Female,50,"5 Years, 11 Months",5,33827.98,4,0.3,0.73,0.75,2,0,0,1,0,35608.4,0
8891,15788723,McIntyre,National Service Excellence Specialist- Air Logistics,24/05/1996,27/02/2013,05/12/2022,White Collar,Fixed Term,Full Time,Flex and Fixed,Voluntarily Terminated,Medium,Female,26,"9 Years, 9 Months",9,29660.56,2,0.13,0.58,0.61,5,0,1,1,1,34092.6,1
8892,15790489,Lo Duca,Perishable Warehouse Specialist - Air Logistics,12/01/1986,09/08/2021,,Blue Collar,Fixed Term,Full Time,Fixed,Active,High,Male,37,"1  Years, 4 Months",1,31917.42,1,0.55,0.94,0.76,1,0,1,0,1,33954.7,0
8893,15739476,Ferrari,Accountant,10/09/1970,13/02/2012,,White Collar,Fixed Term,Full Time,Fixed,Active,Medium,Female,52,"10  Years, 10 Months",10,33627.78,3,0.3,0.53,0.54,2,1,1,1,1,37364.2,0
8894,15612670,Berry,IT System Engineer,26/07/1970,20/07/2020,,White Collar,Fixed Term,Full Time,Flex and Fixed,Active,Medium,Female,52,"2 Years, 4 Months",2,62284.73,1,0.28,0.58,0.62,1,1,1,1,1,69205.25,0
8895,15631222,Cattaneo,Sea Logistics Pricing Coordinator,12/07/1984,07/02/2020,,White Collar,Fixed Term,Full Time,Fixed,Active,Low,Female,38,"2 Years, 10 Months",2,30910.16,1,0.22,0.7,0.74,2,0,1,1,1,32883.15,0
8896,15658972,Foster,IT System Engineer,14/09/1982,21/09/1995,,White Collar,Fixed Term,Full Time,Flex and Fixed,Active,Medium,Female,40,"27  Years, 2 Months",27,64319.67,1,0.43,0.93,0.92,2,1,0,1,0,71466.3,0
8897,15724691,Gordon,Sales Account Manager,07/07/1986,16/07/2020,,White Collar,Fixed Term,Full Time,Fixed,Active,Medium,Male,36,"2 Years, 5 Months",2,32379.15,1,0.17,0.5,0.76,2,1,1,1,1,33039.95,0
8898,15740442,May,Finance Analyst,26/07/1982,21/05/2009,25/05/2020,White Collar,Fixed Term,Full Time,Flex and Fixed,Voluntarily Terminated,Low,Male,40,"11 Years, 0 Months",11,43719.12,2,0.46,0.54,0.71,4,1,0,1,1,48576.8,1
8899,15760427,Cameron,National Perishable Air Logistics Development Manager Retail,20/03/1989,20/12/2013,,White Collar,Fixed Term,Full Time,Flex and Fixed,Active,Low,Male,33,"8 Years, 11 Months",8,28356.37,1,0.2,0.74,0.63,1,1,0,1,0,32223.15,0
8900,15677939,Ch'eng,Customer Brokerage Specialist,02/08/1984,20/08/2019,,Blue Collar,Fixed Term,Full Time,Fixed,Active,Medium,Female,38,"3 Years, 3 Months",3,30242.34,2,0.11,0.66,0.67,1,1,1,1,1,34366.3,0
8901,15611599,Curtis,National Service Excellence Specialist- Air Logistics,25/07/1980,12/09/2020,,White Collar,Fixed Term,Full Time,Flex and Fixed,Active,Medium,Female,42,"2 Years, 3 Months",2,33227.15,2,0.51,0.61,0.87,2,0,1,1,1,33905.25,0
8902,15633474,Whitehead,Warehouse Specialist - Air Logistics,06/04/1998,27/03/2018,,Blue Collar,Fixed Term,Full Time,Fixed,Active,Low,Male,24,"4 Years, 8 Months",4,25335.64,1,1,0.74,0.98,1,0,1,1,1,28790.5,0
8903,15671973,Chukwuemeka,Perishable Operational Care Specialist - Air Logistics,12/05/1987,13/05/2012,,Blue Collar,Fixed Term,Full Time,Fixed,Active,Medium,Male,35,"10  Years, 7 Months",10,27933.44,4,0.58,0.48,0.51,4,0,1,1,1,34916.8,0
8904,15790019,Onwughara,Sea Logiscitcs Customer Care Specialist ,17/03/1956,03/08/1993,,Blue Collar,Fixed Term,Full Time,Fixed,Active,High,Male,66,"29 Years, 4 Months",29,23413.32,3,0.26,0.65,0.84,2,0,1,1,1,34945.25,0
8905,15737735,Grant,National Perishable Air Logistics Development Manager Seafood,22/11/1997,08/12/2003,08/03/2013,White Collar,Fixed Term,Full Time,Flex and Fixed,Terminated for Cause,Low,Male,25,"9 Years, 3 Months",9,28494.55,3,0.27,0.94,0.49,5,1,1,1,1,34749.45,1
8906,15661745,Browne,Revenue Care Specialist- Air Logistics,08/10/1984,26/11/2021,,White Collar,Fixed Term,Full Time,Fixed,Active,Medium,Male,38,"1  Years, 0 Months",1,38015.96,3,0.95,0.91,0.79,1,1,1,0,1,40016.8,0
8907,15797065,Goloubev,Warehouse Quality Control Specialist - Air Logistics,15/02/1999,23/08/2016,,Blue Collar,Fixed Term,Full Time,Fixed,Active,Low,Female,24,"6 Years, 3 Months",6,22428.93,4,0.54,0.87,0.65,2,0,1,0,1,25201.05,0
8908,15710671,Gordon,Regional Air logistics Trainer Specialist,19/08/1995,29/11/2015,,White Collar,Fixed Term,Full Time,Fixed,Active,High,Male,27,"7 Years, 0 Months",7,33809.49,4,0.14,0.67,0.79,2,0,0,0,0,36749.45,0
8909,15656522,Sutherland,Perishable Customer Care Team Leader - Air Logistics,30/10/1996,16/09/2016,,White Collar,Fixed Term,Full Time,Fixed,Active,High,Male,26,"6 Years, 3 Months",6,36633.26,4,0.5,0.4,0.73,1,0,0,1,0,38971.55,0
8910,15705085,Quesada,Sea Logiscitcs Customer Care Specialist ,03/04/1997,11/06/2019,,Blue Collar,Fixed Term,Full Time,Fixed,Active,Medium,Female,25,"3 Years, 6 Months",3,29417.89,4,0.4,0.68,0.85,1,0,0,1,0,32327.35,0
8911,15744873,Wright,IT System Engineer,24/10/1992,15/08/2016,29/09/2020,White Collar,Fixed Term,Full Time,Flex and Fixed,Voluntarily Terminated,Low,Female,30,"4 Years, 1 Months",4,58671.91,3,0.23,0.95,0.88,4,1,0,0,1,68223.15,1
8912,15781914,Simmons,Apprentice,20/10/2002,02/09/2022,,Blue Collar,Apprentice,Full Time,Fixed,Active,High,Male,20,"0 Years, 3 Months",0,22553.65,2,0.45,0.63,0.96,0,0,1,1,1,22553.65,0
8913,15637354,Yobachukwu,Customer Brokerage Specialist,31/08/1982,26/11/1998,,Blue Collar,Fixed Term,Full Time,Fixed,Active,Medium,Female,40,"24  Years, 0 Months",24,29566.757,3,0.39,0.47,0.53,2,1,1,1,1,34379.95,0
8914,15717307,Read,Gateway & Procurement Team Leader- Air Logistics,03/05/1965,28/06/1995,,White Collar,Fixed Term,Full Time,Fixed,Active,Medium,Male,57,"27 Years, 5 Months",27,36978.53,3,0.26,0.66,0.5,1,0,0,1,0,40635.75,0
8915,15746695,Wunder,Perishable Apprentice- Air Logistics,24/10/2002,20/01/2022,,Blue Collar,Apprentice,Full Time,Fixed,Active,Low,Female,20,"0 Years, 10 Months",0,23626.3,4,0.28,0.72,0.84,0,0,0,1,0,23626.3,0
8916,15804962,Nnaife,Gateway & Procurement Team Leader- Air Logistics,18/11/1998,16/02/2021,20/07/2021,White Collar,Fixed Term,Full Time,Fixed,Voluntarily Terminated,High,Male,24,"1  Years, 10 Months",1,39515.75,3,0.27,0.56,0.57,0,0,1,1,1,39515.75,1
8917,15665378,Shen,Aerospace International Logistics Specialist,08/12/1982,08/07/2019,,Blue Collar,Fixed Term,Full Time,Fixed,Active,Low,Female,40,"3 Years, 5 Months",3,33072.62,3,0.22,0.7,0.74,2,0,0,1,0,36747.35,0
8918,15757865,Powell,Business Development Manager,07/10/1983,14/04/2017,,White Collar,Fixed Term,Full Time,Flex and Fixed,Active,High,Male,39,"5 Years, 8 Months",5,45349.73,3,0.3,0.59,0.82,2,1,1,1,0,48763.15,0
8919,15578787,Goddard,Gateway & Procurement Specialist - Air Logistics,22/03/1970,31/12/2009,20/02/2015,Blue Collar,Fixed Term,Full Time,Fixed,Voluntarily Terminated,Medium,Female,52,"5 Years, 1 Months",5,30243.55,1,0.16,0.78,0.96,5,0,0,1,1,32519.95,1
8920,15794323,Buckley,Revenue Care Specialist- Air Logistics,28/02/1976,18/11/2014,,White Collar,Fixed Term,Full Time,Fixed,Active,High,Male,47,"8 Years, 1 Months",8,35462.89,3,0.1,0.62,0.64,2,1,0,1,0,41721.05,0
8921,15697546,McIntyre,Data Engineer,04/05/1964,21/07/1984,,White Collar,Fixed Term,Full Time,Flex and Fixed,Active,Medium,Female,58,"38 Years, 4 Months",38,63033.29,1,0.36,0.71,0.61,1,1,0,1,0,69267.35,0
8922,15629519,Yen,Internal Trainer,12/08/1990,16/04/2020,,White Collar,Fixed Term,Full Time,Fixed,Active,High,Female,32,"2 Years, 8 Months",2,33944.95,4,0.54,0.72,0.45,1,0,1,1,0,36499.95,0
8923,15624703,Okonkwo,National Air Logistics Pharma Compliance Specialist,24/06/1998,29/11/2019,,Blue Collar,Fixed Term,Full Time,Fixed,Active,Medium,Male,24,"3 Years, 0 Months",3,33175.69,2,0.27,0.76,0.77,2,0,0,1,0,36456.8,0
8924,15570002,Burlingame,National Service Excellence Specialist- Air Logistics,15/06/1962,12/06/2009,03/12/2022,White Collar,Fixed Term,Full Time,Flex and Fixed,Voluntarily Terminated,Medium,Female,60,"13 Years, 5 Months",13,35817.43,3,0.13,0.83,0.56,4,0,0,0,0,36548.4,1
8925,15808566,Hs?,Regional Air logistics Trainer Specialist,18/09/1984,01/10/2018,,White Collar,Fixed Term,Full Time,Fixed,Active,Medium,Male,38,"4 Years, 2 Months",4,31025.22,3,0.66,0.92,0.99,1,0,1,1,1,34093.65,0
8926,15805463,Board,Customer Care Specialist-Key Accounts,06/01/2001,20/11/2020,,White Collar,Fixed Term,Full Time,Fixed,Active,Low,Male,22,"2 Years, 0 Months",2,35018.98,2,0.91,0.67,0.77,1,0,1,1,1,35733.65,0
8927,15709136,Adams,Warehouse Shift Team Leader Healthcare- Air Logistics,06/08/1974,09/02/2021,,White Collar,Fixed Term,Full Time,Fixed,Active,Medium,Male,48,"1  Years, 10 Months",1,36208.97,4,0.43,0.56,0.45,1,0,1,1,1,38114.7,0
8928,15801605,Rizzo,Customer Servce Administrative Officer,23/12/1973,05/03/2014,,Blue Collar,Fixed Term,Full Time,Fixed,Active,High,Female,49,"8 Years, 9 Months",8,32071.23,2,0.81,0.91,0.63,3,0,1,1,1,34860.03,0
8929,15567855,Chukwufumnanya,Customer Servce Administrative Officer,16/12/1976,13/07/2021,,Blue Collar,Fixed Term,Full Time,Fixed,Active,Medium,Female,46,"1  Years, 5 Months",1,30907.97,4,0.3,0.56,0.86,1,0,0,0,0,32534.7,0
8930,15675141,Fraser,Regional Air logistics Trainer Specialist,28/06/1983,24/03/2013,,White Collar,Fixed Term,Full Time,Fixed,Active,Low,Female,39,"9 Years, 8 Months",9,32315.04,4,0.42,0.72,0.95,1,0,0,1,0,34747.35,0
8931,15665759,Russell,Technical Support Engineer,29/12/1989,25/12/2019,,White Collar,Fixed Term,Full Time,Flex and Fixed,Active,Medium,Female,33,"2 Years, 11 Months",2,55983.02,4,0.91,0.56,0.86,1,1,1,1,1,60196.8,0
8932,15761487,Yefimova,Accounts Payable,12/11/1992,14/09/2017,10/04/2020,White Collar,Fixed Term,Full Time,Fixed,Voluntarily Terminated,Medium,Female,30,"2 Years, 6 Months",2,29599.49,3,0.28,0.92,0.56,4,1,1,0,1,33257.85,1
8933,15700394,Palermo,Customer Servce Administrative Officer,13/07/1981,25/03/2015,18/11/2020,Blue Collar,Fixed Term,Full Time,Fixed,Voluntarily Terminated,Medium,Female,41,"5 Years, 7 Months",5,33189.12,2,0.58,0.74,0.88,4,0,0,1,0,36876.8,1
8934,15631162,Bergamaschi,Inside Sales Executive/ Account Manager,22/12/1995,24/12/2018,,White Collar,Fixed Term,Full Time,Flex and Fixed,Active,Medium,Male,27,"3 Years, 11 Months",3,32045.99,4,0.3,0.88,0.84,2,1,1,0,0,34832.6,0
8935,15630641,Shao,Network Engineer,24/11/1966,16/11/2015,,White Collar,Fixed Term,Full Time,Flex and Fixed,Active,High,Female,56,"7 Years, 1 Months",7,65848.72,3,0.38,0.69,0.72,1,1,1,1,1,71574.7,0
8936,15585066,Chimaraoke,Gateway & Procurement Team Leader- Air Logistics,27/07/1991,17/07/2008,08/03/2017,White Collar,Fixed Term,Full Time,Fixed,Voluntarily Terminated,High,Female,31,"8 Years, 7 Months",8,37636.59,1,0.28,0.87,0.78,5,0,1,0,1,40469.45,1
8937,15722991,McGregor,Inside Sales Executive/ Account Manager,04/10/1995,16/09/2017,21/09/2020,White Collar,Fixed Term,Full Time,Flex and Fixed,Voluntarily Terminated,High,Male,27,"3 Years, 0 Months",3,29516.14,1,0.19,0.98,0.5,5,1,0,0,0,33164.2,1
8938,15737404,Kesteven,Sea Logistics Pricing Coordinator,19/11/1981,06/02/2015,,White Collar,Fixed Term,Full Time,Fixed,Active,Medium,Male,41,"7 Years, 10 Months",7,29050.22,4,0.25,0.9,0.61,3,0,1,1,1,31236.8,0
8939,15722409,Ritchie,Customer Care Specialist-Key Accounts,11/06/1976,04/08/2013,,White Collar,Fixed Term,Full Time,Fixed,Active,Low,Male,46,"9 Years, 4 Months",9,28731.05,2,0.74,0.49,0.87,1,0,1,1,1,33024.2,0
8940,15806420,Jenks,Warehouse Shift Manager - Air Logistics,29/05/1969,24/11/2008,,White Collar,Fixed Term,Full Time,Fixed,Active,High,Male,53,"14 Years, 0 Months",14,55402.07,1,0.28,0.78,0.57,1,1,0,1,0,61557.85,0
8941,15658148,Udokamma,Customer Care Specialist-Key Accounts,25/09/1972,06/06/2020,,White Collar,Fixed Term,Full Time,Fixed,Active,Low,Male,50,"2 Years, 6 Months",2,31154.95,3,0.22,0.58,0.98,2,0,0,1,0,33499.95,0
8942,15810660,Boyle,Human Resoruces Coordinator,10/07/1983,25/06/2015,,White Collar,Fixed Term,Full Time,Fixed,Active,Medium,Male,39,"7 Years, 5 Months",7,29552.31,4,0.93,0.91,0.88,2,0,1,0,1,34363.15,0
8943,15709780,Azuka,Project Coordinator,13/12/1964,18/08/1984,,White Collar,Fixed Term,Full Time,Fixed,Active,Medium,Female,58,"38 Years, 4 Months",38,33562.71,4,0.16,0.92,0.75,1,0,1,1,1,36882.1,0
8944,15727350,Pai,IT System Engineer,25/10/1964,08/04/2017,,White Collar,Fixed Term,Full Time,Flex and Fixed,Active,Low,Female,58,"5 Years, 8 Months",5,62569.85,3,0.27,0.51,0.66,1,1,0,0,0,71102.1,0
8945,15752312,Howells,National Air Logistics Pharma Compliance Specialist,12/02/1974,14/02/2015,,Blue Collar,Fixed Term,Full Time,Fixed,Active,High,Male,49,"7 Years, 10 Months",7,29250.71,2,0.29,0.55,0.53,2,0,1,1,1,34412.6,0
8946,15616745,Hs?,IT System Engineer,04/02/1976,12/02/2022,,White Collar,Fixed Term,Full Time,Flex and Fixed,Active,Medium,Male,47,"0 Years, 10 Months",0,66826.3,3,0.35,0.95,0.96,0,1,1,1,1,66826.3,0
8947,15572294,Kelly,Customer Brokerage Specialist,06/08/1973,12/05/2019,,Blue Collar,Fixed Term,Full Time,Fixed,Active,Low,Male,49,"3 Years, 7 Months",3,32340.44,4,0.13,0.5,0.67,2,1,0,0,0,36750.5,0
8948,15674110,Walton,Accounting Coordinator,19/03/1998,08/06/2020,,White Collar,Fixed Term,Full Time,Fixed,Active,Medium,Female,24,"2 Years, 6 Months",2,34272.35,2,0.52,0.42,0.73,1,1,1,0,1,36459.95,0
8949,15662501,Ebelechukwu,Network Engineer,04/03/1961,10/03/2009,,White Collar,Fixed Term,Full Time,Flex and Fixed,Active,Medium,Male,62,"13 Years, 9 Months",13,62094.73,4,0.55,0.75,0.68,1,1,0,1,0,66625.25,0
8950,15649239,Vasilieva,Human Resoruces Coordinator,25/12/1979,18/05/2017,,White Collar,Fixed Term,Full Time,Fixed,Active,High,Male,43,"5 Years, 7 Months",5,29554.98,2,0.19,0.88,0.7,1,0,0,1,0,31110.5,0
8951,15700424,Hsiao,Business Analyst,15/01/1983,15/02/2022,,White Collar,Fixed Term,Full Time,Flex and Fixed,Active,Medium,Female,40,"0 Years, 10 Months",0,48448.4,2,0.26,0.53,0.63,0,1,1,1,1,48448.4,0
8952,15636388,Abrego,Gateway & Procurement Team Leader- Air Logistics,07/11/1995,28/02/2018,,White Collar,Fixed Term,Full Time,Fixed,Active,High,Female,27,"4 Years, 9 Months",4,38383.82,2,0.24,0.84,0.4,2,0,0,1,0,39983.15,0
8953,15713975,Gibson,Technical Support Engineer,17/09/1988,14/04/2008,04/02/2018,White Collar,Fixed Term,Full Time,Flex and Fixed,Voluntarily Terminated,Low,Female,34,"9 Years, 9 Months",9,59218.85,3,0.14,0.49,0.93,4,1,0,1,0,61686.3,1
8954,15592925,Giordano,BI Developer,19/11/1992,12/08/2011,28/04/2019,White Collar,Fixed Term,Full Time,Flex and Fixed,Voluntarily Terminated,Medium,Male,30,"11  Years, 4 Months",11,57604.45,4,0.55,0.71,0.91,6,1,1,0,1,61807.35,1
8955,15581626,Mancini,Accounts Payable,07/10/1983,21/12/2003,25/06/2015,White Collar,Fixed Term,Full Time,Fixed,Voluntarily Terminated,Low,Male,39,"11 Years, 6 Months",11,29307.7,3,0.38,0.83,0.64,4,1,1,1,1,33304.2,1
8956,15641319,Afanasyeva,Warehouse Quality Control Specialist - Air Logistics,10/08/1981,11/10/2009,22/11/2018,Blue Collar,Fixed Term,Full Time,Fixed,Voluntarily Terminated,Medium,Male,41,"9 Years, 1 Months",9,23149.85,2,0.55,0.88,0.93,5,0,0,0,0,24838.9,1
8957,15723481,Wright,Stock Investigator & Analyst,26/06/1965,21/04/1999,,White Collar,Fixed Term,Full Time,Flex and Fixed,Active,Medium,Male,57,"23 Years, 7 Months",23,44309,4,0.87,0.87,0.53,2,1,1,0,1,46641.05,0
8958,15787825,Okwudiliolisa,BI Developer,05/10/1959,13/02/2012,,White Collar,Fixed Term,Full Time,Flex and Fixed,Active,Low,Male,63,"10 Years, 10 Months",10,55640.41,1,0.97,0.43,0.82,1,1,1,1,1,59828.4,0
8959,15710726,Hughes,Trucking Team Leader- Air Logistics,13/03/1985,03/03/2016,,White Collar,Fixed Term,Full Time,Fixed,Active,High,Male,37,"6 Years, 9 Months",6,38838.62,1,0.27,0.8,0.9,2,0,1,0,1,43638.9,0
8960,15627195,Parrott,Warehouse Apprentice- Air Logistics,06/10/2001,11/09/2022,,Blue Collar,Apprentice,Full Time,Fixed,Active,High,Male,21,"0 Years, 3 Months",0,23891.55,2,0.85,0.54,0.67,0,0,0,1,0,23891.55,0
8961,15657957,Hughes,National Perishable Air Logistics Development Manager Retail,21/02/1985,10/02/2020,23/02/2020,White Collar,Fixed Term,Full Time,Flex and Fixed,Voluntarily Terminated,Medium,Female,38,"0 Years, 0 Months",0,32328.75,2,0.3,0.77,0.56,5,1,0,1,0,35139.95,1
8962,15676117,Zinachukwudi,Operations Specialist,21/08/1973,03/01/2022,,Blue Collar,Fixed Term,Full Time,Fixed,Active,High,Male,49,"0 Years, 11 Months",0,34238.9,1,0.29,0.97,0.77,0,0,0,1,0,34238.9,0
8963,15607874,Keane,Customer Care Specialist-Key Accounts,08/11/1985,25/11/2018,,White Collar,Fixed Term,Full Time,Fixed,Active,Low,Male,37,"4 Years, 0 Months",4,32034.35,2,0.83,0.98,0.63,2,0,1,0,0,35993.65,0
8964,15796993,McCollum,Inventory Clerk,22/10/2001,12/11/2021,18/02/2023,Blue Collar,Fixed Term,Full Time,Fixed,Terminated for Cause,Medium,Male,21,"1  Years, 1 Months",1,25530.46,2,0.2,0.62,0.64,5,0,0,0,0,27750.5,1
8965,15649858,Simpson,Sea Logistics Pricing Coordinator,15/11/1983,15/05/2021,,White Collar,Fixed Term,Full Time,Fixed,Active,Medium,Male,39,"1  Years, 7 Months",1,33438.9,3,0.94,0.53,0.94,0,0,1,1,1,33438.9,0
8966,15811032,Gambrell,Perishable Operational Care Specialist - Air Logistics,27/01/1974,06/02/2009,,Blue Collar,Fixed Term,Full Time,Fixed,Active,High,Female,49,"13 Years, 10 Months",13,30422.96,1,0.55,0.93,0.49,2,0,1,1,1,34571.55,0
8967,15679963,Moretti,Cloud Service Analyst,30/10/1979,19/04/2021,,White Collar,Fixed Term,Full Time,Flex and Fixed,Active,Low,Male,43,"1  Years, 7 Months",1,60971.85,4,0.84,0.51,0.91,1,1,0,0,0,64180.89,0
8968,15579131,Ricci,Recruiter,27/04/1972,21/04/2012,,White Collar,Fixed Term,Full Time,Fixed,Active,Medium,Male,50,"10  Years, 7 Months",10,36368.51,1,0.45,0.76,0.76,1,0,1,1,1,40409.45,0
8969,15572428,Rieke,Perishable Customer Care Team Leader - Air Logistics,15/01/1964,23/11/1994,,White Collar,Fixed Term,Full Time,Fixed,Active,Low,Female,59,"28 Years, 0 Months",28,38028.4,2,0.48,0.69,0.89,4,0,1,1,1,41789.45,0
8970,15622461,Ndubuagha,National Service Excellence Specialist- Air Logistics,17/05/1964,20/04/2002,,White Collar,Fixed Term,Full Time,Flex and Fixed,Active,Medium,Female,58,"20 Years, 7 Months",20,31928.18,2,0.73,0.58,0.6,2,0,0,0,0,35475.75,0
8971,15636105,Chung,Business Development Executive,11/07/1977,22/04/2019,,White Collar,Fixed Term,Full Time,Flex and Fixed,Active,High,Male,45,"3 Years, 7 Months",3,36190.2,3,0.85,0.98,0.77,1,0,1,1,0,40663.15,0
8972,15583849,Ts'ai,Trucking Specialist - Air Logistics,01/07/1968,08/01/1993,,Blue Collar,Fixed Term,Full Time,Fixed,Active,Low,Male,54,"29 Years, 11 Months",29,29918.82,2,0.18,0.58,0.54,6,0,0,0,0,32520.46,0
8973,15718780,Cox,Sea Logistics Pricing Coordinator,13/06/1982,26/07/2015,,White Collar,Fixed Term,Full Time,Fixed,Active,Medium,Female,40,"7 Years, 4 Months",7,34307.19,3,0.3,0.57,0.97,2,0,1,1,1,36889.45,0
8974,15739271,Lei,Software Engineer,25/09/1992,01/02/2014,,White Collar,Fixed Term,Full Time,Flex and Fixed,Active,Low,Male,30,"8 Years, 10 Months",8,56714.11,1,0.25,0.84,0.79,1,1,1,1,1,67516.8,0
8975,15697129,Ulyanova,National Perishable Air Logistics Development Manager Seafood,22/02/1970,05/11/1999,,White Collar,Fixed Term,Full Time,Flex and Fixed,Active,Low,Female,53,"23 Years, 1 Months",23,32657.14,4,0.76,0.57,0.67,2,1,0,1,0,34017.85,0
8976,15763415,Gray,Accounting Coordinator,21/11/1960,27/09/1996,,White Collar,Fixed Term,Full Time,Fixed,Active,High,Male,62,"26  Years, 2 Months",26,26855.56,3,0.29,0.88,0.72,5,1,1,1,1,33569.45,0
8977,15796617,McGregor,Operations Specialist,19/07/1995,27/09/2020,,Blue Collar,Fixed Term,Full Time,Fixed,Active,High,Male,27,"2 Years, 2 Months",2,32542.17,4,0.28,0.69,0.99,2,0,0,1,0,33206.3,0
8978,15626628,Tretiakova,Internal Trainer,16/05/1979,22/03/2015,,White Collar,Fixed Term,Full Time,Fixed,Active,Medium,Female,43,"7 Years, 8 Months",7,29377.59,2,0.22,0.56,0.84,1,0,0,1,0,33767.35,0
8979,15765857,Genovesi,National Perishable Air Logistics Development Manager Seafood,10/05/1991,22/04/2016,,White Collar,Fixed Term,Full Time,Flex and Fixed,Active,Low,Male,31,"6 Years, 7 Months",6,27761.79,4,1,0.49,0.58,1,1,0,1,0,32660.93,0
8980,15742511,Gordon,National Air Logistics Gateway Trade Lane Specialist,10/05/1984,10/10/2012,,White Collar,Fixed Term,Full Time,Fixed,Active,Low,Male,38,"10  Years, 2 Months",10,32814.95,1,0.56,0.4,0.45,2,0,0,1,0,36461.05,0
8981,15786433,Aitken,Accountant,08/11/1996,10/11/2019,,White Collar,Fixed Term,Full Time,Fixed,Active,Medium,Female,26,"3 Years, 1 Months",3,31984.44,2,0.51,0.67,0.36,3,1,1,1,1,32973.65,0
8982,15685805,Ginikanwa,Business Development Executive,18/09/1978,12/06/2014,,White Collar,Fixed Term,Full Time,Flex and Fixed,Active,High,Female,44,"8 Years, 6 Months",8,37885.36,3,0.11,0.79,0.5,2,0,0,1,0,43051.55,0
8983,15627971,Coates,Aerospace International Logistics Specialist,11/03/1985,09/04/2017,,Blue Collar,Fixed Term,Full Time,Fixed,Active,High,Female,37,"5 Years, 8 Months",5,30642.96,3,0.26,0.47,0.44,3,0,0,0,0,32255.75,0
8984,15783025,Piazza,Sales Account Manager,01/10/1982,24/11/2014,,White Collar,Fixed Term,Full Time,Fixed,Active,Low,Male,40,"8 Years, 0 Months",8,31341.96,4,0.29,0.82,0.54,1,1,0,1,0,34067.35,0
8985,15726289,Cawood,BI Developer,17/01/1964,01/07/1995,,White Collar,Fixed Term,Full Time,Flex and Fixed,Active,High,Male,59,"27  Years, 5 Months",27,52699.73,4,0.41,0.82,0.87,4,1,0,1,0,63493.65,0
8986,15802118,Ignatieff,Network Engineer,21/02/1963,09/04/1994,,White Collar,Fixed Term,Full Time,Flex and Fixed,Active,Medium,Male,60,"28  Years, 8 Months",28,53772.98,4,0.88,0.63,0.57,3,1,1,1,1,65576.8,0
8987,15607990,Gallo,Data Analyst,21/05/1958,25/08/2015,,White Collar,Fixed Term,Full Time,Flex and Fixed,Active,Medium,Male,64,"7 Years, 3 Months",7,45901.36,2,0.55,0.91,0.53,5,1,1,1,1,50441.05,0
8988,15695932,Yelverton,Revenue Care Specialist- Air Logistics,14/05/1986,11/10/2015,,White Collar,Fixed Term,Full Time,Fixed,Active,High,Male,36,"7 Years, 2 Months",7,39349.74,2,0.55,0.89,1,1,1,1,0,1,42311.55,0
8989,15812279,William,Human Resoruces Coordinator,09/07/1994,01/03/2017,,White Collar,Fixed Term,Full Time,Fixed,Active,High,Male,28,"5 Years, 9 Months",5,29112.66,3,0.3,0.96,0.93,2,0,0,0,0,31644.2,0
8990,15687558,Mault,Inventory Clerk,18/06/2002,10/12/2020,,Blue Collar,Fixed Term,Full Time,Fixed,Active,Low,Female,20,"2 Years, 0 Months",2,24718.73,3,0.14,0.83,0.72,1,0,0,1,0,27465.25,0
8991,15729065,Mackay,Trucking Team Leader- Air Logistics,02/07/1974,15/10/2015,,White Collar,Fixed Term,Full Time,Fixed,Active,Low,Male,48,"7 Years, 2 Months",7,37833.93,1,0.47,0.75,0.92,2,0,1,1,1,41575.75,0
8992,15698902,McIntyre,National Perishable Air Logistics Development Manager Seafood,07/05/1990,09/03/2021,25/12/2021,White Collar,Fixed Term,Full Time,Flex and Fixed,Voluntarily Terminated,Low,Female,32,"0 Years, 9 Months",0,32377.19,2,0.3,0.75,0.82,5,1,0,1,0,35192.6,1
8993,15570192,Henry,Accounting Coordinator,30/01/1978,22/03/2022,,White Collar,Fixed Term,Full Time,Fixed,Active,Low,Female,45,"0 Years, 8 Months",0,33276.8,3,0.86,0.41,0.69,0,1,0,0,0,33276.8,0
8994,15809265,Kao,Accountant,22/07/1972,01/06/2019,,White Collar,Fixed Term,Full Time,Fixed,Active,High,Female,50,"3 Years, 6 Months",3,30329.72,1,0.21,0.96,0.94,1,1,1,1,0,32612.6,0
8995,15745201,Frewin,Warehouse Specialist - Air Logistics,09/01/1996,22/06/2012,,Blue Collar,Fixed Term,Full Time,Fixed,Active,High,Female,27,"10 Years, 5 Months",10,26522.81,3,0.28,0.58,0.79,3,0,1,1,1,28215.75,0
8996,15580623,Yefremova,Accountant,19/02/1955,04/02/1994,,White Collar,Fixed Term,Full Time,Fixed,Active,Medium,Male,68,"28 Years, 10 Months",28,25296.04,1,0.88,0.74,0.89,5,1,0,0,0,36660.93,0
8997,15578156,Anenechukwu,Perishable Customer Care Team Leader - Air Logistics,18/01/1994,09/08/2018,,White Collar,Fixed Term,Full Time,Fixed,Active,Medium,Male,29,"4 Years, 4 Months",4,38649.74,4,0.66,0.78,0.74,2,0,1,1,1,43920.16,0
8998,15631063,Trentino,Inventory Clerk,05/10/2001,15/01/2014,,Blue Collar,Fixed Term,Full Time,Fixed,Active,High,Female,21,"8 Years, 11 Months",8,23391.96,3,0.78,0.5,0.72,3,0,0,1,0,27199.95,0
8999,15692577,Tomlinson,Stock Investigator & Analyst,15/12/1977,27/06/2022,,White Collar,Fixed Term,Full Time,Flex and Fixed,Active,Low,Female,45,"0 Years, 5 Months",0,51575.75,4,0.46,1,0.52,0,1,0,1,0,51575.75,0
9000,15810910,Royston,National Service Excellence Specialist- Air Logistics,17/07/1970,01/10/2012,,White Collar,Fixed Term,Full Time,Flex and Fixed,Active,Low,Female,52,"10 Years, 2 Months",10,34402.12,4,0.27,0.85,0.91,1,0,1,1,1,35104.2,0
9001,15723217,Cremonesi,Perishable Warehouse Specialist - Air Logistics,22/09/1979,09/02/2014,,Blue Collar,Fixed Term,Full Time,Fixed,Active,High,Male,43,"8 Years, 10 Months",8,28666.09,3,0.6,0.82,0.89,1,0,0,1,0,34126.3,0
9002,15733111,Yeh,National Service Excellence Specialist- Air Logistics,22/05/1981,10/08/2012,,White Collar,Fixed Term,Full Time,Flex and Fixed,Active,Medium,Male,41,"10  Years, 4 Months",10,27811.96,2,0.09,0.58,0.81,2,0,1,1,1,32719.95,0
9003,15610727,Ch'in,Java Software Engineer ,28/03/1982,31/08/2005,,White Collar,Fixed Term,Full Time,Flex and Fixed,Active,High,Male,40,"17 Years, 3 Months",17,60862.54,4,0.4,0.9,0.9,3,1,0,1,0,65303.15,0
9004,15792720,Martinez,Human Resoruces Coordinator,01/03/1972,09/10/2021,,White Collar,Fixed Term,Full Time,Fixed,Active,Low,Male,51,"1  Years, 2 Months",1,31588.4,3,0.68,0.59,1,0,0,0,0,0,31588.4,0
9005,15723153,Wearing,Revenue Care Specialist- Air Logistics,03/12/1965,02/11/2002,,White Collar,Fixed Term,Full Time,Fixed,Active,Low,Male,57,"20 Years, 1 Months",20,35168.49,3,0.46,0.53,0.46,1,1,0,1,0,42888.4,0
9006,15802823,Maclean,National Perishable Air Logistics Development Manager Retail,07/12/1966,28/06/2011,,White Collar,Fixed Term,Full Time,Flex and Fixed,Active,Medium,Female,56,"11 Years, 5 Months",11,34081.26,2,0.26,0.57,0.5,3,1,1,1,1,34776.8,0
9007,15756118,T'ao,Finance Analyst,05/03/1959,15/09/1996,,White Collar,Fixed Term,Full Time,Flex and Fixed,Active,High,Male,64,"26 Years, 3 Months",26,32151.7,4,0.12,0.85,0.99,4,1,0,1,0,48714.7,0
9008,15684934,Rose,Transport Controller,11/12/1965,25/06/1996,,Blue Collar,Fixed Term,Full Time,Fixed,Active,High,Male,57,"26 Years, 5 Months",26,26448.53,3,0.43,0.64,0.67,1,0,1,1,1,28748.4,0
9009,15776936,Whitworth,Trucking Team Leader- Air Logistics,26/05/1962,02/07/2008,23/01/2018,White Collar,Fixed Term,Full Time,Fixed,Voluntarily Terminated,High,Male,60,"9 Years, 6 Months",9,36813.2,4,0.15,0.57,0.54,4,0,1,0,1,41363.15,1
9010,15729087,Suttor,Revenue Care Specialist- Air Logistics,01/03/1979,05/03/2019,,White Collar,Fixed Term,Full Time,Fixed,Active,High,Male,44,"3 Years, 9 Months",3,39171.66,4,0.96,0.86,0.85,1,1,1,0,1,40383.15,0
9011,15786463,Hsing,Perishable Operational Care Specialist - Air Logistics,14/12/1999,23/02/2019,20/12/2020,Blue Collar,Fixed Term,Full Time,Fixed,Voluntarily Terminated,High,Female,23,"1 Years, 9 Months",1,30882.93,4,0.24,0.6,0.7,5,0,0,0,1,33568.4,1
9012,15717498,Boni,Aerospace International Logistics Specialist,28/08/1986,25/12/2013,,Blue Collar,Fixed Term,Full Time,Fixed,Active,Low,Male,36,"8 Years, 11 Months",8,30341.7,1,0.28,0.55,0.76,1,0,1,0,1,35281.05,0
9013,15718406,Marshall,Account Manager ,11/09/1981,29/02/2016,,White Collar,Fixed Term,Full Time,Fixed,Active,High,Male,41,"6 Years, 9 Months",6,31563.18,4,0.4,0.54,0.63,3,1,0,1,0,33577.85,0
9014,15799468,Catchpole,Stock Investigator & Analyst,21/12/1987,16/05/2018,,White Collar,Fixed Term,Full Time,Flex and Fixed,Active,High,Female,35,"4 Years, 7 Months",4,42586.29,4,0.22,0.69,0.78,2,1,0,0,0,46289.45,0
9015,15626383,Tang,Accountant,30/08/1982,09/12/2016,,White Collar,Fixed Term,Full Time,Fixed,Active,Low,Male,40,"6 Years, 0 Months",6,30212.57,1,0.92,0.92,0.77,2,1,1,0,1,35967.35,0
9016,15597385,Siddons,Warehouse Quality Control Specialist - Air Logistics,04/06/1987,01/05/2016,,Blue Collar,Fixed Term,Full Time,Fixed,Active,Low,Male,35,"6 Years, 7 Months",6,26107.23,2,0.93,0.66,1,3,0,1,0,1,27773.65,0
9017,15570271,Wan,Perishable Warehouse Specialist - Air Logistics,03/08/2000,25/09/2018,,Blue Collar,Fixed Term,Full Time,Fixed,Active,Low,Male,22,"4 Years, 2 Months",4,33189.9,1,0.79,0.83,0.9,1,0,1,1,1,35308.4,0
9018,15690330,Efimov,Warehouse Specialist - Air Logistics,17/03/2000,08/03/2017,,Blue Collar,Fixed Term,Full Time,Fixed,Active,Medium,Female,22,"5 Years, 9 Months",5,26215.96,4,0.44,0.89,0.86,2,0,1,0,1,27595.75,0
9019,15680611,Rose,IT System Engineer,12/04/1975,23/10/2020,,White Collar,Fixed Term,Full Time,Flex and Fixed,Active,Low,Male,47,"2 Years, 1 Months",2,65148.92,3,0.24,0.94,0.61,1,1,1,1,1,70052.6,0
9020,15810227,Fanucci,Material Handler ,27/04/2002,21/01/2015,,Blue Collar,Fixed Term,Full Time,Fixed,Active,Low,Male,20,"7 Years, 10 Months",7,26367.93,3,0.88,0.65,0.85,2,0,1,1,1,28975.75,0
9021,15807194,Iweobiegbulam,Warehouse Shift Manager - Air Logistics,07/03/1988,10/01/2021,,White Collar,Fixed Term,Full Time,Fixed,Active,Medium,Male,35,"1  Years, 11 Months",1,60980.21,3,0.6,0.69,0.8,1,1,0,1,0,63521.05,0
9022,15712199,Ijendu,Trucking Team Leader- Air Logistics,18/04/1976,04/09/2016,,White Collar,Fixed Term,Full Time,Fixed,Active,Low,Female,46,"6 Years, 3 Months",6,33558.42,3,0.35,0.45,0.46,1,0,1,1,1,39950.5,0
9023,15694995,O'Sullivan,Project Manager,19/05/1986,21/10/2020,,White Collar,Fixed Term,Full Time,Flex and Fixed,Active,High,Male,36,"2 Years, 1 Months",2,41416.29,2,0.25,0.78,0.93,1,1,1,0,1,44533.65,0
9024,15723400,Hutchinson,Warehouse Shift Team Leader- Air Logistics,09/04/1973,16/10/2016,,White Collar,Fixed Term,Full Time,Fixed,Active,Low,Male,49,"6 Years, 2 Months",6,35054.51,3,0.46,0.91,0.38,1,0,1,1,1,38949.45,0
9025,15654772,Kwemto,National Perishable Air Logistics Development Manager Seafood,24/08/1955,19/11/2009,06/12/2021,White Collar,Fixed Term,Full Time,Flex and Fixed,Voluntarily Terminated,High,Female,67,"12 Years, 0 Months",12,27126.46,3,0.12,0.63,0.65,6,1,1,0,1,33081.05,1
9026,15574743,Chiu,IT System Engineer,08/06/1963,18/09/1992,,White Collar,Fixed Term,Full Time,Flex and Fixed,Active,Low,Male,59,"30 Years, 3 Months",30,60203.61,4,0.14,0.71,0.8,1,1,1,1,1,70004.2,0
9027,15807593,Berry,IT-Support,21/10/1986,16/06/2014,,White Collar,Fixed Term,Full Time,Fixed,Active,Medium,Female,36,"8 Years, 6 Months",8,29420.71,3,0.29,0.73,0.69,1,0,0,0,0,34612.6,0
9028,15686718,Hung,Trucking Specialist - Air Logistics,28/07/1956,22/11/2014,,Blue Collar,Fixed Term,Full Time,Fixed,Active,Low,Male,66,"8  Years, 0 Months",8,33604.97,1,0.98,0.69,0.52,1,0,1,0,1,35373.65,0
9029,15695299,Mordvinova,Sales Specialist-Air Logitics ,14/03/2004,02/08/2021,,Blue Collar,Fixed Term,Full Time,Fixed,Active,Low,Female,18,"1  Years, 4 Months",1,34899.95,4,0.73,0.52,0.57,0,0,0,1,0,34899.95,0
9030,15722701,Bruno,Project Coordinator,21/08/1960,14/06/1995,,White Collar,Fixed Term,Full Time,Fixed,Active,Low,Male,62,"27 Years, 6 Months",27,28547.46,1,0.9,0.78,0.66,4,0,0,1,0,33585.25,0
9031,15799635,Arbour,Road Logistics Sales Representative,14/08/2003,19/05/2021,04/10/2021,White Collar,Fixed Term,Full Time,Fixed,Voluntarily Terminated,Low,Male,19,"1  Years, 6 Months",1,30433.55,2,0.27,0.94,0.69,5,0,0,0,1,33079.95,1
9032,15742323,Barese,BI Developer,24/09/1961,17/07/1988,,White Collar,Fixed Term,Full Time,Flex and Fixed,Active,Low,Male,61,"34  Years, 5 Months",34,52856.33,1,0.29,0.55,0.73,2,1,0,1,0,62924.2,0
9033,15658435,Hingston,Trucking Team Leader- Air Logistics,23/11/1969,10/08/2019,,White Collar,Fixed Term,Full Time,Fixed,Active,High,Female,53,"3 Years, 4 Months",3,34587.27,1,0.11,0.43,0.38,2,0,0,0,0,38862.1,0
9034,15586029,Davis,Warehouse Quality Control Specialist - Air Logistics,04/03/2000,27/07/2018,,Blue Collar,Fixed Term,Full Time,Fixed,Active,Medium,Male,23,"4 Years, 4 Months",4,25779.37,3,0.72,0.77,0.66,1,0,0,1,0,28021.05,0
9035,15772337,Lawrence,Customer Servce Administrative Officer,10/12/1976,09/10/2009,09/06/2017,Blue Collar,Fixed Term,Full Time,Fixed,Voluntarily Terminated,High,Female,46,"7 Years, 8 Months",7,33184.19,3,0.26,0.59,0.8,5,0,1,1,1,34210.5,1
9036,15807555,Chung,Aerospace International Logistics Specialist,30/04/1988,27/12/2015,,Blue Collar,Fixed Term,Full Time,Fixed,Active,High,Male,34,"6 Years, 11 Months",6,28025.82,2,0.55,0.65,0.54,1,0,0,1,0,32971.55,0
9037,15603378,Padovano,Perishable Warehouse Specialist - Air Logistics,09/03/1959,06/04/2010,,Blue Collar,Fixed Term,Full Time,Fixed,Active,Medium,Female,64,"12 Years, 8 Months",12,27698.36,4,0.2,0.82,0.37,4,0,1,0,0,32586.3,0
9038,15792862,Blinova,Sea Logistics Pricing Coordinator,20/03/1980,08/03/2010,02/01/2016,White Collar,Fixed Term,Full Time,Fixed,Voluntarily Terminated,High,Male,42,"5 Years, 9 Months",5,29857.14,2,0.11,0.31,0.72,5,0,0,1,0,33547.35,1
9039,15657349,Carter,National Perishable Air Logistics Development Manager Seafood,28/09/1998,01/01/2014,23/02/2022,White Collar,Fixed Term,Full Time,Flex and Fixed,Voluntarily Terminated,Low,Female,24,"8 Years, 1 Months",8,30242.65,1,0.12,0.84,0.65,6,1,0,0,0,36003.15,1
9040,15777614,Webb,Sales Account Manager,19/10/1969,18/07/1990,,White Collar,Fixed Term,Full Time,Fixed,Active,High,Female,53,"32  Years, 5 Months",32,32327.96,4,0.3,0.59,0.4,2,1,1,1,0,35919.95,0
9041,15653952,T'an,Transport Controller,21/11/2002,02/01/2022,,Blue Collar,Fixed Term,Full Time,Fixed,Active,Low,Female,20,"0 Years, 11 Months",0,28012.6,2,0.16,0.64,0.52,0,0,1,1,1,28012.6,0
9042,15724336,Yates,Network Engineer,31/03/1962,24/11/2006,,White Collar,Fixed Term,Full Time,Flex and Fixed,Active,High,Female,60,"16  Years, 0 Months",16,54934.16,2,0.5,0.48,0.63,9,1,0,1,0,67819.95,0
9043,15689594,Su,Accounts Payable,02/04/1987,09/09/2019,,White Collar,Fixed Term,Full Time,Fixed,Active,Medium,Male,35,"3 Years, 3 Months",3,32715.53,1,0.91,0.82,0.58,2,1,0,0,0,33727.35,0
9044,15801920,Christian,Material Handler ,21/08/2004,22/03/2021,,Blue Collar,Fixed Term,Full Time,Fixed,Active,Low,Male,18,"1  Years, 8 Months",1,25425.84,3,0.37,0.99,0.54,1,0,0,0,0,26485.25,0
9045,15653347,Chiu,Project Coordinator,15/04/1990,14/06/2014,25/01/2017,White Collar,Fixed Term,Full Time,Fixed,Voluntarily Terminated,High,Male,32,"2 Years, 7 Months",2,28800.68,2,0.3,0.8,0.52,4,0,0,0,0,33883.15,1
9046,15749951,Sacco,Finance Analyst,01/11/1982,22/10/2012,03/08/2014,White Collar,Fixed Term,Full Time,Flex and Fixed,Voluntarily Terminated,Medium,Male,40,"10  Years, 1 Months",10,47173.96,3,0.3,0.94,0.92,4,1,0,1,0,49656.8,1
9047,15648178,Lettiere,Trucking Team Leader- Air Logistics,22/09/1983,28/08/2021,,White Collar,Fixed Term,Full Time,Fixed,Active,Medium,Female,39,"1  Years, 3 Months",1,42699.95,1,0.17,0.94,0.81,0,0,1,0,1,42699.95,0
9048,15738662,Daluchi,Warehouse Quality Control Specialist - Air Logistics,09/08/1999,26/10/2014,,Blue Collar,Fixed Term,Full Time,Fixed,Active,Low,Male,23,"8 Years, 1 Months",8,22932.2,2,0.17,0.77,0.79,1,0,0,1,0,24926.3,0
9049,15640855,T'ien,Operations Specialist,12/10/1991,07/06/2021,,Blue Collar,Fixed Term,Full Time,Fixed,Active,Low,Male,31,"1  Years, 6 Months",1,33579.76,3,0.44,0.48,0.54,1,0,0,1,0,35723.15,0
9050,15584288,Hung,Regional Air logistics Trainer Specialist,13/12/1979,19/11/2020,,White Collar,Fixed Term,Full Time,Fixed,Active,High,Female,43,"2 Years, 0 Months",2,34646.58,3,0.36,0.62,0.68,2,0,1,1,1,35353.65,0
9051,15760988,Liu,Senior DevOps Engineer,19/11/1983,23/03/2019,,White Collar,Fixed Term,Full Time,Flex and Fixed,Active,Low,Male,39,"3 Years, 8 Months",3,64624.21,1,0.09,0.61,0.9,1,1,0,0,0,69488.4,0
9052,15569624,Feng,Inside Sales Executive/ Account Manager,02/11/1994,25/07/2022,,White Collar,Fixed Term,Full Time,Flex and Fixed,Active,Medium,Female,28,"0 Years, 4 Months",0,32703.15,1,0.26,0.5,0.6,0,1,0,1,0,32703.15,0
9053,15597949,Gilbert,Data Engineer,14/04/1992,11/10/2018,03/06/2022,White Collar,Fixed Term,Full Time,Flex and Fixed,Voluntarily Terminated,Low,Female,30,"3 Years, 7 Months",3,64970.78,3,0.3,0.89,0.65,6,1,0,1,1,69861.05,1
9054,15604551,Robb,Inventory Clerk,29/08/2002,07/04/2021,,Blue Collar,Fixed Term,Full Time,Fixed,Active,High,Female,20,"1  Years, 8 Months",1,27396.8,2,0.4,0.58,0.81,0,0,0,1,0,27396.8,0
9055,15617476,Manfrin,Analyst Programmer ,15/09/1990,28/10/2019,,White Collar,Fixed Term,Full Time,Flex and Fixed,Active,Low,Female,32,"3 Years, 1 Months",3,60430.95,1,0.38,0.64,0.77,1,1,1,0,1,62299.95,0
9056,15645323,Chinwenma,Human Resoruces Coordinator,16/03/1972,26/05/2012,12/07/2014,White Collar,Fixed Term,Full Time,Fixed,Voluntarily Terminated,High,Male,50,"10  Years, 6 Months",10,28354.25,1,0.6,0.73,0.88,5,0,1,1,1,35005.25,1
9057,15793311,Smith,Data Analyst,27/04/1986,08/02/2011,03/11/2013,White Collar,Fixed Term,Full Time,Flex and Fixed,Voluntarily Terminated,Medium,Female,36,"2 Years, 8 Months",2,41248.84,1,0.3,0.74,0.85,6,1,1,0,1,45328.4,1
9058,15764153,Rowe,Human Resoruces Coordinator,01/09/1975,04/07/2013,,White Collar,Fixed Term,Full Time,Fixed,Active,High,Female,47,"9 Years, 5 Months",9,30075.96,4,0.27,0.75,0.82,1,0,1,1,0,33050.5,0
9059,15802560,Moran,National Air Logistics Pharma Compliance Specialist,03/11/1970,05/04/2020,,Blue Collar,Fixed Term,Full Time,Fixed,Active,Low,Female,52,"2 Years, 8 Months",2,33621.31,4,0.48,0.78,0.84,1,0,1,1,1,35767.35,0
9060,15728608,Walker,Java Software Engineer ,22/06/1968,01/01/2011,,White Collar,Fixed Term,Full Time,Flex and Fixed,Active,High,Female,54,"11  Years, 11 Months",11,63469.79,2,0.72,0.64,0.95,3,1,1,0,1,67521.05,0
9061,15770474,Myers,Warehouse Quality Control Specialist - Air Logistics,14/04/1997,03/07/2013,15/05/2022,Blue Collar,Fixed Term,Full Time,Fixed,Voluntarily Terminated,High,Female,25,"8 Years, 10 Months",8,22668.49,3,0.54,0.8,0.84,5,0,1,0,1,26986.3,1
9062,15724444,Wall,Trucking Specialist - Air Logistics,26/04/2000,03/06/2015,,Blue Collar,Fixed Term,Full Time,Fixed,Active,High,Female,22,"7 Years, 6 Months",7,27632.43,2,0.85,0.89,0.64,1,0,1,1,1,32895.75,0
9063,15753110,McKay,BI Developer,08/06/1970,20/05/1992,19/05/2015,White Collar,Fixed Term,Full Time,Flex and Fixed,Voluntarily Terminated,Low,Male,52,"22 Years, 11 Months",22,58602.69,3,0.26,0.84,0.5,8,1,0,1,0,63013.65,1
9064,15711521,Egobudike,Perishable Customer Care Team Leader - Air Logistics,18/06/1956,26/03/1993,,White Collar,Fixed Term,Full Time,Fixed,Active,Low,Male,66,"29 Years, 8 Months",29,28176.53,3,0.28,0.64,0.38,1,0,1,1,1,39685.25,0
9065,15632816,Williams,Warehouse Specialist - Air Logistics,14/10/1989,04/04/2020,,Blue Collar,Fixed Term,Full Time,Fixed,Active,Low,Female,33,"2 Years, 8 Months",2,24116.23,1,0.83,0.53,0.82,1,0,1,1,1,24608.4,0
9066,15693637,Ochoa,Project Manager,15/04/1976,19/08/2016,,White Collar,Fixed Term,Full Time,Flex and Fixed,Active,Medium,Female,46,"6 Years, 3 Months",6,42220.81,4,0.19,0.75,0.66,1,1,1,1,1,44915.75,0
9067,15725509,Otutodilinna,Inside Sales Executive/ Account Manager,03/03/1979,19/10/2018,,White Collar,Fixed Term,Full Time,Flex and Fixed,Active,Low,Male,44,"4 Years, 1 Months",4,30137.86,2,0.3,0.66,0.62,1,1,1,1,1,32406.3,0
9068,15684645,Ajuluchukwu,Transport Controller,11/03/1958,22/11/2000,,Blue Collar,Fixed Term,Full Time,Fixed,Active,Low,Male,65,"22 Years, 0 Months",22,19968.15,4,0.4,0.49,0.78,1,0,0,1,0,26624.2,0
9069,15692235,Bellucci,Gateway & Procurement Specialist - Air Logistics,23/04/1979,28/11/2014,,Blue Collar,Fixed Term,Full Time,Fixed,Active,Low,Female,43,"8 Years, 0 Months",8,28628.48,1,0.3,0.78,0.72,1,0,0,1,0,32906.3,0
9070,15777459,Gordon,Aerospace International Logistics Specialist,05/09/1991,07/03/2009,31/05/2016,Blue Collar,Fixed Term,Full Time,Fixed,Voluntarily Terminated,High,Female,31,"7 Years, 2 Months",7,32677.88,3,0.44,0.39,0.75,5,0,1,1,1,35062.1,1
9071,15656937,Johnston,Internal Trainer,12/12/1984,12/03/2021,,White Collar,Fixed Term,Full Time,Fixed,Active,Medium,Male,38,"1  Years, 9 Months",1,34932.86,4,0.45,0.9,0.83,1,0,0,1,0,36388.4,0
9072,15610643,De Luca,National Perishable Air Logistics Development Manager Seafood,11/12/1994,19/12/2016,,White Collar,Fixed Term,Full Time,Flex and Fixed,Active,Low,Male,28,"5 Years, 11 Months",5,32517.63,4,0.29,0.96,0.74,2,1,0,1,0,35345.25,0
9073,15777315,Hill,BI Developer,05/12/1991,22/08/2019,,White Collar,Fixed Term,Full Time,Flex and Fixed,Active,Medium,Male,31,"3 Years, 3 Months",3,53950.73,1,0.71,0.63,0.81,1,1,0,0,0,59945.25,0
9074,15611058,Eluemuno,Gateway & Procurement Team Leader- Air Logistics,02/12/1987,07/08/2013,19/01/2016,White Collar,Fixed Term,Full Time,Fixed,Voluntarily Terminated,High,Female,35,"2 Years, 5 Months",2,33684.53,3,0.36,0.63,0.74,7,0,1,1,1,38717.85,1
9075,15630413,Howarth,National Service Excellence Specialist- Air Logistics,20/04/1966,06/06/2002,,White Collar,Fixed Term,Full Time,Flex and Fixed,Active,Medium,Female,56,"20 Years, 6 Months",20,29161.44,3,0.1,0.89,0.81,4,0,1,1,1,33518.9,0
9076,15635942,Thomson,Business Analyst,21/07/1987,27/06/2003,02/01/2020,White Collar,Fixed Term,Full Time,Flex and Fixed,Terminated for Cause,Medium,Male,35,"16 Years, 6 Months",16,35224.65,2,0.26,0.93,0.57,5,1,0,1,0,45746.3,1
9077,15648858,King,Perishable Operational Care Specialist - Air Logistics,01/01/2000,15/02/2018,,Blue Collar,Fixed Term,Full Time,Fixed,Active,High,Female,23,"4 Years, 10 Months",4,33441.04,3,0.81,0.87,0.59,2,0,1,0,1,36748.4,0
9078,15810732,Grant,Analyst Programmer ,18/12/1992,30/03/2000,,White Collar,Fixed Term,Full Time,Flex and Fixed,Active,Low,Female,30,"22  Years, 8 Months",22,46837.58,4,0.28,0.56,0.53,1,1,0,1,0,61628.4,0
9079,15705448,Gilbert,National Air Logistics Gateway Trade Lane Specialist,27/08/1979,25/11/2016,07/03/2021,White Collar,Fixed Term,Full Time,Fixed,Voluntarily Terminated,High,Male,43,"4 Years, 3 Months",4,31537.89,3,0.55,0.97,0.55,5,0,1,1,1,35042.1,1
9080,15730488,Richmond,Trucking Specialist - Air Logistics,02/05/1963,19/04/1987,,Blue Collar,Fixed Term,Full Time,Fixed,Active,High,Female,59,"35 Years, 7 Months",35,34983,3,0.13,0.61,0.51,1,0,1,0,1,36440.62,0
9081,15620443,Fiorentino,Accounts Payable,13/09/1984,27/01/2017,,White Collar,Fixed Term,Full Time,Fixed,Active,High,Female,38,"5 Years, 10 Months",5,29609.46,2,0.3,0.73,0.46,2,1,1,1,1,32184.2,0
9082,15741078,Greece,Transport Controller,26/06/2004,11/05/2021,,Blue Collar,Fixed Term,Full Time,Fixed,Active,High,Male,18,"1  Years, 7 Months",1,26363.15,3,0.3,0.61,0.69,0,0,1,0,1,26363.15,0
9083,15753161,Dickson,Data Engineer,20/04/1983,09/08/2021,,White Collar,Fixed Term,Full Time,Flex and Fixed,Active,Low,Female,39,"1  Years, 4 Months",1,68644.2,3,0.99,0.99,0.71,0,1,0,1,0,68644.2,0
9084,15711396,Henderson,Sea Logistics Pricing Coordinator,09/07/1965,18/04/2018,,White Collar,Fixed Term,Full Time,Fixed,Active,Medium,Male,57,"4 Years, 8 Months",4,30215.82,1,0.29,0.57,0.75,3,0,1,1,1,33204.2,0
9085,15593499,Stevens,Sea Logiscitcs Customer Care Specialist ,17/03/2000,20/03/2017,,Blue Collar,Fixed Term,Full Time,Fixed,Active,Low,Female,22,"5 Years, 8 Months",5,33993,3,0.3,0.74,0.96,2,0,0,1,0,35782.1,0
9086,15579189,Mitchell,Network Engineer,27/05/1973,04/11/2015,,White Collar,Fixed Term,Full Time,Flex and Fixed,Active,Low,Female,49,"7 Years, 1 Months",7,58721.92,1,0.47,0.86,0.61,3,1,1,0,1,66729.45,0
9087,15743545,Nworie,Sales Account Manager,07/09/1958,05/10/1990,,White Collar,Fixed Term,Full Time,Fixed,Active,Low,Female,64,"32 Years, 2 Months",32,21375.62,3,0.71,0.68,0.72,1,1,0,1,0,34476.8,0
9088,15791316,Boni,Warehouse Quality Control Specialist - Air Logistics,13/10/1999,08/03/2021,,Blue Collar,Fixed Term,Full Time,Fixed,Active,Low,Male,23,"1  Years, 9 Months",1,28309.45,2,0.4,0.66,0.63,0,0,1,1,0,28309.45,0
9089,15608246,Wentcher,Java Software Engineer ,12/09/1973,31/01/2009,10/12/2019,White Collar,Fixed Term,Full Time,Flex and Fixed,Voluntarily Terminated,High,Female,49,"10 Years, 10 Months",10,65584.69,4,0.54,0.86,0.89,6,1,1,1,1,66923.15,1
9090,15676526,Bentley,Account Manager ,08/08/1982,18/02/1990,,White Collar,Fixed Term,Full Time,Fixed,Active,Low,Female,40,"32 Years, 10 Months",32,31169.79,3,0.21,0.85,0.78,3,1,1,1,1,35827.35,0
9091,15813911,Hayes-Williams,Inside Sales Executive/ Account Manager,10/12/1966,18/12/2002,,White Collar,Fixed Term,Full Time,Flex and Fixed,Active,Low,Female,56,"20 Years, 0 Months",20,31743.32,4,0.29,0.98,0.53,2,1,0,1,0,34132.6,0
9092,15630195,Johnstone,National Air Logistics Pharma Compliance Specialist,17/01/1977,12/10/2019,,Blue Collar,Fixed Term,Full Time,Fixed,Active,Low,Female,46,"3 Years, 2 Months",3,33245.44,4,0.3,0.53,0.73,2,0,1,1,1,34273.65,0
9093,15736250,Johnstone,National Perishable Air Logistics Development Manager Retail,21/02/1990,07/09/2016,10/05/2019,White Collar,Fixed Term,Full Time,Flex and Fixed,Voluntarily Terminated,High,Male,33,"2 Years, 8 Months",2,33844.36,3,0.57,0.2,0.54,5,1,1,0,1,36787.35,1
9094,15671334,Nixon,National Perishable Air Logistics Development Manager Retail,11/12/1966,26/06/2002,,White Collar,Fixed Term,Full Time,Flex and Fixed,Active,Low,Male,56,"20 Years, 5 Months",20,32235.764,1,0.68,0.9,0.97,3,1,0,1,0,36631.55,0
9095,15574169,Trevisano,Sea Logiscitcs Customer Care Specialist ,15/05/1994,19/07/2012,,Blue Collar,Fixed Term,Full Time,Fixed,Active,Medium,Female,28,"10  Years, 4 Months",10,29757.35,4,0.28,0.51,0.96,2,0,0,1,0,36289.45,0
9096,15718839,Tsui,Accounting Coordinator,11/05/1982,07/04/2018,,White Collar,Fixed Term,Full Time,Fixed,Active,Medium,Female,40,"4 Years, 8 Months",4,30352.78,2,0.14,0.63,0.77,2,1,1,0,0,33354.7,0
9097,15762331,Moss,Senior DevOps Engineer,27/03/1982,24/01/1988,,White Collar,Fixed Term,Full Time,Flex and Fixed,Active,Medium,Male,40,"34  Years, 10 Months",34,65222.34,2,0.83,0.83,0.88,3,1,0,1,0,69981.05,0
9098,15606901,Graham,National Service Excellence Specialist- Air Logistics,06/02/1993,23/01/2017,,White Collar,Fixed Term,Full Time,Flex and Fixed,Active,Low,Male,30,"5 Years, 10 Months",5,30475.95,3,0.26,0.67,0.72,2,0,0,1,0,32079.95,0
9099,15713559,Onyemauchechukwu,Human Resoruces Coordinator,03/05/1986,11/11/2011,,White Collar,Fixed Term,Full Time,Fixed,Active,Medium,Female,36,"11 Years, 1 Months",11,30458.73,2,0.26,0.96,0.52,2,0,1,1,1,31080.34,0
9100,15768881,Saunders,Transport Controller,07/11/2000,22/05/2021,,Blue Collar,Fixed Term,Full Time,Fixed,Active,Low,Male,22,"1  Years, 6 Months",1,26431.55,3,0.71,0.69,0.75,0,0,1,1,1,26431.55,0
9101,15743075,Ko,Sea Logistics Pricing Coordinator,02/05/1965,11/02/1995,,White Collar,Fixed Term,Full Time,Fixed,Active,High,Male,57,"27 Years, 10 Months",27,28007.36,2,0.52,0.69,0.9,5,0,1,1,1,33342.1,0
9102,15660980,Cairns,Perishable Customer Care Team Leader - Air Logistics,04/06/1999,12/02/2015,,White Collar,Fixed Term,Full Time,Fixed,Active,High,Male,23,"7 Years, 10 Months",7,37412.01,1,0.3,0.64,0.94,1,0,1,1,1,42513.65,0
9103,15810942,Chiemela,Sea Logistics Pricing Coordinator,04/10/1956,01/12/1983,,White Collar,Fixed Term,Full Time,Fixed,Active,Medium,Female,66,"39 Years, 0 Months",39,20090.56,1,0.58,0.62,0.48,5,0,1,0,1,34638.9,0
9104,15728362,Robertson,Analyst Programmer ,12/11/1964,08/10/2014,,White Collar,Fixed Term,Full Time,Flex and Fixed,Active,Medium,Female,58,"8 Years, 2 Months",8,60850.62,3,0.09,0.55,0.75,2,1,0,1,0,62732.6,0
9105,15683339,P'eng,Java Software Engineer ,29/08/1989,30/11/1984,25/04/2014,White Collar,Fixed Term,Full Time,Flex and Fixed,Voluntarily Terminated,Medium,Female,33,"29 Years, 4 Months",29,65588.75,2,0.53,0.98,0.51,5,1,0,1,0,70148.4,1
9106,15685476,Tseng,Account Manager ,25/08/1966,29/05/2007,,White Collar,Fixed Term,Full Time,Fixed,Active,Low,Male,56,"15 Years, 6 Months",15,31086.72,1,0.23,0.83,0.78,4,1,1,0,1,36147.35,0
9107,15663650,Russell,Gateway & Procurement Specialist - Air Logistics,31/05/1999,08/07/2021,17/04/2022,Blue Collar,Fixed Term,Full Time,Fixed,Voluntarily Terminated,High,Male,23,"1  Years, 5 Months",1,34579.95,3,0.29,0.73,0.77,7,0,0,1,0,36399.95,1
9108,15617434,Yen,Stock Investigator & Analyst,30/01/1983,16/07/2019,,White Collar,Fixed Term,Full Time,Flex and Fixed,Active,High,Male,40,"3 Years, 5 Months",3,47816.3,4,0.11,0.58,0.86,1,1,1,0,1,50868.4,0
9109,15622470,Yeh,Recruiter,01/11/1959,18/01/2015,,White Collar,Fixed Term,Full Time,Fixed,Active,High,Male,63,"7 Years, 11 Months",7,38796.24,3,0.79,0.52,0.67,1,0,1,1,1,41272.6,0
9110,15703682,Kalinina,Inside Sales Executive/ Account Manager,12/08/1958,24/05/2015,,White Collar,Fixed Term,Full Time,Flex and Fixed,Active,Medium,Male,64,"7 Years, 6 Months",7,34446.54,1,0.92,0.91,0.7,1,1,0,0,0,36645.25,0
9111,15727391,Collier,Accounting Coordinator,09/09/1993,21/03/2014,,White Collar,Fixed Term,Full Time,Fixed,Active,Low,Male,29,"8 Years, 8 Months",8,30296.07,2,0.2,0.72,0.64,1,1,0,1,0,34427.35,0
9112,15711062,Thomas,Operations Specialist,14/10/1964,11/06/2005,,Blue Collar,Fixed Term,Full Time,Fixed,Active,Medium,Male,58,"17 Years, 6 Months",17,29301.6,1,0.92,0.7,0.74,1,0,1,1,1,32923.15,0
9113,15567339,Shaw,Business Development Executive,13/11/1986,31/03/2019,,White Collar,Fixed Term,Full Time,Flex and Fixed,Active,Medium,Male,36,"3 Years, 8 Months",3,36578.34,4,0.87,0.86,0.92,2,0,1,1,1,41566.3,0
9114,15760662,Francis,Account Manager ,22/08/1963,06/06/1988,,White Collar,Fixed Term,Full Time,Fixed,Active,Medium,Female,59,"34 Years, 6 Months",34,33940.51,4,0.26,0.82,0.57,2,1,1,1,1,35354.7,0
9115,15605737,George,Senior DevOps Engineer,04/01/1961,15/04/2006,,White Collar,Fixed Term,Full Time,Flex and Fixed,Active,Medium,Male,62,"16 Years, 8 Months",16,62687.79,4,0.28,0.83,0.78,1,1,0,1,0,68138.9,0
9116,15692977,Ikenna,Customer Care Specialist-Key Accounts,20/11/1968,14/12/2007,,White Collar,Fixed Term,Full Time,Fixed,Active,High,Female,54,"15 Years, 0 Months",15,33130.63,3,0.28,0.99,0.64,2,0,0,0,0,36011.55,0
9117,15672082,Schatz,Gateway & Procurement Specialist - Air Logistics,10/05/2000,22/03/2019,,Blue Collar,Fixed Term,Full Time,Fixed,Active,Medium,Male,22,"3 Years, 8 Months",3,34051.07,1,0.49,0.88,0.58,1,0,0,1,0,35104.2,0
9118,15600280,Tao,Accountant,20/05/1977,13/04/2019,,White Collar,Fixed Term,Full Time,Fixed,Active,High,Female,45,"3 Years, 8 Months",3,32749.56,2,0.57,0.68,0.74,2,1,0,0,0,36388.4,0
9119,15804052,Scott,Cloud Service Analyst,23/01/1967,11/03/2008,,White Collar,Fixed Term,Full Time,Flex and Fixed,Active,Low,Male,56,"14 Years, 9 Months",14,56866.73,4,0.27,0.9,0.49,2,1,1,1,1,63185.25,0
9120,15576065,Sims,Trucking Specialist - Air Logistics,14/12/1991,04/02/2014,06/02/2014,Blue Collar,Fixed Term,Full Time,Fixed,Voluntarily Terminated,High,Female,31,"0 Years, 0 Months",0,29895.12,2,0.2,0.59,0.67,5,0,1,1,1,32494.7,1
9121,15796838,Chibugo,National Air Logistics Gateway Trade Lane Specialist,02/01/1968,02/07/2005,,White Collar,Fixed Term,Full Time,Fixed,Active,Low,Male,55,"17 Years, 5 Months",17,33502.51,4,0.2,0.76,0.71,2,0,1,0,0,36024.2,0
9122,15693526,Ku,Account Manager ,26/08/1986,13/01/2021,,White Collar,Fixed Term,Full Time,Fixed,Active,Medium,Female,36,"1  Years, 11 Months",1,37234.7,4,0.53,0.61,0.63,0,1,0,1,0,37234.7,0
9123,15748595,Stanton,Account Manager ,03/02/1977,22/09/2018,,White Collar,Fixed Term,Full Time,Fixed,Active,Medium,Female,46,"4 Years, 2 Months",4,30053.93,2,0.39,0.8,0.85,1,1,1,1,1,33026.3,0
9124,15679029,Kung,Warehouse Quality Control Specialist - Air Logistics,20/01/1999,09/05/2012,,Blue Collar,Fixed Term,Full Time,Fixed,Active,Low,Male,24,"10  Years, 7 Months",10,22474.03,4,0.1,0.62,0.49,8,0,0,0,0,27407.35,0
9125,15753639,Gibson,National Service Excellence Specialist- Air Logistics,07/06/1964,20/04/2012,,White Collar,Fixed Term,Full Time,Flex and Fixed,Active,High,Male,58,"10 Years, 7 Months",10,31147.61,4,0.67,0.63,0.46,1,0,0,0,0,33135.75,0
9126,15604138,Iheanacho,Analyst Programmer ,19/04/1956,11/11/1999,27/01/2021,White Collar,Fixed Term,Full Time,Flex and Fixed,Voluntarily Terminated,Low,Male,66,"21 Years, 2 Months",21,39829.02,2,0.28,0.81,0.97,5,1,0,0,0,59446.3,1
9127,15666095,Costa,National Air Logistics Pharma Compliance Specialist,20/07/1980,08/05/2013,03/04/2020,Blue Collar,Fixed Term,Full Time,Fixed,Voluntarily Terminated,Medium,Male,42,"6 Years, 10 Months",6,30310.69,3,0.41,0.64,0.91,6,0,1,0,1,32417.85,1
9128,15643487,Sal,Sales Account Manager,20/01/1988,02/03/2015,14/09/2022,White Collar,Fixed Term,Full Time,Fixed,Voluntarily Terminated,Medium,Male,35,"7 Years, 6 Months",7,33451.92,2,0.35,0.76,0.6,6,1,0,0,0,36360.78,1
9129,15764033,Lin,Accounting Coordinator,12/12/1961,03/04/2007,04/11/2017,White Collar,Fixed Term,Full Time,Fixed,Voluntarily Terminated,High,Female,61,"10 Years, 7 Months",10,32676.64,3,0.09,0.79,0.87,8,1,0,1,0,35908.4,1
9130,15747288,Ferri,Business Analyst,27/03/1990,05/09/2013,17/11/2020,White Collar,Fixed Term,Full Time,Flex and Fixed,Voluntarily Terminated,Medium,Female,32,"7 Years, 2 Months",7,41604.2,1,0.26,0.72,0.91,5,1,1,0,1,45718.9,1
9131,15790599,Yin,IT-Support,11/10/1988,04/04/2020,,White Collar,Fixed Term,Full Time,Fixed,Active,High,Female,34,"2 Years, 8 Months",2,37324.86,1,0.26,0.51,0.59,2,0,1,1,1,40570.5,0
9132,15737705,Avdeyeva,Accounting Coordinator,18/01/1970,31/12/1995,,White Collar,Fixed Term,Full Time,Fixed,Active,Medium,Female,53,"26 Years, 11 Months",26,35768.46,2,0.41,0.51,0.73,2,1,0,1,0,36874.7,0
9133,15737194,Tu,Inside Sales Executive/ Account Manager,18/02/1979,01/09/2013,,White Collar,Fixed Term,Full Time,Flex and Fixed,Active,Low,Female,44,"9 Years, 3 Months",9,30287.71,4,0.75,0.91,0.49,1,1,0,1,0,35632.6,0
9134,15726776,Donnelly,Sea Logistics Pricing Coordinator,15/04/1986,24/02/2016,,White Collar,Fixed Term,Full Time,Fixed,Active,Medium,Male,36,"6 Years, 9 Months",6,29738.88,3,0.15,0.69,0.63,1,0,1,1,1,34580.09,0
9135,15804357,Loggia,Gateway & Procurement Specialist - Air Logistics,17/11/1974,24/01/2012,,Blue Collar,Fixed Term,Full Time,Fixed,Active,High,Male,48,"10  Years, 10 Months",10,31197.78,3,0.36,0.91,0.66,2,0,1,1,1,34664.2,0
9136,15664432,Chao,Human Resoruces Coordinator,19/08/1988,12/02/2017,23/07/2018,White Collar,Fixed Term,Full Time,Fixed,Voluntarily Terminated,Low,Female,34,"1 Years, 5 Months",1,32750.59,1,0.26,0.67,0.84,6,0,0,1,0,34841.05,1
9137,15688984,Belonwu,Operations Specialist,16/02/2001,06/01/2016,,Blue Collar,Fixed Term,Full Time,Fixed,Active,High,Male,22,"6 Years, 11 Months",6,33828.11,3,0.25,0.98,0.62,3,0,0,1,0,35987.35,0
9138,15583026,Welch,National Air Logistics Gateway Trade Lane Specialist,23/08/1989,23/05/2022,,White Collar,Fixed Term,Full Time,Fixed,Active,Low,Female,33,"0 Years, 6 Months",0,32984.2,4,0.11,0.69,0.62,0,0,0,1,0,32984.2,0
9139,15771668,Henderson,BI Developer,13/06/1980,09/11/2008,27/06/2014,White Collar,Fixed Term,Full Time,Flex and Fixed,Voluntarily Terminated,Medium,Male,42,"5 Years, 7 Months",5,55223.35,3,0.2,0.96,0.74,5,1,0,0,0,59379.95,1
9140,15779904,Yobanna,National Perishable Air Logistics Development Manager Retail,10/05/1975,15/07/2018,,White Collar,Fixed Term,Full Time,Flex and Fixed,Active,Medium,Female,47,"4 Years, 5 Months",4,32337.67,2,0.26,0.69,0.68,2,1,1,1,1,36747.35,0
9141,15784323,Gallo,Aerospace International Logistics Specialist,29/01/1958,13/06/2004,,Blue Collar,Fixed Term,Full Time,Fixed,Active,High,Female,65,"18 Years, 6 Months",18,28832.84,1,0.42,0.65,0.68,2,0,0,0,0,36041.05,0
9142,15756277,Wilson,Operations Specialist,01/05/1988,09/09/2016,,Blue Collar,Fixed Term,Full Time,Fixed,Active,Low,Female,34,"6 Years, 3 Months",6,30966.48,2,0.71,0.7,0.75,2,0,0,1,0,35593.65,0
9143,15663312,Marino,Human Resoruces Coordinator,16/02/1967,21/11/2013,,White Collar,Fixed Term,Full Time,Fixed,Active,Medium,Female,56,"9 Years, 0 Months",9,29679.85,3,0.49,0.48,0.94,2,0,0,1,0,31743.15,0
9144,15793197,Bailey,Transport Controller,14/09/1986,28/10/2020,,Blue Collar,Fixed Term,Full Time,Fixed,Active,High,Female,36,"2 Years, 1 Months",2,24431.89,1,0.88,0.48,0.51,1,0,0,0,0,24930.5,0
9145,15731463,Gboliwe,National Air Logistics Gateway Trade Lane Specialist,09/01/1989,20/07/2018,,White Collar,Fixed Term,Full Time,Fixed,Active,High,Male,34,"4 Years, 4 Months",4,32328.72,4,0.98,0.8,0.89,2,0,1,1,1,33675.75,0
9146,15621768,Chukwuhaenye,Sales Specialist-Air Logitics ,22/11/2003,15/08/2022,,Blue Collar,Fixed Term,Full Time,Fixed,Active,Medium,Male,19,"0 Years, 4 Months",0,36134.7,2,0.24,0.72,0.97,0,0,0,0,0,36134.7,0
9147,15691323,Bianchi,Perishable Customer Care Team Leader - Air Logistics,23/07/1958,09/02/2011,,White Collar,Fixed Term,Full Time,Fixed,Active,Low,Male,64,"11  Years, 10 Months",11,38802.35,3,0.59,0.91,0.71,1,0,0,1,0,42639.95,0
9148,15781326,Ford,Business Development Manager,07/09/1987,09/01/2012,,White Collar,Fixed Term,Full Time,Flex and Fixed,Active,High,Male,35,"10  Years, 11 Months",10,42214.46,1,0.12,0.74,0.54,2,1,0,0,0,51481.05,0
9149,15595640,Rizzo,Perishable Customer Care Team Leader - Air Logistics,08/05/1997,27/06/2015,,White Collar,Fixed Term,Full Time,Fixed,Active,High,Male,25,"7 Years, 5 Months",7,34968.38,2,0.26,0.56,0.56,3,0,0,0,0,39736.8,0
9150,15814331,Lung,Project Coordinator,13/04/1970,19/06/1991,,White Collar,Fixed Term,Full Time,Fixed,Active,Medium,Female,52,"31 Years, 5 Months",31,34208.31,4,0.3,0.56,0.41,3,0,0,1,0,36704.2,0
9151,15602030,Ramirez,Sea Logistics Pricing Coordinator,19/05/1981,16/02/2016,,White Collar,Fixed Term,Full Time,Fixed,Active,High,Male,41,"6 Years, 10 Months",6,32647.66,3,0.12,0.88,0.55,1,0,1,1,1,34731.55,0
9152,15747974,Sabbatini,Perishable Warehouse Specialist - Air Logistics,07/11/1999,05/11/2015,,Blue Collar,Fixed Term,Full Time,Fixed,Active,High,Male,23,"7 Years, 1 Months",7,27607.07,4,0.26,0.86,0.9,1,0,0,1,0,32478.9,0
9153,15611315,Ts'ao,Trucking Team Leader- Air Logistics,03/03/1988,11/05/2021,,White Collar,Fixed Term,Full Time,Fixed,Active,Medium,Female,35,"1  Years, 7 Months",1,41837.85,4,0.89,0.66,0.84,0,0,0,1,0,41837.85,0
9154,15636977,Trevisan,Trucking Specialist - Air Logistics,04/09/1999,03/06/2015,22/11/2019,Blue Collar,Fixed Term,Full Time,Fixed,Voluntarily Terminated,Low,Male,23,"4 Years, 5 Months",4,34144.67,3,0.22,0.41,0.45,5,0,0,1,0,36714.7,1
9155,15690337,Chinwenma,Senior DevOps Engineer,25/12/1986,16/02/2018,,White Collar,Fixed Term,Full Time,Flex and Fixed,Active,High,Female,36,"4 Years, 10 Months",4,64346.19,4,0.23,0.68,0.83,2,1,0,1,0,69189.45,0
9156,15680666,Berry,Business Development Executive,26/07/1958,15/06/2002,,White Collar,Fixed Term,Full Time,Flex and Fixed,Active,Medium,Female,64,"20 Years, 6 Months",20,30991.82,4,0.15,0.59,0.47,1,0,0,1,0,43044.2,0
9157,15679551,Colombo,Inventory Clerk,11/11/2003,28/02/2021,21/10/2022,Blue Collar,Fixed Term,Full Time,Fixed,Voluntarily Terminated,Medium,Female,19,"1  Years, 9 Months",1,24596.97,2,0.26,0.52,0.78,5,0,1,1,1,25891.55,1
9158,15778915,Harris,Aerospace International Logistics Specialist,28/06/1983,23/11/2020,,Blue Collar,Fixed Term,Full Time,Fixed,Active,Medium,Female,39,"2 Years, 0 Months",2,32522.91,2,0.45,0.54,0.54,1,0,1,0,1,36957.85,0
9159,15568849,Bryan,Data Engineer,12/06/1964,09/10/1985,,White Collar,Fixed Term,Full Time,Flex and Fixed,Active,Low,Female,58,"37 Years, 2 Months",37,63332.19,3,0.86,0.44,0.67,1,1,1,1,1,71968.4,0
9160,15747762,Chigozie,Perishable Customer Care Team Leader - Air Logistics,07/12/1974,20/11/2016,,White Collar,Fixed Term,Full Time,Fixed,Active,Low,Male,48,"6 Years, 0 Months",6,35626.94,3,0.24,0.75,0.64,1,0,0,0,0,40950.5,0
9161,15753679,Mullawirraburka,Aerospace International Logistics Specialist,30/06/1980,06/02/2018,,Blue Collar,Fixed Term,Full Time,Fixed,Active,Low,Male,42,"4 Years, 10 Months",4,32717.81,2,0.28,0.53,0.94,3,0,1,1,1,34081.05,0
9162,15750049,Steele,National Air Logistics Pharma Compliance Specialist,25/09/1994,25/12/2013,,Blue Collar,Fixed Term,Full Time,Fixed,Active,Low,Male,28,"8 Years, 11 Months",8,30213.61,4,0.45,0.76,0.46,2,0,0,0,0,34333.65,0
9163,15606097,Zakharov,Senior DevOps Engineer,18/02/1964,13/12/2006,20/05/2016,White Collar,Fixed Term,Full Time,Flex and Fixed,Voluntarily Terminated,Medium,Male,59,"9 Years, 5 Months",9,65164.41,3,0.24,0.52,0.59,5,1,1,1,1,69918.9,1
9164,15802368,Ch'eng,Accountant,25/05/1979,19/04/2019,,White Collar,Fixed Term,Full Time,Fixed,Active,Low,Female,43,"3 Years, 7 Months",3,34523.8,4,0.28,0.79,0.83,1,1,1,1,1,35591.55,0
9165,15767488,Berry,National Service Excellence Specialist- Air Logistics,12/04/1974,27/12/2015,,White Collar,Fixed Term,Full Time,Flex and Fixed,Active,Medium,Male,48,"6 Years, 11 Months",6,32773.34,3,0.24,0.5,0.77,2,0,0,1,0,34865.25,0
9166,15669946,Jen,Aerospace International Logistics Specialist,19/03/1994,19/03/2017,,Blue Collar,Fixed Term,Full Time,Fixed,Active,Low,Female,28,"5 Years, 8 Months",5,30168.03,3,0.1,0.89,0.65,1,0,1,1,1,32093.65,0
9167,15612103,Wang,Customer Care Specialist-Key Accounts,15/08/1955,12/02/2015,01/01/2022,White Collar,Fixed Term,Full Time,Fixed,Voluntarily Terminated,Low,Female,67,"6 Years, 10 Months",6,32692.17,2,0.28,0.84,0.52,6,0,1,1,1,34778.9,1
9168,15645353,Chubb,Gateway & Procurement Team Leader- Air Logistics,24/02/1979,17/05/2018,,White Collar,Fixed Term,Full Time,Fixed,Active,Medium,Male,44,"4 Years, 7 Months",4,39113.42,1,0.84,0.68,0.47,3,0,0,1,0,40743.15,0
9169,15650018,Chen,Warehouse Specialist - Air Logistics,30/10/1984,17/06/2013,,Blue Collar,Fixed Term,Full Time,Fixed,Active,Medium,Female,38,"9 Years, 6 Months",9,22763.96,1,0.27,0.57,0.96,3,0,0,0,0,27099.95,0
9170,15659002,Mazzanti,Apprentice,06/06/2002,15/11/2020,,Blue Collar,Apprentice,Full Time,Fixed,Active,Medium,Female,20,"2  Years, 1 Months",2,21381.05,3,0.85,0.62,0.99,0,0,0,1,0,21381.05,0
9171,15616028,T'ao,Analyst Programmer ,05/10/1956,07/04/2006,,White Collar,Fixed Term,Full Time,Flex and Fixed,Active,Low,Male,66,"16  Years, 8 Months",16,46822.47,1,0.89,0.94,0.62,1,1,1,0,0,60808.4,0
9172,15660475,Ndubueze,National Perishable Air Logistics Development Manager Retail,16/10/1984,08/03/2015,,White Collar,Fixed Term,Full Time,Flex and Fixed,Active,High,Female,38,"7 Years, 9 Months",7,29774.01,3,0.11,0.73,0.58,3,1,1,0,1,35445.25,0
9173,15652615,Ferri,Customer Servce Administrative Officer,16/08/1983,19/09/2021,,Blue Collar,Fixed Term,Full Time,Fixed,Active,High,Male,39,"1  Years, 2 Months",1,35767.35,3,0.08,0.78,0.43,0,0,1,1,1,35767.35,0
9174,15653572,Thornton,Inventory Clerk,22/11/2001,03/09/2018,03/04/2020,Blue Collar,Fixed Term,Full Time,Fixed,Voluntarily Terminated,Medium,Male,21,"1 Years, 7 Months",1,26096.18,2,0.26,0.82,0.75,7,0,1,0,1,28995.75,1
9175,15628059,DeRose,Network Engineer,26/08/1989,22/12/2013,,White Collar,Fixed Term,Full Time,Flex and Fixed,Active,Medium,Male,33,"8 Years, 11 Months",8,61308.11,3,0.29,0.62,0.75,2,1,1,1,1,67371.55,0
9176,15703413,Montes,Perishable Apprentice- Air Logistics,11/12/2001,09/09/2022,,Blue Collar,Apprentice,Full Time,Fixed,Active,Low,Female,21,"0 Years, 3 Months",0,22259.95,4,0.5,0.64,0.99,0,0,0,1,0,22259.95,0
9177,15610433,Kwemto,Finance Analyst,28/05/1977,21/11/2015,,White Collar,Fixed Term,Full Time,Flex and Fixed,Active,Low,Male,45,"7 Years, 0 Months",7,40747.06,1,0.37,0.6,0.52,3,1,0,1,0,48508.4,0
9178,15770548,Lucchese,Technical Support Engineer,08/07/1992,10/08/2016,,White Collar,Fixed Term,Full Time,Flex and Fixed,Active,Low,Female,30,"6 Years, 4 Months",6,56964.99,3,0.11,0.75,0.56,3,1,0,1,0,60601.05,0
9179,15645637,Huggins,Gateway & Procurement Specialist - Air Logistics,18/03/1997,17/02/2021,,Blue Collar,Fixed Term,Full Time,Fixed,Active,Medium,Female,25,"1  Years, 10 Months",1,32199.95,4,0.97,0.49,0.73,0,0,1,1,1,32199.95,0
9180,15590888,Wade,Transport Controller,11/01/1962,19/08/1995,,Blue Collar,Fixed Term,Full Time,Fixed,Active,Low,Female,61,"27 Years, 3 Months",27,24760.99,3,0.75,0.84,0.58,3,0,0,0,0,26064.2,0
9181,15568326,Kenenna,Software Engineer,23/09/1964,26/10/2021,,White Collar,Fixed Term,Full Time,Flex and Fixed,Active,High,Female,58,"1  Years, 1 Months",1,66462.29,3,0.66,0.48,0.96,1,1,0,1,0,69231.55,0
9182,15655368,Wheeler,Warehouse Quality Control Specialist - Air Logistics,26/10/1961,13/06/1985,,Blue Collar,Fixed Term,Full Time,Fixed,Active,Low,Male,61,"37 Years, 6 Months",37,22578.76,4,0.3,0.54,0.53,4,0,0,0,0,25952.6,0
9183,15665579,Cartwright,IT-Support,05/03/1962,19/03/2008,,White Collar,Fixed Term,Full Time,Fixed,Active,Medium,Female,61,"14 Years, 8 Months",14,35154.96,4,0.29,0.76,0.99,2,0,0,1,0,39499.95,0
9184,15676091,Iloerika,Accounts Payable,15/05/1999,06/01/2017,,White Collar,Fixed Term,Full Time,Fixed,Active,Low,Male,23,"5 Years, 11 Months",5,33345.49,1,0.43,0.77,0.84,2,1,1,1,0,37892.6,0
9185,15716984,Palermo,Aerospace International Logistics Specialist,06/09/1999,04/01/2016,,Blue Collar,Fixed Term,Full Time,Fixed,Active,High,Female,23,"6 Years, 11 Months",6,31131.05,3,0.3,0.95,0.97,1,0,0,1,0,36198.9,0
9186,15715078,Nkemakolam,Trucking Team Leader- Air Logistics,07/03/1955,30/01/2013,,White Collar,Fixed Term,Full Time,Fixed,Active,High,Male,68,"9 Years, 10 Months",9,36141.21,3,0.28,0.72,0.83,1,0,1,1,1,43025.25,0
9187,15569452,Butler,Trucking Team Leader- Air Logistics,24/02/1971,02/08/2016,,White Collar,Fixed Term,Full Time,Fixed,Active,Low,Female,52,"6 Years, 4 Months",6,35396.09,2,0.23,0.74,0.67,2,0,1,0,1,38896.8,0
9188,15628863,Calabresi,Sales Account Manager,20/03/1973,02/08/2020,,White Collar,Fixed Term,Full Time,Fixed,Active,Medium,Male,49,"2 Years, 4 Months",2,35020.01,2,0.11,0.9,0.55,2,1,1,1,1,35734.7,0
9189,15778192,Nkemdilim,Network Engineer,04/10/1981,19/03/2012,,White Collar,Fixed Term,Full Time,Flex and Fixed,Active,Low,Male,41,"10  Years, 8 Months",10,54538.56,1,0.79,0.67,0.55,2,1,1,1,1,67331.55,0
9190,15793723,Ch'iu,Sales Specialist-Air Logitics ,26/08/2001,28/01/2006,,Blue Collar,Fixed Term,Full Time,Fixed,Active,Medium,Male,21,"16  Years, 10 Months",16,25694.38,1,0.29,0.97,0.55,1,0,0,1,0,33808.4,0
9191,15798943,Alexander,Accounting Coordinator,11/10/1981,25/04/2015,,White Collar,Fixed Term,Full Time,Fixed,Active,Low,Female,41,"7 Years, 7 Months",7,30688.13,1,0.6,0.55,0.59,2,1,0,1,0,34481.05,0
9192,15764708,Chiabuotu,Warehouse Quality Control Specialist - Air Logistics,18/09/1974,30/06/2019,,Blue Collar,Fixed Term,Full Time,Fixed,Active,Medium,Male,48,"3 Years, 5 Months",3,23725.13,3,0.97,0.61,0.95,2,0,0,1,0,24458.9,0
9193,15791040,Vasilyeva,National Service Excellence Specialist- Air Logistics,13/01/1981,12/08/2013,,White Collar,Fixed Term,Full Time,Flex and Fixed,Active,Medium,Male,42,"9 Years, 4 Months",9,28004.36,4,0.36,0.4,0.42,1,0,1,1,1,32946.3,0
9194,15631512,Schneider,Analyst Programmer ,02/12/1985,11/07/2018,,White Collar,Fixed Term,Full Time,Flex and Fixed,Active,High,Female,37,"4 Years, 5 Months",4,56233.73,3,0.72,0.66,0.54,3,1,0,1,0,58576.8,0
9195,15640106,Mason,BI Developer,06/06/1979,25/05/2013,,White Collar,Fixed Term,Full Time,Flex and Fixed,Active,Low,Male,43,"9 Years, 6 Months",9,49464.47,3,0.09,0.7,0.77,2,1,0,0,0,59595.75,0
9196,15710315,Chukwukadibia,Senior DevOps Engineer,18/10/1965,20/03/1998,03/08/2022,White Collar,Fixed Term,Full Time,Flex and Fixed,Voluntarily Terminated,High,Male,57,"24 Years, 4 Months",24,64088.17,2,0.15,0.69,0.89,6,1,0,0,0,69661.05,1
9197,15771535,Tsui,IT-Support,04/09/1980,09/06/2017,,White Collar,Fixed Term,Full Time,Fixed,Active,High,Female,42,"5 Years, 6 Months",5,36551.81,3,0.26,0.72,0.57,1,0,0,1,0,41069.45,0
9198,15611947,Banks,Analyst Programmer ,21/09/1982,24/10/2016,,White Collar,Fixed Term,Full Time,Flex and Fixed,Active,Low,Male,40,"6 Years, 1 Months",6,49446.71,4,0.2,0.62,0.65,1,1,0,1,0,58172.6,0
9199,15670266,Shih,Project Coordinator,19/08/1989,05/02/2013,,White Collar,Fixed Term,Full Time,Fixed,Active,Low,Female,33,"9 Years, 10 Months",9,26310.77,3,0.17,0.91,0.9,3,0,1,1,1,32086.3,0
9200,15609083,Tretiakova,Pricing Analyst,03/02/1985,06/08/2009,06/12/2020,White Collar,Fixed Term,Full Time,Flex and Fixed,Voluntarily Terminated,High,Female,38,"11 Years, 4 Months",11,46613.7,3,0.3,0.72,0.71,5,1,0,1,0,50014.7,1
9201,15567923,Barese,Sales Account Manager,20/06/1979,25/01/2015,,White Collar,Fixed Term,Full Time,Fixed,Active,Medium,Female,43,"7 Years, 10 Months",7,30229.88,1,0.66,0.96,0.72,1,1,0,0,0,32505.25,0
9202,15788183,Longo,Customer Brokerage Specialist,21/08/1968,07/05/1991,,Blue Collar,Fixed Term,Full Time,Fixed,Active,Medium,Female,54,"31 Years, 7 Months",31,33620.66,2,0.12,1,0.89,1,1,0,1,0,36544.2,0
9203,15735782,MacDonald,Network Engineer,10/10/1980,19/06/2019,,White Collar,Fixed Term,Full Time,Flex and Fixed,Active,Low,Male,42,"3 Years, 5 Months",3,60273.49,4,0.3,0.63,0.51,1,1,0,1,0,68492.6,0
9204,15774401,Chambers,BI Developer,03/08/1986,11/02/2009,10/10/2016,White Collar,Fixed Term,Full Time,Flex and Fixed,Voluntarily Terminated,Medium,Male,36,"7 Years, 7 Months",7,59929.66,1,0.26,0.24,0.74,5,1,0,0,0,61783.15,1
9205,15737971,Cowen,Software Engineer,23/10/1966,26/10/1997,,White Collar,Fixed Term,Full Time,Flex and Fixed,Active,Low,Female,56,"25 Years, 1 Months",25,56014.04,3,0.74,0.44,0.38,11,1,0,1,0,65132.6,0
9206,15758750,Iweobiegbunam,Business Development Executive,04/02/1985,17/05/2012,,White Collar,Fixed Term,Full Time,Flex and Fixed,Active,High,Male,38,"10  Years, 7 Months",10,33034.08,2,0.71,0.92,0.57,3,0,1,1,1,41292.6,0
9207,15611767,Mai,Sales Account Manager,29/07/1993,15/08/2013,13/05/2018,White Collar,Fixed Term,Full Time,Fixed,Voluntarily Terminated,Medium,Female,29,"4 Years, 8 Months",4,29550.28,3,0.23,0.51,0.51,6,1,0,0,0,35178.9,1
9208,15643770,Yu,Project Manager,06/05/1959,02/07/2011,07/03/2022,White Collar,Fixed Term,Full Time,Flex and Fixed,Terminated for Cause,High,Female,63,"10 Years, 8 Months",10,35217.32,1,0.37,0.77,0.71,4,1,0,1,0,42430.5,1
9209,15744717,Duffy,Pricing Analyst,22/11/1989,23/06/2015,,White Collar,Fixed Term,Full Time,Flex and Fixed,Active,Medium,Female,33,"7 Years, 5 Months",7,45219.43,3,0.26,0.8,0.97,2,1,1,1,1,49151.55,0
9210,15570681,Chiang,Warehouse Quality Control Specialist - Air Logistics,13/03/1974,10/08/2014,,Blue Collar,Fixed Term,Full Time,Fixed,Active,High,Male,48,"8 Years, 4 Months",8,22622.74,4,0.23,0.84,0.46,3,0,0,1,0,26003.15,0
9211,15792650,Watts,Sea Logistics Pricing Coordinator,27/06/1998,11/05/2018,02/09/2022,White Collar,Fixed Term,Full Time,Fixed,Voluntarily Terminated,Low,Male,24,"4 Years, 3 Months",4,31578.13,1,0.25,0.91,0.88,4,0,1,1,1,35481.05,1
9212,15605531,Daly,Project Coordinator,15/06/1955,06/10/2020,,White Collar,Fixed Term,Full Time,Fixed,Active,Low,Female,67,"2 Years, 2 Months",2,35131.23,3,0.82,0.64,0.61,1,0,0,1,0,37373.65,0
9213,15605339,Baker,Internal Trainer,12/12/1958,03/11/1993,,White Collar,Fixed Term,Full Time,Fixed,Active,Medium,Female,64,"29 Years, 1 Months",29,24746.2,1,0.14,0.75,0.59,2,0,1,1,0,33898.9,0
9214,15672216,Uvarov,Human Resoruces Coordinator,19/11/1996,30/05/2020,,White Collar,Fixed Term,Full Time,Fixed,Active,High,Female,26,"2 Years, 6 Months",2,31504.92,1,0.14,0.74,0.58,2,0,0,0,0,35801.05,0
9215,15812893,Costa,Trucking Team Leader- Air Logistics,16/12/1959,07/10/1983,09/02/2021,White Collar,Fixed Term,Full Time,Fixed,Voluntarily Terminated,Medium,Female,63,"37 Years, 4 Months",37,38358.96,2,0.19,0.94,0.78,5,0,1,1,1,43099.95,1
9216,15624180,Genovesi,National Perishable Air Logistics Development Manager Retail,15/01/1982,04/02/2009,15/04/2022,White Collar,Fixed Term,Full Time,Flex and Fixed,Terminated for Cause,High,Female,41,"13 Years, 2 Months",13,31827.34,2,0.22,0.57,0.58,5,1,1,1,1,36583.15,1
9217,15701364,Doherty,Human Resoruces Coordinator,31/05/2000,26/01/2022,,White Collar,Fixed Term,Full Time,Fixed,Active,High,Male,22,"0 Years, 10 Months",0,33777.85,3,0.49,0.92,0.63,0,0,1,1,1,33777.85,0
9218,15762588,Kaleski,Human Resoruces Coordinator,31/05/2000,06/08/2014,,White Collar,Fixed Term,Full Time,Fixed,Active,High,Male,22,"8 Years, 4 Months",8,29498.52,1,0.19,0.76,0.54,2,0,1,1,1,33521.05,0
9219,15806318,Wright,Warehouse Specialist - Air Logistics,26/10/1998,24/04/2017,18/12/2018,Blue Collar,Fixed Term,Full Time,Fixed,Voluntarily Terminated,Medium,Female,24,"1 Years, 7 Months",1,23451.62,1,0.25,0.73,0.92,4,0,0,1,0,25216.8,1
9220,15712596,Huang,Trucking Team Leader- Air Logistics,27/08/1958,09/03/2012,,White Collar,Fixed Term,Full Time,Fixed,Active,Medium,Male,64,"10 Years, 9 Months",10,32334.73,1,0.26,0.73,0.6,2,0,0,1,0,39432.6,0
9221,15600399,Trentino,Data Engineer,18/10/1983,22/11/2011,04/07/2016,White Collar,Fixed Term,Full Time,Flex and Fixed,Voluntarily Terminated,Medium,Male,39,"4 Years, 7 Months",4,63581.71,2,0.54,0.42,0.47,5,1,0,1,0,71440.12,1
9222,15576216,Chienezie,Inside Sales Executive/ Account Manager,04/02/1986,12/02/2017,16/12/2020,White Collar,Fixed Term,Full Time,Flex and Fixed,Voluntarily Terminated,Low,Female,37,"3 Years, 10 Months",3,32983.18,3,0.27,0.92,0.82,4,1,0,1,0,36245.25,1
9223,15620750,Sugden,Sea Logistics Pricing Coordinator,25/03/1959,29/12/2004,,White Collar,Fixed Term,Full Time,Fixed,Active,Low,Male,63,"17 Years, 11 Months",17,25133.24,3,0.98,0.92,0.94,4,0,1,1,1,32222.1,0
9224,15623489,Tu,Gateway & Procurement Specialist - Air Logistics,12/12/2000,22/12/2018,,Blue Collar,Fixed Term,Full Time,Fixed,Active,Medium,Female,22,"3 Years, 11 Months",3,31730.91,4,0.89,0.68,0.55,1,0,1,1,1,36057.85,0
9225,15667944,Onuchukwu,Business Development Executive,28/04/1958,23/06/2019,,White Collar,Fixed Term,Full Time,Flex and Fixed,Active,High,Male,64,"3 Years, 5 Months",3,38636.28,1,0.85,0.49,0.86,2,0,1,0,1,43411.55,0
9226,15584928,Ugochukwutubelum,Accountant,04/04/2001,07/07/2013,,White Collar,Fixed Term,Full Time,Fixed,Active,Low,Female,21,"9 Years, 5 Months",9,30553.93,4,0.29,0.57,0.98,1,1,1,1,1,33575.75,0
9227,15779913,Davidson,Finance Analyst,11/08/1987,15/12/2014,,White Collar,Fixed Term,Full Time,Flex and Fixed,Active,Medium,Male,35,"8 Years, 0 Months",8,47466.18,3,0.95,0.59,0.66,1,1,1,1,1,51038.9,0
9228,15644977,Goddard,National Perishable Air Logistics Development Manager Seafood,07/02/1976,13/01/2012,,White Collar,Fixed Term,Full Time,Flex and Fixed,Active,Low,Female,47,"10  Years, 11 Months",10,28372.25,4,0.8,0.71,0.81,3,1,0,1,0,34600.3,0
9229,15749679,Beck,Aerospace International Logistics Specialist,29/04/1976,13/02/2020,,Blue Collar,Fixed Term,Full Time,Fixed,Active,High,Male,46,"2 Years, 10 Months",2,32847.49,3,0.3,0.91,0.49,1,0,1,1,1,33517.85,0
9230,15629010,Beam,Perishable Warehouse Specialist - Air Logistics,29/08/1988,13/08/2015,,Blue Collar,Fixed Term,Full Time,Fixed,Active,High,Female,34,"7 Years, 4 Months",7,29012.09,2,0.66,0.83,0.91,1,0,1,1,1,32597.85,0
9231,15768465,Sheppard,Software Engineer,11/07/1978,27/02/2016,,White Collar,Fixed Term,Full Time,Flex and Fixed,Active,Low,Male,44,"6 Years, 9 Months",6,66728.11,1,0.3,0.87,0.76,1,1,1,1,1,70987.35,0
9232,15767781,Godfrey,Gateway & Procurement Team Leader- Air Logistics,05/04/1997,16/12/2014,,White Collar,Fixed Term,Full Time,Fixed,Active,High,Male,25,"8 Years, 0 Months",8,32246.26,2,0.74,0.71,0.8,3,0,0,1,0,38388.4,0
9233,15635364,Gray,Accountant,23/09/1976,19/11/2013,,White Collar,Fixed Term,Full Time,Fixed,Active,Low,Female,46,"9 Years, 0 Months",9,31058.96,4,0.15,0.88,0.5,1,1,1,1,1,35699.95,0
9234,15722004,Hsiung,Senior DevOps Engineer,26/01/1965,15/09/2017,,White Collar,Fixed Term,Full Time,Flex and Fixed,Active,High,Female,58,"5 Years, 3 Months",5,60555.74,4,0.49,0.63,0.94,1,1,0,0,0,70413.65,0
9235,15766044,Cameron,Software Engineer,19/11/1969,27/04/2010,03/10/2022,White Collar,Fixed Term,Full Time,Flex and Fixed,Voluntarily Terminated,Medium,Male,53,"12 Years, 5 Months",12,63258.38,1,0.25,0.99,0.58,5,1,0,1,0,69514.7,1
9236,15586680,Fleming,Operations Specialist,17/02/1975,03/11/2016,,Blue Collar,Fixed Term,Full Time,Fixed,Active,High,Male,48,"6 Years, 1 Months",6,29496.42,3,0.29,0.99,0.81,2,0,0,1,0,32413.65,0
9237,15635388,Austin,National Air Logistics Gateway Trade Lane Specialist,05/07/1979,25/03/2014,,White Collar,Fixed Term,Full Time,Fixed,Active,Medium,Male,43,"8 Years, 8 Months",8,28938.94,1,0.3,0.77,0.53,2,0,0,1,0,33263.15,0
9238,15655175,Wallace,Business Development Manager,10/08/1955,18/12/2021,20/04/2022,White Collar,Fixed Term,Full Time,Flex and Fixed,Voluntarily Terminated,Medium,Male,67,"1  Years, 0 Months",1,46953.86,1,0.52,0.64,0.69,5,1,0,1,0,51036.8,1
9239,15639133,Ku,Warehouse Quality Control Specialist - Air Logistics,29/01/1994,08/09/2022,,Blue Collar,Fixed Term,Full Time,Fixed,Active,Low,Female,29,"0 Years, 3 Months",0,24360.78,2,0.16,0.61,1,0,0,0,1,0,24360.78,0
9240,15799653,Fiorentino,Regional Air logistics Trainer Specialist,28/08/1999,27/11/2017,,White Collar,Fixed Term,Full Time,Fixed,Active,High,Female,23,"5 Years, 0 Months",5,31938.62,3,0.92,0.71,0.82,2,0,1,1,0,35487.35,0
9241,15723872,Buccho,IT-Support,13/06/1987,26/01/2017,,White Collar,Fixed Term,Full Time,Fixed,Active,Low,Female,35,"5 Years, 10 Months",5,38421.69,2,0.48,0.19,1,2,0,1,0,1,41313.65,0
9242,15775627,Gordon,Aerospace International Logistics Specialist,09/05/1984,23/06/2020,,Blue Collar,Fixed Term,Full Time,Fixed,Active,Medium,Male,38,"2 Years, 5 Months",2,28815.35,4,0.56,0.96,0.87,2,0,1,0,1,32376.8,0
9243,15630704,Haworth,Accounts Payable,21/01/2000,29/04/2022,,White Collar,Fixed Term,Full Time,Fixed,Active,Low,Male,23,"0 Years, 7 Months",0,32360.78,1,0.43,0.8,0.62,0,1,0,1,0,32360.78,0
9244,15815534,Guidry,Forklift Operator,03/02/2003,23/05/2020,,Blue Collar,Fixed Term,Full Time,Fixed,Active,Medium,Male,20,"2 Years, 6 Months",2,24789.12,3,0.51,0.14,0.63,1,0,1,1,1,28169.45,0
9245,15697249,Lettiere,Project Manager,22/04/1992,22/04/2021,,White Collar,Fixed Term,Full Time,Flex and Fixed,Active,Low,Female,30,"1  Years, 7 Months",1,42855.41,1,0.11,0.15,0.69,1,1,0,1,0,44641.05,0
9246,15681316,Tai,Aerospace International Logistics Specialist,24/04/1982,15/08/1995,,Blue Collar,Fixed Term,Full Time,Fixed,Active,Medium,Female,40,"27 Years, 4 Months",27,32877.37,4,0.24,0.52,0.82,1,0,0,1,0,36940.87,0
9247,15682523,Chigozie,Warehouse Specialist - Air Logistics,30/01/1989,17/11/2021,,Blue Collar,Fixed Term,Full Time,Fixed,Active,High,Male,34,"1  Years, 1 Months",1,23745.39,3,0.91,0.27,0.55,1,0,1,1,0,25261.05,0
9248,15650244,Bezrukov,Perishable Operational Care Specialist - Air Logistics,15/02/1991,26/08/2019,,Blue Collar,Fixed Term,Full Time,Fixed,Active,Medium,Male,32,"3 Years, 3 Months",3,34808.69,4,0.21,0.97,0.96,2,0,0,1,0,35885.25,0
9249,15648638,Chia,Inside Sales Executive/ Account Manager,07/12/1997,03/07/2018,,White Collar,Fixed Term,Full Time,Flex and Fixed,Active,Low,Male,25,"4 Years, 5 Months",4,33473.12,3,0.83,0.52,0.93,5,1,0,1,0,35992.6,0
9250,15795747,Sheppard,Software Engineer,02/10/1984,10/09/2018,,White Collar,Fixed Term,Full Time,Flex and Fixed,Active,Medium,Female,38,"4 Years, 3 Months",4,67628.45,2,0.84,0.98,0.89,2,1,1,0,1,70446.3,0
9251,15607330,Vasilyev,Network Engineer,25/07/1968,13/07/1996,,White Collar,Fixed Term,Full Time,Flex and Fixed,Active,Medium,Male,54,"26 Years, 5 Months",26,62391.96,2,0.29,0.96,0.95,2,1,1,0,1,70899.95,0
9252,15624013,Maxwell,Inside Sales Executive/ Account Manager,03/07/1994,19/08/2012,,White Collar,Fixed Term,Full Time,Flex and Fixed,Active,Low,Female,28,"10  Years, 3 Months",10,29564.11,4,0.29,0.28,0.92,2,1,0,1,0,36498.9,0
9253,15800805,Maher,Project Manager,08/06/1984,03/10/2013,,White Collar,Fixed Term,Full Time,Flex and Fixed,Active,Medium,Female,38,"9 Years, 2 Months",9,34527.53,1,0.26,0.65,0.55,2,1,1,0,1,41104.2,0
9254,15667321,Cocci,BI Developer,23/06/1964,13/07/1983,,White Collar,Fixed Term,Full Time,Flex and Fixed,Active,Medium,Male,58,"39 Years, 5 Months",39,59185.4,2,0.18,0.59,0.63,3,1,1,1,1,65038.9,0
9255,15601116,P'an,Customer Brokerage Specialist,21/03/1970,20/06/1986,,Blue Collar,Fixed Term,Full Time,Fixed,Active,Medium,Male,52,"36 Years, 5 Months",36,31526.99,2,0.87,0.64,0.48,3,1,1,1,1,33186.3,0
9256,15622033,Rapuluchukwu,National Air Logistics Pharma Compliance Specialist,29/11/1970,13/09/2013,07/03/2018,Blue Collar,Fixed Term,Full Time,Fixed,Voluntarily Terminated,Low,Female,52,"4 Years, 5 Months",4,31399.74,2,0.3,0.71,0.48,5,0,0,1,0,36940.87,1
9257,15758451,Azuka,Sales Specialist-Air Logitics ,06/06/2004,20/04/2022,,Blue Collar,Fixed Term,Full Time,Fixed,Active,Medium,Male,18,"0 Years, 7 Months",0,32434.7,2,0.2,0.83,0.84,0,0,0,1,0,32434.7,0
9258,15688689,Esposito,Sales Account Manager,29/11/1984,24/01/2016,,White Collar,Fixed Term,Full Time,Fixed,Active,High,Female,38,"6 Years, 10 Months",6,30799.74,4,0.11,0.95,0.94,1,1,1,1,1,35813.65,0
9259,15652674,Hou,Perishable Customer Care Team Leader - Air Logistics,29/12/1982,13/08/2015,,White Collar,Fixed Term,Full Time,Fixed,Active,Medium,Male,40,"7 Years, 4 Months",7,35305.81,3,0.15,0.73,0.49,2,0,1,1,1,39669.45,0
9260,15806327,Cyril,Inside Sales Executive/ Account Manager,13/01/1985,15/06/2020,,White Collar,Fixed Term,Full Time,Flex and Fixed,Active,Low,Female,38,"2 Years, 6 Months",2,30386.31,3,0.18,0.81,0.75,1,1,0,1,0,33391.55,0
9261,15649618,Tomlinson,Business Development Executive,05/04/1978,13/01/2012,,White Collar,Fixed Term,Full Time,Flex and Fixed,Active,Low,Female,44,"10  Years, 11 Months",10,34391.71,3,0.68,0.71,0.44,2,0,1,0,1,40460.83,0
9262,15677117,Crawford,Technical Support Engineer,14/10/1976,31/08/2021,,White Collar,Fixed Term,Full Time,Flex and Fixed,Active,Medium,Female,46,"1  Years, 3 Months",1,55081.98,4,0.28,0.8,0.56,1,1,1,1,1,58597.85,0
9263,15751445,Chikwado,Software Engineer,16/09/1976,27/11/2020,,White Collar,Fixed Term,Full Time,Flex and Fixed,Active,Low,Female,46,"2 Years, 0 Months",2,60026.18,3,0.22,0.85,0.53,1,1,1,0,1,66695.75,0
9264,15749669,Hargreaves,Revenue Care Specialist- Air Logistics,05/07/1964,16/08/1985,,White Collar,Fixed Term,Full Time,Fixed,Active,Low,Female,58,"37 Years, 4 Months",37,35930.96,2,0.28,0.41,0.7,4,1,1,1,1,41299.95,0
9265,15656351,Laidley,Network Engineer,20/12/1984,20/07/2004,,White Collar,Fixed Term,Full Time,Flex and Fixed,Active,Low,Male,38,"18 Years, 4 Months",18,61202.94,1,0.3,0.51,0.84,2,1,1,1,1,68767.35,0
9266,15667438,Ferguson,Operations Specialist,05/02/1965,28/01/1998,21/10/2013,Blue Collar,Fixed Term,Full Time,Fixed,Voluntarily Terminated,High,Female,58,"24  Years, 10 Months",24,31612.654,2,0.28,0.49,0.57,5,0,0,0,0,36758.9,1
9267,15682273,Burns,Data Analyst,26/05/1990,29/06/2022,,White Collar,Fixed Term,Full Time,Flex and Fixed,Active,Low,Female,32,"0 Years, 5 Months",0,46074.7,1,0.28,0.76,0.55,0,1,0,1,0,46074.7,0
9268,15580912,McNeill,Human Resoruces Coordinator,03/01/1983,23/01/2018,,White Collar,Fixed Term,Full Time,Fixed,Active,Medium,Male,40,"4 Years, 10 Months",4,35109.7,1,0.3,0.57,0.69,3,0,1,1,1,36572.6,0
9269,15785183,Chukwuebuka,Technical Support Engineer,09/11/1981,14/05/2012,,White Collar,Fixed Term,Full Time,Flex and Fixed,Active,Medium,Male,41,"10  Years, 7 Months",10,50031.19,3,0.84,0.54,0.48,10,1,1,1,1,61013.65,0
9270,15705383,Shen,Customer Servce Administrative Officer,23/03/1997,12/09/2017,,Blue Collar,Fixed Term,Full Time,Fixed,Active,Medium,Male,25,"5 Years, 3 Months",5,33768.99,4,0.26,0.68,0.74,1,0,1,1,1,35546.3,0
9271,15712903,Diaz,Aerospace International Logistics Specialist,15/04/1968,21/07/2011,,Blue Collar,Fixed Term,Full Time,Fixed,Active,High,Female,54,"11 Years, 4 Months",11,29997.01,4,0.18,0.7,0.5,1,0,1,1,0,34880.24,0
9272,15774285,Kentish,Inside Sales Executive/ Account Manager,16/02/1975,10/06/2013,,White Collar,Fixed Term,Full Time,Flex and Fixed,Active,Medium,Female,48,"9 Years, 6 Months",9,30539.74,1,0.83,0.77,0.87,4,1,1,1,1,35103.15,0
9273,15583138,Persse,Stock Investigator & Analyst,11/01/1967,14/03/2012,,White Collar,Fixed Term,Full Time,Flex and Fixed,Active,Medium,Male,56,"10 Years, 9 Months",10,43361.96,2,0.12,0.95,0.51,2,1,0,1,0,48179.95,0
9274,15740160,Okwukwe,Accountant,15/04/1956,02/01/2005,,White Collar,Fixed Term,Full Time,Fixed,Active,Medium,Male,66,"17 Years, 11 Months",17,28635.01,2,0.08,0.5,0.64,1,1,1,1,1,36711.55,0
9275,15793425,Watt,Business Analyst,24/08/1986,30/05/2019,,White Collar,Fixed Term,Full Time,Flex and Fixed,Active,Low,Female,36,"3 Years, 6 Months",3,44910.19,4,0.29,0.99,0.53,2,1,1,0,1,47776.8,0
9276,15749265,Carslaw,Accounts Payable,30/09/1981,01/01/2020,,White Collar,Fixed Term,Full Time,Fixed,Active,High,Male,41,"2 Years, 11 Months",2,31381.56,3,0.81,0.94,0.51,2,1,1,1,1,34868.4,0
9277,15623989,Griffin,Trucking Specialist - Air Logistics,25/06/1981,29/09/2007,17/10/2014,Blue Collar,Fixed Term,Full Time,Fixed,Voluntarily Terminated,Medium,Male,41,"7 Years, 0 Months",7,31388.88,3,0.48,0.83,0.66,5,0,0,1,1,35268.4,1
9278,15604832,Hsia,Trucking Specialist - Air Logistics,04/05/2000,20/01/2018,,Blue Collar,Fixed Term,Full Time,Fixed,Active,Medium,Male,22,"4 Years, 10 Months",4,29985.19,2,0.51,0.64,0.81,3,0,1,1,1,32592.6,0
9279,15584580,Fyodorova,Sales Account Manager,09/01/1987,25/04/2017,,White Collar,Fixed Term,Full Time,Fixed,Active,High,Male,36,"5  Years, 7 Months",5,32644,1,0.76,0.16,0.73,1,1,0,0,0,34362.1,0
9280,15573854,Chukwujekwu,Accounts Payable,18/04/1990,18/10/2019,,White Collar,Fixed Term,Full Time,Fixed,Active,Low,Male,32,"3 Years, 2 Months",3,34184.32,4,0.95,0.83,0.71,1,1,1,0,1,36366.3,0
9281,15614847,Townsend,Cloud Service Analyst,08/02/1989,07/09/2013,,White Collar,Fixed Term,Full Time,Flex and Fixed,Active,Low,Female,34,"9 Years, 3 Months",9,55597.43,4,0.41,0.93,0.73,1,1,1,0,1,63178.9,0
9282,15679966,Marsh,Customer Care Specialist-Key Accounts,30/08/1959,10/12/1995,,White Collar,Fixed Term,Full Time,Fixed,Active,High,Female,63,"27 Years, 0 Months",27,33788.2,4,0.14,0.32,0.64,2,0,1,1,1,36726.3,0
9283,15799435,Hayes,Business Development Executive,03/12/1959,09/02/1992,,White Collar,Fixed Term,Full Time,Flex and Fixed,Active,Low,Male,63,"30 Years, 10 Months",30,37697.95,3,0.28,0.12,0.9,3,0,0,1,0,40104.2,0
9284,15752186,Padovano,Transport Controller,25/10/2002,10/03/2021,,Blue Collar,Fixed Term,Full Time,Fixed,Active,High,Female,20,"1 Years, 9 Months",1,27774.7,4,0.26,0.5,0.5,0,0,0,1,0,27774.7,0
9285,15705544,Ma,Perishable Customer Care Team Leader - Air Logistics,10/07/1978,14/10/2021,,White Collar,Fixed Term,Full Time,Fixed,Active,Medium,Male,44,"1  Years, 2 Months",1,41194.99,2,0.23,0.57,0.74,1,0,1,0,1,43363.15,0
9286,15713632,Ham,Regional Air logistics Trainer Specialist,31/07/1991,20/08/2019,,White Collar,Fixed Term,Full Time,Fixed,Active,Low,Female,31,"3 Years, 3 Months",3,33359.8,2,0.48,0.25,0.75,3,0,0,0,0,34391.55,0
9287,15586523,Paten,Accounting Coordinator,06/06/1968,20/02/2010,13/03/2018,White Collar,Fixed Term,Full Time,Fixed,Voluntarily Terminated,High,Female,54,"8 Years, 0 Months",8,28125.85,1,0.16,0.98,0.56,5,1,1,1,1,33483.15,1
9288,15609176,Cawthorne,Sea Logistics Pricing Coordinator,17/05/1999,19/07/2015,,White Collar,Fixed Term,Full Time,Fixed,Active,High,Female,23,"7 Years, 4 Months",7,33675.86,2,0.37,0.81,0.51,2,0,1,0,1,36604.2,0
9289,15769308,Herbert,Perishable Customer Care Team Leader - Air Logistics,22/11/1979,21/04/2015,,White Collar,Fixed Term,Full Time,Fixed,Active,Medium,Female,43,"7 Years, 7 Months",7,35932.22,3,0.36,0.94,0.63,2,0,0,1,0,38636.8,0
9290,15676810,Jen,Transport Controller,30/12/2003,15/01/2021,,Blue Collar,Fixed Term,Full Time,Fixed,Active,Medium,Female,19,"1  Years, 11 Months",1,26984.99,4,0.3,0.83,0.57,1,0,1,1,1,28405.25,0
9291,15634591,Saunders,Sea Logiscitcs Customer Care Specialist ,07/12/1955,02/07/2007,,Blue Collar,Fixed Term,Full Time,Fixed,Active,Medium,Male,67,"15 Years, 5 Months",15,27742.53,4,0.55,0.77,0.4,5,0,1,1,0,35567.35,0
9292,15679804,Esquivel,Perishable Warehouse Specialist - Air Logistics,09/12/1958,30/01/2012,,Blue Collar,Fixed Term,Full Time,Fixed,Active,Medium,Male,64,"10 Years, 10 Months",10,29595.38,3,0.74,0.57,0.65,2,0,1,1,1,35232.6,0
9293,15677764,Chao,Trucking Team Leader- Air Logistics,24/09/1982,09/01/2021,,White Collar,Fixed Term,Full Time,Fixed,Active,Medium,Female,40,"1  Years, 11 Months",1,39174.7,3,0.08,0.18,0.96,0,0,1,1,1,39174.7,0
9294,15571917,Eluemuno,Java Software Engineer ,21/11/1978,20/09/2015,,White Collar,Fixed Term,Full Time,Flex and Fixed,Active,Low,Female,44,"7 Years, 2 Months",7,65729.42,2,0.26,0.67,0.71,2,1,0,1,0,70676.8,0
9295,15574608,Sidorova,Trucking Specialist - Air Logistics,17/04/1957,08/03/2010,,Blue Collar,Fixed Term,Full Time,Fixed,Active,Medium,Male,65,"12 Years, 9 Months",12,27919.36,2,0.28,0.35,0.47,4,0,1,1,0,32846.3,0
9296,15740868,Pirogova,Recruiter,05/03/1957,13/12/2017,,White Collar,Fixed Term,Full Time,Fixed,Active,Medium,Female,66,"5 Years, 0 Months",5,39939.02,4,0.98,0.78,0.44,3,0,1,1,1,41603.15,0
9297,15702442,Benson,Project Manager,07/09/1984,05/03/2017,,White Collar,Fixed Term,Full Time,Flex and Fixed,Active,Medium,Female,38,"5 Years, 9 Months",5,41346,3,0.28,0.72,0.79,1,1,1,1,1,43522.1,0
9298,15699797,Santana,Data Analyst,17/07/1988,20/10/2021,,White Collar,Fixed Term,Full Time,Flex and Fixed,Active,Low,Male,34,"1  Years, 1 Months",1,44239.95,2,0.12,0.9,0.58,0,1,0,0,0,44239.95,0
9299,15648047,Williamson,National Perishable Air Logistics Development Manager Retail,28/12/1979,30/12/2015,,White Collar,Fixed Term,Full Time,Flex and Fixed,Active,Medium,Male,43,"6 Years, 11 Months",6,30275.9,1,0.41,0.58,0.49,3,1,0,0,0,32208.4,0
9300,15766826,North,Finance Analyst,13/07/1968,17/04/2006,16/06/2018,White Collar,Fixed Term,Full Time,Flex and Fixed,Voluntarily Terminated,High,Male,54,"12 Years, 1 Months",12,43964.51,3,0.6,0.64,0.56,4,1,0,1,1,48849.45,1
9301,15591628,Davies,National Service Excellence Specialist- Air Logistics,24/04/1964,30/07/2010,,White Collar,Fixed Term,Full Time,Flex and Fixed,Active,Medium,Male,58,"12 Years, 4 Months",12,30599.01,1,0.21,0.91,0.79,4,0,0,1,0,33998.9,0
9302,15583857,Siciliano,Human Resoruces Coordinator,18/05/1990,01/09/2021,,White Collar,Fixed Term,Full Time,Fixed,Active,Low,Female,32,"1 Years, 3 Months",1,33283.15,3,0.29,0.59,0.51,0,0,0,0,0,33283.15,0
9303,15752534,Mironov,Business Analyst,25/02/1984,22/05/1983,,White Collar,Fixed Term,Full Time,Flex and Fixed,Active,Medium,Male,39,"39 Years, 6 Months",39,48481.01,3,0.58,0.76,0.8,3,1,1,1,1,50501.05,0
9304,15741403,Amechi,National Air Logistics Service Excellence Manager,20/03/1992,29/09/2020,,White Collar,Fixed Term,Full Time,Fixed,Active,Medium,Female,30,"2 Years, 2 Months",2,39401.15,2,0.78,0.76,0.85,1,1,0,0,0,40205.25,0
9305,15783589,Toscano,Aerospace International Logistics Specialist,27/07/1959,19/05/1990,,Blue Collar,Fixed Term,Full Time,Fixed,Active,Medium,Male,63,"32 Years, 6 Months",32,31925.52,1,0.68,0.51,0.69,3,0,0,0,0,33255.75,0
9306,15598046,Su,Account Manager ,12/12/1982,11/09/2020,,White Collar,Fixed Term,Full Time,Fixed,Active,Low,Female,40,"2 Years, 3 Months",2,30551.94,2,0.17,0.54,0.55,2,1,0,1,0,32851.55,0
9307,15643330,Chukwuemeka,Accountant,05/05/2001,27/06/2017,,White Collar,Fixed Term,Full Time,Fixed,Active,Low,Male,21,"5 Years, 5 Months",5,33415.37,2,0.6,0.67,0.93,2,1,1,0,1,36321.05,0
9308,15680405,P'eng,Accounting Coordinator,30/06/1982,10/09/2022,,White Collar,Fixed Term,Full Time,Fixed,Active,Medium,Male,40,"0 Years, 3 Months",0,32415.75,4,0.96,0.68,0.44,0,1,1,1,1,32415.75,0
9309,15728683,Lombardo,IT System Engineer,06/02/1968,04/01/2004,,White Collar,Fixed Term,Full Time,Flex and Fixed,Active,Medium,Male,55,"18 Years, 11 Months",18,61272.27,4,0.98,0.97,0.58,1,1,1,0,1,68845.25,0
9310,15621644,Lombardi,IT System Engineer,14/07/1984,26/10/1998,,White Collar,Fixed Term,Full Time,Flex and Fixed,Active,High,Male,38,"24 Years, 1 Months",24,60970.1,3,0.28,0.5,0.74,1,1,1,0,1,69284.2,0
9311,15733032,Butler,Revenue Care Specialist- Air Logistics,12/09/1985,16/03/2021,,White Collar,Fixed Term,Full Time,Fixed,Active,High,Male,37,"1 Years, 9 Months",1,40812.6,2,0.7,0.81,0.52,0,1,1,1,1,40812.6,0
9312,15608381,Dean,National Air Logistics Gateway Trade Lane Specialist,28/11/1987,04/10/2014,01/04/2015,White Collar,Fixed Term,Full Time,Fixed,Voluntarily Terminated,High,Male,35,"0 Years, 5 Months",0,31822.29,3,0.26,0.77,0.73,5,0,0,1,1,34589.45,1
9313,15658946,Piccio,Customer Brokerage Specialist,12/05/1982,13/03/2016,,Blue Collar,Fixed Term,Full Time,Fixed,Active,Medium,Male,40,"6 Years, 9 Months",6,30828.72,1,0.28,0.59,0.75,2,1,0,1,0,35847.35,0
9314,15757912,Bradley,Aerospace International Logistics Specialist,22/07/1966,20/09/2020,,Blue Collar,Fixed Term,Full Time,Fixed,Active,High,Female,56,"2 Years, 2 Months",2,32130.16,4,0.11,1,0.96,2,0,0,0,0,36511.55,0
9315,15645371,Cameron,Accountant,19/09/1996,20/04/2012,26/04/2015,White Collar,Fixed Term,Full Time,Fixed,Voluntarily Terminated,Low,Female,26,"10  Years, 7 Months",10,27273.76,1,0.14,0.74,0.95,5,1,1,1,1,32859.95,1
9316,15653110,Chan,Finance Analyst,12/01/1984,15/01/2020,,White Collar,Fixed Term,Full Time,Flex and Fixed,Active,Low,Male,39,"2 Years, 11 Months",2,42169.82,1,0.11,0.91,0.52,1,1,0,1,0,49611.55,0
9317,15766355,Lettiere,Transport Controller,21/11/2002,16/07/2020,15/07/2022,Blue Collar,Fixed Term,Full Time,Fixed,Voluntarily Terminated,Medium,Male,20,"1 Years, 11 Months",1,23941.93,1,0.27,0.77,0.65,5,0,0,1,0,26901.05,1
9318,15585249,Mironova,Perishable Customer Care Team Leader - Air Logistics,27/05/1974,25/02/2008,14/03/2014,White Collar,Fixed Term,Full Time,Fixed,Voluntarily Terminated,High,Male,48,"6 Years, 0 Months",6,37945.55,2,0.38,0.79,0.98,5,0,0,1,0,38719.95,1
9319,15611786,Tsui,Data Analyst,13/12/1969,31/07/1990,,White Collar,Fixed Term,Full Time,Flex and Fixed,Active,Low,Female,53,"32  Years, 4 Months",32,49848.24,4,0.96,0.82,0.51,1,1,1,0,1,51925.25,0
9320,15575486,Okoli,Revenue Care Specialist- Air Logistics,29/04/1986,01/01/2015,,White Collar,Fixed Term,Full Time,Fixed,Active,High,Female,36,"7 Years, 11 Months",7,33984.59,3,0.67,0.89,0.96,2,1,1,1,1,40457.85,0
9321,15780215,Berry,National Air Logistics Gateway Trade Lane Specialist,04/07/1984,17/10/2016,,White Collar,Fixed Term,Full Time,Fixed,Active,Medium,Male,38,"6 Years, 2 Months",6,34316.91,2,0.35,0.83,0.62,3,0,1,1,1,36507.35,0
9322,15686099,Ruse,Data Analyst,11/09/1963,17/12/2007,24/06/2021,White Collar,Fixed Term,Full Time,Flex and Fixed,Voluntarily Terminated,Medium,Male,59,"13 Years, 6 Months",13,47162.24,3,0.3,0.72,0.7,5,1,0,1,0,50172.6,1
9323,15739042,Bogolyubov,National Perishable Air Logistics Development Manager Seafood,26/11/1968,26/02/2019,,White Collar,Fixed Term,Full Time,Flex and Fixed,Active,Low,Female,54,"3 Years, 9 Months",3,27002.01,3,0.24,0.7,0.74,1,1,0,1,0,32145.25,0
9324,15815316,Kennedy,Technical Support Engineer,14/11/1991,13/05/2007,10/11/2018,White Collar,Fixed Term,Full Time,Flex and Fixed,Voluntarily Terminated,Medium,Male,31,"11 Years, 5 Months",11,53097.31,4,0.08,1,0.89,5,1,0,1,0,60337.85,1
9325,15778489,Bolton,National Air Logistics Pharma Compliance Specialist,02/11/1996,25/02/2021,,Blue Collar,Fixed Term,Full Time,Fixed,Active,High,Male,26,"1  Years, 9 Months",1,34797.85,1,0.82,0.57,0.66,0,0,1,1,1,34797.85,0
9326,15786389,Chuang,Data Analyst,03/08/1957,16/02/2002,,White Collar,Fixed Term,Full Time,Flex and Fixed,Active,Low,Female,65,"20 Years, 10 Months",20,35736.8,3,0.85,0.55,0.54,5,1,1,1,1,47022.1,0
9327,15601787,Greco,Apprentice,17/06/2002,11/12/2021,28/09/2022,Blue Collar,Apprentice,Full Time,Fixed,Voluntarily Terminated,Low,Male,20,"1  Years, 0 Months",1,20495.62,3,0.24,0.47,0.7,5,0,1,1,1,22277.85,1
9328,15624715,Ma,BI Developer,17/06/1970,25/07/2002,,White Collar,Fixed Term,Full Time,Flex and Fixed,Active,Medium,Female,52,"20 Years, 4 Months",20,57309.12,4,0.28,0.95,0.77,1,1,1,1,1,63676.8,0
9329,15763093,Nucci,Customer Care Specialist-Key Accounts,09/11/1984,03/01/2000,,White Collar,Fixed Term,Full Time,Fixed,Active,Medium,Female,38,"22 Years, 11 Months",22,31950.56,3,0.36,0.29,0.57,3,0,0,1,0,35110.5,0
9330,15572073,Yao,National Air Logistics Gateway Trade Lane Specialist,25/11/1991,31/12/2021,,White Collar,Fixed Term,Full Time,Fixed,Active,Medium,Male,31,"0 Years, 11 Months",0,33229.45,4,0.12,0.71,0.5,0,0,1,1,1,33229.45,0
9331,15780256,Palfreyman,Sea Logistics Pricing Coordinator,03/11/1970,17/05/2015,,White Collar,Fixed Term,Full Time,Fixed,Active,Medium,Male,52,"7 Years, 7 Months",7,33754.07,3,0.45,0.89,0.68,1,0,1,1,0,36294.7,0
9332,15659305,Webster,Regional Air logistics Trainer Specialist,28/05/1976,02/01/2020,,White Collar,Fixed Term,Full Time,Fixed,Active,Medium,Male,46,"2 Years, 11 Months",2,30575.92,1,0.55,0.81,0.97,1,0,1,1,1,33234.7,0
9333,15638882,Cardell,National Perishable Air Logistics Development Manager Retail,12/02/1990,04/03/2013,20/11/2015,White Collar,Fixed Term,Full Time,Flex and Fixed,Voluntarily Terminated,Medium,Female,33,"2 Years, 8 Months",2,30342.28,3,0.28,0.72,0.64,5,1,0,1,0,35696.8,1
9334,15714680,Bianchi,IT-Support,22/05/1962,17/01/2002,,White Collar,Fixed Term,Full Time,Fixed,Active,Low,Female,60,"20 Years, 11 Months",20,37495.6,4,0.25,1,0.85,3,0,1,1,1,40317.85,0
9335,15777217,Somadina,Warehouse Specialist - Air Logistics,06/12/1979,23/11/2014,,Blue Collar,Fixed Term,Full Time,Fixed,Active,High,Male,43,"8 Years, 0 Months",8,21207.96,4,0.7,0.79,0.49,1,0,1,1,1,24099.95,0
9336,15739123,Mellor,Project Coordinator,22/12/1966,08/07/1985,,White Collar,Fixed Term,Full Time,Fixed,Active,Low,Male,56,"37 Years, 5 Months",37,31546.27,2,0.55,0.69,0.84,2,0,0,1,0,35445.25,0
9337,15594450,Tomlinson,National Air Logistics Gateway Trade Lane Specialist,11/12/1959,30/11/2008,,White Collar,Fixed Term,Full Time,Fixed,Active,Medium,Male,63,"14 Years, 0 Months",14,31189.57,1,0.26,0.97,0.66,2,0,0,1,0,33180.39,0
9338,15797751,Pai,National Air Logistics Gateway Trade Lane Specialist,11/05/1978,26/01/2009,31/05/2016,White Collar,Fixed Term,Full Time,Fixed,Voluntarily Terminated,Medium,Female,44,"7 Years, 4 Months",7,32034.67,1,0.55,0.61,0.59,5,0,1,1,1,33369.45,1
9339,15691543,Lennox,National Perishable Air Logistics Development Manager Retail,23/02/1989,24/04/2017,,White Collar,Fixed Term,Full Time,Flex and Fixed,Active,Low,Male,34,"5 Years, 7 Months",5,31001.47,4,0.12,0.71,0.89,1,1,1,1,0,32980.29,0
9340,15722845,Meldrum,Technical Support Engineer,05/12/1965,27/01/2002,,White Collar,Fixed Term,Full Time,Flex and Fixed,Active,High,Male,57,"20 Years, 10 Months",20,55838.56,3,0.28,0.96,0.76,1,1,1,1,1,61361.05,0
9341,15605804,Watson,Perishable Apprentice- Air Logistics,11/11/2002,23/11/2022,,Blue Collar,Apprentice,Full Time,Fixed,Active,High,Male,20,"0 Years, 0 Months",0,21151.55,4,0.29,0.77,0.73,0,0,0,1,0,21151.55,0
9342,15702061,Findlay,Transport Controller,28/04/1974,14/11/2018,,Blue Collar,Fixed Term,Full Time,Fixed,Active,High,Male,48,"4 Years, 1 Months",4,22540.23,3,0.29,0.57,0.99,1,0,1,1,1,24500.25,0
9343,15694321,Su,Customer Brokerage Specialist,25/04/1992,11/09/2022,,Blue Collar,Fixed Term,Full Time,Fixed,Active,High,Female,30,"0 Years, 3 Months",0,34111.55,2,0.27,0.92,0.76,0,1,0,1,0,34111.55,0
9344,15798749,Davidson,Customer Servce Administrative Officer,22/06/1968,11/02/1991,,Blue Collar,Fixed Term,Full Time,Fixed,Active,Medium,Female,54,"31 Years, 10 Months",31,31961.56,2,0.11,0.99,0.92,1,0,0,1,0,36319.95,0
9345,15720050,Barrett,Customer Servce Administrative Officer,05/06/1992,06/02/2019,,Blue Collar,Fixed Term,Full Time,Fixed,Active,High,Female,30,"3 Years, 10 Months",3,29630.96,4,0.27,0.86,0.73,1,0,0,1,0,33671.55,0
9346,15758048,Miah,IT System Engineer,29/09/1968,14/07/2017,,White Collar,Fixed Term,Full Time,Flex and Fixed,Active,Medium,Male,54,"5 Years, 5 Months",5,65196.91,3,0.94,0.78,0.66,2,1,1,1,1,70104.2,0
9347,15805681,Chamberlain,Cloud Service Analyst,09/03/1955,24/03/1991,,White Collar,Fixed Term,Full Time,Flex and Fixed,Active,Medium,Male,68,"31  Years, 8 Months",31,43820.51,3,0.92,0.85,0.66,1,1,1,1,1,58427.35,0
9348,15802809,Vidal,Apprentice,27/06/2004,28/02/2022,,Blue Collar,Apprentice,Full Time,Fixed,Active,Medium,Female,18,"0 Years, 9 Months",0,23682.1,3,0.55,0.38,0.6,0,0,1,1,1,23682.1,0
9349,15807239,Lung,Customer Servce Administrative Officer,26/02/1983,23/01/2018,,Blue Collar,Fixed Term,Full Time,Fixed,Active,High,Female,40,"4 Years, 10 Months",4,32645.04,1,0.92,0.63,0.93,3,0,0,0,0,34005.25,0
9350,15749093,Tretyakova,Transport Controller,28/03/1999,12/07/2015,,Blue Collar,Fixed Term,Full Time,Fixed,Active,Low,Male,23,"7 Years, 5 Months",7,24080.64,3,0.39,0.66,0.72,3,0,0,0,0,27678.9,0
9351,15689344,Montgomery,Human Resoruces Coordinator,13/11/1964,11/02/2006,,White Collar,Fixed Term,Full Time,Fixed,Active,Low,Male,58,"16 Years, 10 Months",16,33113.66,1,0.17,0.19,0.79,2,0,1,0,0,33789.45,0
9352,15606076,Golubev,Revenue Care Specialist- Air Logistics,10/04/1987,16/08/2015,,White Collar,Fixed Term,Full Time,Fixed,Active,Medium,Male,35,"7 Years, 4 Months",7,37937.41,3,0.5,0.63,0.59,1,1,1,1,1,42626.3,0
9353,15610090,Han,Regional Air logistics Trainer Specialist,22/04/2000,03/09/2020,,White Collar,Fixed Term,Full Time,Fixed,Active,Low,Male,22,"2 Years, 3 Months",2,34200.92,1,0.29,0.32,0.74,2,0,0,1,0,34898.9,0
9354,15693926,Pan,Cloud Service Analyst,27/03/1992,24/07/2018,,White Collar,Fixed Term,Full Time,Flex and Fixed,Active,Medium,Male,30,"4 Years, 4 Months",4,56106.73,3,0.12,0.73,0.55,2,1,1,1,1,61655.75,0
9355,15791501,Carroll,Material Handler ,16/11/2002,26/07/2021,,Blue Collar,Fixed Term,Full Time,Fixed,Active,Medium,Male,20,"1  Years, 4 Months",1,25540.17,4,0.27,0.75,0.89,0,0,1,1,1,25540.17,0
9356,15621870,Hawkins,Sales Account Manager,12/04/1989,28/04/2017,,White Collar,Fixed Term,Full Time,Fixed,Active,Medium,Female,33,"5 Years, 7 Months",5,30376.42,3,0.39,0.7,0.66,2,1,0,1,0,33017.85,0
9357,15734711,Loggia,Business Development Executive,19/12/1987,22/11/2009,18/02/2015,White Collar,Fixed Term,Full Time,Flex and Fixed,Voluntarily Terminated,Medium,Male,35,"5 Years, 2 Months",5,37986.34,1,0.3,0.77,0.61,4,0,0,1,1,43166.3,1
9358,15814405,Chesnokova,Java Software Engineer ,18/04/1984,28/09/2005,17/05/2020,White Collar,Fixed Term,Full Time,Flex and Fixed,Voluntarily Terminated,High,Female,38,"17  Years, 2 Months",17,63897.87,3,0.18,0.83,0.8,4,1,1,1,1,68559.95,1
9359,15729359,Chambers,Account Manager ,11/06/1978,25/11/2015,,White Collar,Fixed Term,Full Time,Fixed,Active,Medium,Female,44,"7 Years, 0 Months",7,30709.67,4,0.53,0.75,0.49,3,1,1,1,1,34505.25,0
9360,15606944,Fleming,Senior DevOps Engineer,11/08/1974,13/03/2016,20/11/2019,White Collar,Fixed Term,Full Time,Flex and Fixed,Voluntarily Terminated,Low,Male,48,"3 Years, 8 Months",3,64820.38,2,0.27,0.97,0.54,4,1,0,1,0,68957.85,1
9361,15671934,Veale,Regional Air logistics Trainer Specialist,26/02/1955,03/08/2017,,White Collar,Fixed Term,Full Time,Fixed,Active,Low,Male,68,"5 Years, 4 Months",5,29930.36,2,0.92,0.75,0.55,2,0,1,0,1,32890.5,0
9362,15641773,Browne,Human Resoruces Coordinator,22/07/1980,14/05/2020,,White Collar,Fixed Term,Full Time,Fixed,Active,Low,Male,42,"2 Years, 7 Months",2,35592.52,1,0.27,0.66,0.84,1,0,1,1,1,36318.9,0
9363,15701972,Parsons,Human Resoruces Coordinator,15/05/1985,05/06/2012,,White Collar,Fixed Term,Full Time,Fixed,Active,Low,Male,37,"10  Years, 6 Months",10,30712.71,1,0.86,0.56,0.49,2,0,1,1,1,36132.6,0
9364,15749114,Bailey,Stock Investigator & Analyst,22/11/1980,02/06/2022,,White Collar,Fixed Term,Full Time,Flex and Fixed,Active,Medium,Male,42,"0 Years, 6 Months",0,48939.95,3,0.18,0.77,0.98,0,1,1,1,1,48939.95,0
9365,15780362,Ferrari,National Perishable Air Logistics Development Manager Seafood,06/09/1968,10/09/2015,,White Collar,Fixed Term,Full Time,Flex and Fixed,Active,High,Female,54,"7 Years, 3 Months",7,29517.97,3,0.2,0.82,0.81,2,1,0,1,0,33543.15,0
9366,15753229,Genovese,Analyst Programmer ,13/06/1974,10/06/2018,,White Collar,Fixed Term,Full Time,Flex and Fixed,Active,High,Male,48,"4 Years, 6 Months",4,54884.65,3,0.27,0.85,0.59,1,1,1,1,1,59015.75,0
9367,15656009,McIntyre,Human Resoruces Coordinator,25/01/1980,07/01/2016,,White Collar,Fixed Term,Full Time,Fixed,Active,Medium,Female,43,"6 Years, 11 Months",6,31610.7,1,0.19,0.49,0.79,3,0,0,1,0,33628.4,0
9368,15785024,Warner,Java Software Engineer ,12/09/1985,21/09/1999,,White Collar,Fixed Term,Full Time,Flex and Fixed,Active,High,Female,37,"23 Years, 2 Months",23,59743.36,3,0.51,0.24,0.87,1,1,0,1,0,70286.3,0
9369,15670492,Gordon,National Perishable Air Logistics Development Manager Retail,23/11/1999,26/12/2016,,White Collar,Fixed Term,Full Time,Flex and Fixed,Active,Low,Male,23,"5 Years, 11 Months",5,33542.98,2,0.56,0.32,0.74,2,1,0,1,0,35308.4,0
9370,15795458,McMillan,Business Development Manager,04/06/1968,12/09/1983,,White Collar,Fixed Term,Full Time,Flex and Fixed,Active,Medium,Female,54,"39  Years, 3 Months",39,48198.22,4,0.59,0.77,0.51,1,1,1,1,1,51274.7,0
9371,15732438,Cheng,Recruiter Apprentice,07/08/2003,02/01/2009,29/07/2019,Blue Collar,Apprentice,Full Time,Fixed,Voluntarily Terminated,Medium,Male,19,"10 Years, 6 Months",10,20697.25,2,0.29,0.77,0.83,4,0,0,1,0,22207.35,1
9372,15781987,Akhtar,Human Resoruces Coordinator,03/12/1976,05/08/2017,,White Collar,Fixed Term,Full Time,Fixed,Active,High,Male,46,"5 Years, 4 Months",5,34059.97,3,0.28,0.93,0.87,1,0,1,1,1,35852.6,0
9373,15775826,Iadanza,National Air Logistics Gateway QSHE Manager - Pharma,30/05/1993,07/01/2021,,White Collar,Fixed Term,Full Time,Flex and Fixed,Active,Low,Male,29,"1  Years, 11 Months",1,69912.24,4,0.27,0.22,0.74,1,1,1,0,1,72825.25,0
9374,15807457,Abernathy,Gateway & Procurement Team Leader- Air Logistics,29/04/1978,09/12/2014,,White Collar,Fixed Term,Full Time,Fixed,Active,Low,Female,44,"8 Years, 0 Months",8,34980.33,2,0.29,0.59,0.89,2,0,0,1,0,38022.1,0
9375,15632538,Watson,Business Analyst,24/04/1956,01/10/2018,,White Collar,Fixed Term,Full Time,Flex and Fixed,Active,High,Female,66,"4 Years, 2 Months",4,41461.56,3,0.26,0.99,0.99,1,1,1,1,1,46068.4,0
9376,15641389,Shen,Network Engineer,29/10/1989,26/12/2016,06/11/2020,White Collar,Fixed Term,Full Time,Flex and Fixed,Voluntarily Terminated,High,Male,33,"3 Years, 10 Months",3,60672.29,1,0.26,0.61,0.5,4,1,0,1,0,67413.65,1
9377,15657306,Kershaw,Software Engineer,21/07/1970,19/09/2015,09/04/2020,White Collar,Fixed Term,Full Time,Flex and Fixed,Voluntarily Terminated,Low,Female,52,"4 Years, 6 Months",4,56180.5,3,0.19,0.6,0.91,4,1,0,0,0,66094.7,1
9378,15709447,Reed,Sales Account Manager,24/07/1996,03/03/2013,,White Collar,Fixed Term,Full Time,Fixed,Active,High,Female,26,"9 Years, 9 Months",9,31699.56,1,0.86,0.79,0.7,3,1,0,1,0,36859.95,0
9379,15762682,Mitchell,Business Development Manager,03/02/1987,02/11/2017,,White Collar,Fixed Term,Full Time,Flex and Fixed,Active,Medium,Female,36,"5 Years, 1 Months",5,45373.56,3,0.76,0.94,0.62,1,1,0,1,0,49861.05,0
9380,15626042,Webb,Inside Sales Executive/ Account Manager,06/08/1997,19/05/2020,,White Collar,Fixed Term,Full Time,Flex and Fixed,Active,High,Female,25,"2 Years, 6 Months",2,33144.18,3,0.17,0.57,0.85,1,1,1,1,0,35638.9,0
9381,15597109,Vanzetti,Accounts Payable,26/12/1997,03/09/2015,,White Collar,Fixed Term,Full Time,Fixed,Active,High,Male,25,"7 Years, 3 Months",7,33182.51,4,0.13,0.51,0.73,2,1,1,0,1,36869.45,0
9382,15756148,Nnanna,Trucking Team Leader- Air Logistics,17/06/1963,28/03/1985,,White Collar,Fixed Term,Full Time,Fixed,Active,Medium,Male,59,"37 Years, 8 Months",37,35243.52,1,0.27,0.55,0.92,1,0,1,1,1,40049.45,0
9383,15665634,Campbell,Perishable Operational Care Specialist - Air Logistics,14/03/1988,03/04/2021,,Blue Collar,Fixed Term,Full Time,Fixed,Active,High,Female,34,"1  Years, 8 Months",1,34391.23,3,0.89,0.73,0.74,1,0,1,1,1,35824.2,0
9384,15739997,Capon,Stock Investigator & Analyst,25/09/1972,05/03/2019,,White Collar,Fixed Term,Full Time,Flex and Fixed,Active,High,Female,50,"3 Years, 9 Months",3,46284.51,3,0.86,0.41,0.63,2,1,1,0,1,50862.1,0
9385,15686242,Otutodilichukwu,Finance Analyst,29/07/1985,31/07/2009,29/07/2018,White Collar,Fixed Term,Full Time,Flex and Fixed,Voluntarily Terminated,Medium,Female,37,"8 Years, 11 Months",8,46576.42,3,0.5,0.88,0.66,4,1,0,0,0,49974.7,1
9386,15759244,Boone,Project Manager,20/08/1955,01/05/2013,,White Collar,Fixed Term,Full Time,Flex and Fixed,Active,High,Male,67,"9 Years, 7 Months",9,41163.7,3,0.36,0.63,0.56,3,1,1,1,1,44743.15,0
9387,15672027,McIntyre,Accounts Payable,08/12/1992,19/08/2018,,White Collar,Fixed Term,Full Time,Fixed,Active,High,Female,30,"4 Years, 3 Months",4,31230.29,3,0.1,0.78,0.56,2,1,0,1,0,32531.55,0
9388,15594576,Zhdanov,Perishable Warehouse Specialist - Air Logistics,03/01/1964,03/05/1986,,Blue Collar,Fixed Term,Full Time,Fixed,Active,Low,Male,59,"36 Years, 7 Months",36,28670.55,4,0.24,0.56,0.69,2,0,0,0,0,33337.85,0
9389,15707138,Nagy,National Perishable Air Logistics Development Manager Retail,13/09/1965,24/02/2020,,White Collar,Fixed Term,Full Time,Flex and Fixed,Active,Low,Male,57,"2 Years, 9 Months",2,27249.56,3,0.44,0.51,0.41,2,1,1,1,1,32439.95,0
9390,15756954,Lombardo,Sea Logiscitcs Customer Care Specialist ,19/11/1989,25/05/2018,,Blue Collar,Fixed Term,Full Time,Fixed,Active,High,Female,33,"4 Years, 6 Months",4,30003.59,3,0.7,0.8,0.86,2,0,1,1,1,32612.6,0
9391,15619130,Simpson,Regional Air logistics Trainer Specialist,14/10/1977,10/12/2012,,White Collar,Fixed Term,Full Time,Fixed,Active,Low,Female,45,"10  Years, 0 Months",10,27157.62,4,0.75,0.66,0.57,2,0,1,1,1,32330.5,0
9392,15639665,Herbert,National Perishable Air Logistics Development Manager Retail,07/03/1972,09/09/2016,,White Collar,Fixed Term,Full Time,Flex and Fixed,Active,Low,Male,51,"6 Years, 3 Months",6,33788.54,3,0.2,0.62,0.63,4,1,1,1,1,35945.25,0
9393,15571065,Lehr,Material Handler ,07/07/2003,04/04/2021,,Blue Collar,Fixed Term,Full Time,Fixed,Active,Low,Female,19,"1  Years, 8 Months",1,23219,3,0.23,0.5,0.97,1,0,0,1,0,24441.05,0
9394,15686060,Chou,Pricing Manager,09/11/1974,02/12/2017,24/01/2018,White Collar,Fixed Term,Full Time,Flex and Fixed,Voluntarily Terminated,High,Male,48,"0 Years, 1 Months",0,57945.46,3,0.26,0.96,0.94,5,1,0,1,0,62984.2,1
9395,15615753,Upchurch,Transport Controller,02/02/1984,06/10/1988,,Blue Collar,Fixed Term,Full Time,Fixed,Active,Low,Female,39,"34  Years, 2 Months",34,24148.08,3,0.29,0.5,0.84,1,0,1,1,1,25689.45,0
9396,15800961,Ugorji,Stock Investigator & Analyst,27/09/1970,17/12/2012,,White Collar,Fixed Term,Full Time,Flex and Fixed,Active,Medium,Male,52,"10 Years, 0 Months",10,43661.73,3,0.78,0.73,0.69,1,1,1,0,1,50769.45,0
9397,15763065,Palerma,Accountant,06/05/1987,23/12/2015,,White Collar,Fixed Term,Full Time,Fixed,Active,High,Female,35,"6 Years, 11 Months",6,32523.95,1,0.1,0.47,0.39,1,1,0,1,0,34599.95,0
9398,15672467,Coles,Gateway & Procurement Specialist - Air Logistics,06/08/1969,17/08/2015,,Blue Collar,Fixed Term,Full Time,Fixed,Active,Medium,Female,53,"7 Years, 4 Months",7,33681.65,4,0.12,0.49,0.83,3,0,1,0,0,36023.15,0
9399,15752915,Hsueh,Operations Specialist,19/02/1962,21/08/1993,,Blue Collar,Fixed Term,Full Time,Fixed,Active,High,Female,61,"29  Years, 3 Months",29,30563.68,2,0.19,0.92,0.62,3,0,1,1,1,32793.65,0
9400,15744695,Tu,Sea Logiscitcs Customer Care Specialist ,04/02/1999,13/10/2013,,Blue Collar,Fixed Term,Full Time,Fixed,Active,Medium,Male,24,"9 Years, 2 Months",9,31220.64,2,0.97,0.56,0.39,2,0,1,1,1,34308.4,0
9401,15584897,Kuo,National Service Excellence Specialist- Air Logistics,09/04/1999,03/06/2015,,White Collar,Fixed Term,Full Time,Flex and Fixed,Active,Medium,Female,23,"7 Years, 6 Months",7,31052.19,1,0.26,0.61,0.58,2,0,0,0,0,33389.45,0
9402,15601857,Woodhouse,Recruiter,17/06/1983,05/11/2010,18/02/2015,White Collar,Fixed Term,Full Time,Fixed,Voluntarily Terminated,High,Female,39,"4 Years, 3 Months",4,35504.51,4,0.41,0.83,0.89,4,0,0,0,0,39449.45,1
9403,15674156,Tretiakova,Project Manager,12/06/1973,20/04/2012,,White Collar,Fixed Term,Full Time,Flex and Fixed,Active,Low,Male,49,"10  Years, 7 Months",10,36592.07,1,1,0.88,0.66,1,1,1,1,0,40657.85,0
9404,15695465,Gibson,IT-Support,12/11/1978,04/12/2013,,White Collar,Fixed Term,Full Time,Fixed,Active,High,Female,44,"9 Years, 0 Months",9,34461.53,4,0.13,0.61,0.55,2,0,0,1,0,40071.55,0
9405,15792232,Moss,Perishable Operational Care Specialist - Air Logistics,19/03/1963,09/04/2002,,Blue Collar,Fixed Term,Full Time,Fixed,Active,Low,Female,59,"20 Years, 8 Months",20,29608.07,2,0.3,0.68,0.54,2,0,0,0,0,32897.85,0
9406,15807900,Chineze,Revenue Care Specialist- Air Logistics,12/11/1983,18/05/2015,26/07/2019,White Collar,Fixed Term,Full Time,Fixed,Voluntarily Terminated,Medium,Male,39,"4 Years, 2 Months",4,36805.8,2,0.45,0.51,0.7,4,1,1,1,1,40006.3,1
9407,15743760,Davidson,Gateway & Procurement Specialist - Air Logistics,04/10/1984,20/07/2020,,Blue Collar,Fixed Term,Full Time,Fixed,Active,Low,Male,38,"2 Years, 4 Months",2,33515.95,3,0.22,0.88,0.58,2,0,1,1,1,34199.95,0
9408,15652835,Liang,Customer Care Specialist-Key Accounts,06/04/1988,20/09/2013,,White Collar,Fixed Term,Full Time,Fixed,Active,Medium,Female,34,"9 Years, 2 Months",9,27603.14,1,0.78,0.94,0.84,2,0,1,0,1,33256.8,0
9409,15767818,Graham,Account Manager ,12/02/1979,07/07/2021,,White Collar,Fixed Term,Full Time,Fixed,Active,Medium,Male,44,"1  Years, 5 Months",1,31781.97,1,0.29,0.58,0.88,1,1,0,1,0,33454.7,0
9410,15591150,Nwebube,Cloud Service Analyst,31/03/1987,16/08/2015,,White Collar,Fixed Term,Full Time,Flex and Fixed,Active,Medium,Male,35,"7 Years, 4 Months",7,52918.04,4,0.52,0.63,0.98,2,1,1,0,1,61532.6,0
9411,15734659,Sozonov,National Service Excellence Specialist- Air Logistics,02/02/1962,30/06/2016,,White Collar,Fixed Term,Full Time,Flex and Fixed,Active,High,Female,61,"6 Years, 5 Months",6,31408.52,1,0.3,0.81,0.49,1,0,0,1,0,33772.6,0
9412,15796115,Forbes,IT-Support,20/09/1992,24/12/2013,26/07/2016,White Collar,Fixed Term,Full Time,Fixed,Terminated for Cause,Medium,Female,30,"2 Years, 7 Months",2,42980.69,2,0.38,0.61,0.86,4,0,0,1,1,43857.85,1
9413,15724648,Chikezie,Human Resoruces Coordinator,01/08/1986,30/11/2017,,White Collar,Fixed Term,Full Time,Fixed,Active,Low,Male,36,"5 Years, 0 Months",5,32750.97,4,0.17,0.65,0.63,3,0,0,0,0,34474.7,0
9414,15737732,Onwuemelie,Gateway & Procurement Specialist - Air Logistics,16/02/1956,12/02/2014,,Blue Collar,Fixed Term,Full Time,Fixed,Active,High,Female,67,"8 Years, 10 Months",8,31208.33,1,0.66,0.67,0.63,3,0,0,1,0,33922.1,0
9415,15632280,Toth,National Perishable Air Logistics Development Manager Seafood,28/12/1996,26/07/2014,23/08/2017,White Collar,Fixed Term,Full Time,Flex and Fixed,Voluntarily Terminated,Medium,Female,26,"3 Years, 0 Months",3,34390.22,3,0.21,0.64,0.62,4,1,0,1,0,35823.15,1
9416,15750407,Hunt,Pricing Analyst,23/05/1984,15/05/2016,,White Collar,Fixed Term,Full Time,Flex and Fixed,Active,Medium,Female,38,"6 Years, 7 Months",6,47476.91,2,0.14,0.66,0.76,2,1,0,0,0,50507.35,0
9417,15795370,Mazure,Senior DevOps Engineer,20/06/1988,14/07/2022,,White Collar,Fixed Term,Full Time,Flex and Fixed,Active,High,Male,34,"0 Years, 5 Months",0,68942.1,3,0.1,0.8,0.62,0,1,0,1,0,68942.1,0
9418,15656829,Hughes,National Service Excellence Specialist- Air Logistics,24/09/1985,26/09/2020,,White Collar,Fixed Term,Full Time,Flex and Fixed,Active,Medium,Female,37,"2 Years, 2 Months",2,30646.22,3,0.83,0.56,0.89,1,0,0,1,0,34825.25,0
9419,15643794,Bennett,Network Engineer,24/08/1986,15/01/2016,,White Collar,Fixed Term,Full Time,Flex and Fixed,Active,Low,Female,36,"6 Years, 11 Months",6,60702.73,4,0.59,0.74,0.51,1,1,1,1,1,66706.3,0
9420,15798605,Tien,National Air Logistics Pharma Compliance Specialist,29/07/1990,05/09/2013,,Blue Collar,Fixed Term,Full Time,Fixed,Active,Medium,Male,32,"9 Years, 3 Months",9,30056.53,2,0.8,0.8,0.81,1,0,1,1,1,34949.45,0
9421,15637324,Kay,Java Software Engineer ,02/02/1980,28/11/2017,,White Collar,Fixed Term,Full Time,Flex and Fixed,Active,Medium,Female,43,"5 Years, 0 Months",5,62446.64,2,0.28,0.5,0.56,1,1,1,0,1,66432.6,0
9422,15589589,Bryan,Inside Sales Executive/ Account Manager,08/07/1983,09/01/2015,,White Collar,Fixed Term,Full Time,Flex and Fixed,Active,Medium,Male,39,"7 Years, 11 Months",7,31585.52,4,0.12,0.69,0.75,3,1,0,1,0,36727.35,0
9423,15778936,Ingamells,Business Analyst,09/10/1981,06/03/2021,,White Collar,Fixed Term,Full Time,Flex and Fixed,Active,High,Male,41,"1  Years, 9 Months",1,46428.97,4,0.26,0.91,0.53,1,1,0,1,0,48872.6,0
9424,15757385,Milne,Project Coordinator,31/07/1962,17/11/2006,,White Collar,Fixed Term,Full Time,Fixed,Active,High,Female,60,"16 Years, 1 Months",16,30231.04,3,0.59,0.8,0.51,7,0,0,1,0,32160.68,0
9425,15666200,Lombardo,Sales Account Manager,26/09/1984,21/03/1999,,White Collar,Fixed Term,Full Time,Fixed,Active,Low,Female,38,"23  Years, 8 Months",23,28438.72,4,0.67,0.93,0.52,2,1,1,1,1,35548.4,0
9426,15683977,Owens,National Perishable Air Logistics Development Manager Seafood,23/07/1974,17/11/2014,,White Collar,Fixed Term,Full Time,Flex and Fixed,Active,Medium,Female,48,"8 Years, 1 Months",8,33034.89,2,0.92,0.57,0.99,1,1,1,1,1,37117.85,0
9427,15675518,Charlton,Operations Specialist,07/01/2000,29/12/2014,10/09/2020,Blue Collar,Fixed Term,Full Time,Fixed,Voluntarily Terminated,High,Female,23,"5 Years, 8 Months",5,28669.68,1,0.19,0.51,0.58,4,0,0,0,0,32953.65,1
9428,15584812,Overby,Perishable Operational Care Specialist - Air Logistics,14/04/1980,02/10/2013,,Blue Collar,Fixed Term,Full Time,Fixed,Active,Medium,Female,42,"9 Years, 2 Months",9,28604.41,3,0.91,0.98,0.54,3,0,0,0,0,34463.15,0
9429,15752984,Chifley,Sales Account Manager,12/05/1984,24/10/2016,,White Collar,Fixed Term,Full Time,Fixed,Active,High,Female,38,"6 Years, 1 Months",6,31415.79,3,0.79,0.85,0.83,2,1,1,1,1,33421.05,0
9430,15577913,Oliver,Sea Logistics Pricing Coordinator,02/03/1965,08/09/2011,,White Collar,Fixed Term,Full Time,Fixed,Active,High,Female,58,"11 Years, 3 Months",11,28651.94,2,0.93,0.73,0.56,2,0,1,1,1,34109.45,0
9431,15591980,Hill,Warehouse Specialist - Air Logistics,26/02/1963,14/07/2016,,Blue Collar,Fixed Term,Full Time,Fixed,Active,Low,Male,60,"6  Years, 5 Months",6,21612.74,2,0.3,0.97,0.9,1,0,1,1,1,25729.45,0
9432,15598948,DeRose,IT-Support,08/10/1969,02/06/2010,,White Collar,Fixed Term,Full Time,Fixed,Active,Low,Female,53,"12  Years, 6 Months",12,39949.95,1,0.88,0.52,0.61,1,0,1,0,1,42499.95,0
9433,15574142,Chuang,Accountant,20/04/1986,20/02/2021,,White Collar,Fixed Term,Full Time,Fixed,Active,Medium,Female,36,"1  Years, 9 Months",1,32306.3,2,0.4,0.56,0.38,0,1,1,1,1,32306.3,0
9434,15582903,Edwards,Forklift Operator,15/09/2004,11/11/2021,,Blue Collar,Fixed Term,Full Time,Fixed,Active,High,Male,18,"1  Years, 1 Months",1,24464.2,4,0.27,0.49,0.77,0,0,1,1,1,24464.2,0
9435,15733229,Rodriguez,Recruiter,24/12/1985,14/04/2019,,White Collar,Fixed Term,Full Time,Fixed,Active,Medium,Female,37,"3 Years, 8 Months",3,35117.01,3,0.48,0.81,0.44,2,0,0,0,0,39018.9,0
9436,15635752,Lo,Transport Controller,30/04/1970,12/12/1997,,Blue Collar,Fixed Term,Full Time,Fixed,Active,Medium,Male,52,"25 Years, 0 Months",25,21595.933,2,0.29,0.52,0.8,3,0,1,1,1,25111.55,0
9437,15771000,Powell,Operations Specialist,30/06/1998,20/05/2014,,Blue Collar,Fixed Term,Full Time,Fixed,Active,High,Male,24,"8 Years, 6 Months",8,29752.76,4,0.56,0.69,0.56,2,0,0,1,0,35419.95,0
9438,15804864,Chu,Customer Care Specialist-Key Accounts,09/07/1996,08/10/2013,,White Collar,Fixed Term,Full Time,Fixed,Active,Medium,Female,26,"9 Years, 2 Months",9,33287.88,2,0.17,0.7,0.74,2,0,1,1,1,36580.09,0
9439,15641175,Munro,National Perishable Air Logistics Development Manager Retail,25/10/1987,06/12/1991,05/12/2021,White Collar,Fixed Term,Full Time,Flex and Fixed,Voluntarily Terminated,Medium,Male,35,"29 Years, 11 Months",29,33895.37,2,0.44,0.65,0.85,4,1,0,0,1,36058.9,1
9440,15692226,Onwumelu,National Air Logistics Pharma Compliance Specialist,10/08/1999,14/09/2012,,Blue Collar,Fixed Term,Full Time,Fixed,Active,High,Female,23,"10  Years, 3 Months",10,30579.39,1,0.2,0.54,0.71,2,0,1,1,1,35975.75,0
9441,15584156,Siciliani,Gateway & Procurement Team Leader- Air Logistics,22/02/1970,03/05/2004,20/05/2017,White Collar,Fixed Term,Full Time,Fixed,Voluntarily Terminated,Medium,Male,53,"13 Years, 0 Months",13,37094.35,3,0.46,0.57,0.49,4,0,0,0,1,40319.95,1
9442,15702656,Yobachi,Software Engineer,29/01/1967,23/05/2019,,White Collar,Fixed Term,Full Time,Flex and Fixed,Active,Medium,Female,56,"3  Years, 6 Months",3,54717.29,4,0.8,0.78,0.9,1,1,0,1,0,66728.4,0
9443,15606552,Akabueze,National Air Logistics Pharma Compliance Specialist,05/05/1964,26/01/2008,,Blue Collar,Fixed Term,Full Time,Fixed,Active,High,Male,58,"14 Years, 10 Months",14,31130.29,4,0.29,0.99,0.92,1,0,1,1,1,34977.85,0
9444,15687001,Chiemenam,Inside Sales Executive/ Account Manager,07/08/1979,07/05/2019,12/02/2021,White Collar,Fixed Term,Full Time,Flex and Fixed,Voluntarily Terminated,Low,Male,43,"1 Years, 9 Months",1,29614.29,3,0.28,0.57,0.83,5,1,1,1,1,32189.45,1
9445,15781903,Odinakachukwu,Senior DevOps Engineer,06/08/1965,16/07/2007,,White Collar,Fixed Term,Full Time,Flex and Fixed,Active,Low,Male,57,"15 Years, 5 Months",15,60151.36,1,0.2,0.75,0.58,2,1,1,1,0,70766.3,0
9446,15731951,Reilly,Trucking Specialist - Air Logistics,08/09/1977,01/12/2019,02/12/2019,Blue Collar,Fixed Term,Full Time,Fixed,Voluntarily Terminated,Low,Female,45,"0 Years, 0 Months",0,33718.46,3,0.55,0.97,0.58,5,0,0,1,0,36650.5,1
9447,15580953,Forbes,Data Engineer,23/08/1976,29/09/2017,,White Collar,Fixed Term,Full Time,Flex and Fixed,Active,Low,Male,46,"5 Years, 2 Months",5,66183.41,3,0.35,0.95,0.58,3,1,1,0,1,68941.05,0
9448,15810390,Amadi,Java Software Engineer ,27/01/1968,12/04/1986,29/03/2020,White Collar,Fixed Term,Full Time,Flex and Fixed,Voluntarily Terminated,High,Female,55,"33 Years, 11 Months",33,62240.96,4,0.27,0.69,0.83,4,1,1,0,1,65516.8,1
9449,15628274,Ferri,National Perishable Air Logistics Development Manager Retail,07/04/1965,25/03/2014,,White Collar,Fixed Term,Full Time,Flex and Fixed,Active,High,Male,57,"8 Years, 8 Months",8,30348.05,4,0.6,0.97,0.91,2,1,0,1,0,33720.06,0
9450,15615444,Y?an,Perishable Warehouse Specialist - Air Logistics,02/02/1979,22/04/2014,,Blue Collar,Fixed Term,Full Time,Fixed,Active,Low,Male,44,"8 Years, 7 Months",8,29750.99,3,0.8,0.4,0.59,1,0,1,1,1,35417.85,0
9451,15784010,Williamson,IT-Support,21/03/1991,02/09/2016,,White Collar,Fixed Term,Full Time,Fixed,Active,Low,Male,31,"6 Years, 3 Months",6,33892.41,3,0.29,0.67,0.71,3,0,0,1,0,36055.75,0
9452,15571586,Briggs,Account Manager ,19/01/1986,31/10/2017,04/05/2018,White Collar,Fixed Term,Full Time,Fixed,Voluntarily Terminated,Low,Male,37,"0 Years, 6 Months",0,34489.33,3,0.45,0.96,0.58,5,1,0,1,0,37488.4,1
9453,15748616,Napolitani,Regional Air logistics Trainer Specialist,20/06/1977,01/08/2015,,White Collar,Fixed Term,Full Time,Fixed,Active,Medium,Male,45,"7 Years, 4 Months",7,31102.76,2,0.8,0.49,0.95,2,0,0,1,0,33807.35,0
9454,15769402,Carpenter,Regional Air logistics Trainer Specialist,08/03/1996,07/08/2020,,White Collar,Fixed Term,Full Time,Fixed,Active,Low,Male,26,"2 Years, 4 Months",2,31660.17,1,0.27,0.56,0.66,2,0,1,1,0,32306.3,0
9455,15739248,Lin,Trucking Specialist - Air Logistics,29/12/1979,31/10/2019,,Blue Collar,Fixed Term,Full Time,Fixed,Active,Medium,Male,43,"3 Years, 1 Months",3,34165.44,1,0.38,0.99,0.78,1,0,1,1,1,35222.1,0
9456,15603481,Robinson,Perishable Customer Care Team Leader - Air Logistics,21/02/1974,27/02/2020,,White Collar,Fixed Term,Full Time,Fixed,Active,Low,Female,49,"2 Years, 9 Months",2,38780.12,2,0.13,0.49,0.88,2,0,1,1,1,39571.55,0
9457,15723604,Collins,Senior DevOps Engineer,05/11/1976,10/01/2021,,White Collar,Fixed Term,Full Time,Flex and Fixed,Active,Medium,Male,46,"1  Years, 11 Months",1,64886.7,3,0.27,0.53,0.69,1,1,0,1,0,69028.4,0
9458,15797822,Kingsley,IT-Support,10/03/1959,24/09/2006,,White Collar,Fixed Term,Full Time,Fixed,Active,Low,Male,64,"16 Years, 2 Months",16,37149.93,3,0.52,0.75,0.5,2,0,1,1,0,38298.9,0
9459,15665064,Harvey,Java Software Engineer ,20/09/1982,20/07/2015,,White Collar,Fixed Term,Full Time,Flex and Fixed,Active,Medium,Male,40,"7 Years, 4 Months",7,59268.25,3,0.3,0.51,0.89,1,1,0,1,0,69727.35,0
9460,15640580,Obiora,Transport Controller,04/07/1983,28/02/2017,,Blue Collar,Fixed Term,Full Time,Fixed,Active,Low,Female,39,"5 Years, 9 Months",5,24724.4,3,0.11,0.65,0.9,1,0,0,1,0,27471.55,0
9461,15581089,Knight,Trucking Team Leader- Air Logistics,06/03/1983,10/06/2021,,White Collar,Fixed Term,Full Time,Fixed,Active,Low,Male,40,"1  Years, 6 Months",1,39663.12,4,0.53,0.45,0.66,1,0,1,1,1,41315.75,0
9462,15728605,Hung,Warehouse Shift Team Leader Healthcare- Air Logistics,15/09/1968,20/08/1989,,White Collar,Fixed Term,Full Time,Fixed,Active,High,Male,54,"33 Years, 3 Months",33,35980.76,2,0.43,0.98,0.91,2,0,1,0,1,38482.1,0
9463,15737385,Curtis,Account Manager ,20/06/1984,22/02/2020,,White Collar,Fixed Term,Full Time,Fixed,Active,Low,Female,38,"2 Years, 9 Months",2,34187.78,2,0.29,0.9,0.74,1,1,0,1,0,36761.05,0
9464,15714789,Perez,Customer Care Specialist-Key Accounts,01/07/1957,17/11/1999,,White Collar,Fixed Term,Full Time,Fixed,Active,Medium,Male,65,"23 Years, 1 Months",23,27985.54,1,0.25,0.55,0.62,2,0,1,0,1,35878.9,0
9465,15786035,Gosnell,Perishable Customer Care Team Leader - Air Logistics,08/01/1982,18/03/2016,,White Collar,Fixed Term,Full Time,Fixed,Active,Medium,Male,41,"6 Years, 9 Months",6,38430.16,1,0.29,0.52,0.99,2,0,0,1,0,43179.95,0
9466,15815259,Fang,National Perishable Air Logistics Development Manager Seafood,13/04/2001,21/03/2014,,White Collar,Fixed Term,Full Time,Flex and Fixed,Active,Low,Female,21,"8 Years, 8 Months",8,27894.94,1,0.49,0.96,0.78,1,1,1,1,1,32063.15,0
9467,15592716,Clarke,Business Analyst,30/06/1987,29/04/2009,16/10/2014,White Collar,Fixed Term,Full Time,Flex and Fixed,Voluntarily Terminated,Low,Male,35,"5 Years, 5 Months",5,43075.37,2,0.28,0.99,0.7,5,1,0,1,1,46821.05,1
9468,15734850,Milanesi,Apprentice,28/12/2001,12/01/2022,,Blue Collar,Apprentice,Full Time,Fixed,Active,Low,Male,21,"0 Years, 11 Months",0,21215.75,1,0.53,0.66,0.56,0,0,0,1,0,21215.75,0
9469,15638047,Chia,Revenue Care Specialist- Air Logistics,09/06/1964,17/04/2021,,White Collar,Fixed Term,Full Time,Fixed,Active,Low,Female,58,"1 Years, 8 Months",1,41415.75,3,0.21,0.84,0.54,0,1,0,1,0,41415.75,0
9470,15674573,Gearhart,Senior DevOps Engineer,29/04/1979,17/05/2014,,White Collar,Fixed Term,Full Time,Flex and Fixed,Active,High,Female,43,"8 Years, 7 Months",8,62677.16,4,0.24,0.79,0.87,2,1,1,1,1,68127.35,0
9471,15694859,McLean,Network Engineer,20/08/1957,15/01/2021,,White Collar,Fixed Term,Full Time,Flex and Fixed,Active,High,Female,65,"1 Years, 11 Months",1,70868.4,1,0.83,0.75,0.59,0,1,1,1,1,70868.4,0
9472,15776404,Williamson,Warehouse Quality Control Specialist - Air Logistics,12/11/1962,11/10/1997,,Blue Collar,Fixed Term,Full Time,Fixed,Active,Medium,Male,60,"25 Years, 2 Months",25,23188.73,4,0.23,0.52,0.74,2,0,1,1,1,25765.25,0
9473,15579345,Murphy,Customer Servce Administrative Officer,19/03/1992,12/08/2019,,Blue Collar,Fixed Term,Full Time,Fixed,Active,High,Female,30,"3 Years, 4 Months",3,29262.29,3,0.4,0.86,0.86,2,0,1,1,1,32513.65,0
9474,15690733,Angelo,Accounts Payable,25/11/1962,24/12/2016,16/06/2017,White Collar,Fixed Term,Full Time,Fixed,Voluntarily Terminated,High,Male,60,"0 Years, 5 Months",0,31225.14,3,0.14,0.75,0.53,5,1,0,0,0,33940.37,1
9475,15631481,Thomson,Gateway & Procurement Team Leader- Air Logistics,02/03/1979,09/06/2018,,White Collar,Fixed Term,Full Time,Fixed,Active,High,Male,44,"4 Years, 6 Months",4,33687.32,2,0.95,0.73,0.99,1,0,1,1,1,38281.05,0
9476,15620988,Murray,Network Engineer,03/11/1984,22/09/2015,,White Collar,Fixed Term,Full Time,Flex and Fixed,Active,Low,Male,38,"7 Years, 2 Months",7,60594.65,4,0.8,0.98,0.84,2,1,0,1,0,70458.9,0
9477,15571529,Kirby,Perishable Operational Care Specialist - Air Logistics,10/02/1955,29/06/1991,,Blue Collar,Fixed Term,Full Time,Fixed,Active,Medium,Female,68,"31 Years, 5 Months",31,24367.17,3,0.26,0.8,0.84,4,0,0,1,0,36919.95,0
9478,15592104,Lane,National Service Excellence Specialist- Air Logistics,26/11/1973,21/04/2020,05/06/2022,White Collar,Fixed Term,Full Time,Flex and Fixed,Voluntarily Terminated,Low,Female,49,"2 Years, 1 Months",2,31336.17,3,0.1,0.18,0.48,4,0,0,0,0,34061.05,1
9479,15651900,Bergamaschi,BI Developer,24/01/1984,17/08/2000,04/11/2021,White Collar,Fixed Term,Full Time,Flex and Fixed,Voluntarily Terminated,Low,Female,39,"21 Years, 2 Months",21,57024.25,3,0.17,0.37,0.72,5,1,0,1,0,63360.28,1
9480,15596212,Yang,National Air Logistics Gateway Trade Lane Specialist,26/05/1986,07/03/2014,,White Collar,Fixed Term,Full Time,Fixed,Active,High,Male,36,"8 Years, 9 Months",8,29980.02,2,0.47,0.97,0.86,1,0,0,0,0,35690.5,0
9481,15710687,Mills,National Air Logistics Pharma Compliance Specialist,05/10/1955,11/07/1983,,Blue Collar,Fixed Term,Full Time,Fixed,Active,Medium,Female,67,"39 Years, 5 Months",39,21320.82,4,0.28,0.56,0.68,4,0,0,1,0,35534.7,0
9482,15613787,Chidubem,National Perishable Air Logistics Development Manager Seafood,31/01/1992,10/05/2021,,White Collar,Fixed Term,Full Time,Flex and Fixed,Active,Medium,Male,31,"1  Years, 7 Months",1,35081.98,2,0.3,0.74,0.65,1,1,0,1,0,36928.4,0
9483,15599211,Findlay,Customer Servce Administrative Officer,25/09/1984,20/10/2011,20/04/2013,Blue Collar,Fixed Term,Full Time,Fixed,Voluntarily Terminated,Medium,Male,38,"1 Years, 6 Months",1,26882.65,3,0.15,0.63,0.88,5,0,0,1,1,32003.15,1
9484,15675983,Wood,Account Manager ,12/03/1997,07/08/2014,,White Collar,Fixed Term,Full Time,Fixed,Active,Low,Female,25,"8 Years, 4 Months",8,32980.53,1,0.98,0.79,0.78,1,1,1,0,1,35848.4,0
9485,15622370,Boyle,BI Developer,12/04/1986,28/01/2018,,White Collar,Fixed Term,Full Time,Flex and Fixed,Active,Medium,Male,36,"4 Years, 10 Months",4,60053.49,3,0.29,0.75,0.49,2,1,1,0,1,64573.65,0
9486,15656319,Toscano,Business Development Executive,21/07/1990,03/07/2022,,White Collar,Fixed Term,Full Time,Flex and Fixed,Active,High,Male,32,"0 Years, 5 Months",0,42456.8,3,0.24,0.42,0.86,0,0,0,1,0,42456.8,0
9487,15605130,Seccombe,Account Manager ,18/03/1980,23/05/2021,,White Collar,Fixed Term,Full Time,Fixed,Active,High,Male,42,"1  Years, 6 Months",1,32083.15,3,0.4,0.96,0.66,0,1,1,1,1,32083.15,0
9488,15672574,Uspenskaya,Customer Care Specialist-Key Accounts,14/08/1968,20/03/2019,,White Collar,Fixed Term,Full Time,Fixed,Active,High,Female,54,"3 Years, 8 Months",3,30876.98,1,0.22,0.62,0.78,1,0,1,1,1,33201.05,0
9489,15659355,McKenzie,Recruiter,07/03/1989,14/04/2014,,White Collar,Fixed Term,Full Time,Fixed,Active,Medium,Male,34,"8 Years, 8 Months",8,35673.7,2,0.29,0.78,0.96,1,0,1,1,1,41481.05,0
9490,15777907,Liang,Business Development Executive,12/12/1977,06/10/2013,23/02/2017,White Collar,Fixed Term,Full Time,Flex and Fixed,Voluntarily Terminated,High,Female,45,"3 Years, 4 Months",3,34810.05,1,0.29,0.93,0.89,5,0,1,1,1,40476.8,1
9491,15655171,Yermakova,Operations Specialist,08/07/1988,27/02/2020,,Blue Collar,Fixed Term,Full Time,Fixed,Active,Low,Male,34,"2 Years, 9 Months",2,31328.93,4,0.99,0.93,0.87,1,0,1,1,1,35201.05,0
9492,15619674,White,Inside Sales Executive/ Account Manager,07/05/1980,07/06/2020,,White Collar,Fixed Term,Full Time,Flex and Fixed,Active,High,Female,42,"2 Years, 6 Months",2,35400.8,4,0.36,0.45,0.42,2,1,1,1,1,37660.43,0
9493,15775192,Rounsevell,Sales Account Manager,27/08/1989,31/03/2014,20/11/2014,White Collar,Fixed Term,Full Time,Fixed,Voluntarily Terminated,Medium,Female,33,"0 Years, 7 Months",0,34821.49,3,0.1,0.44,0.56,5,1,0,1,0,37849.45,1
9494,15617657,Ts'ai,Finance Analyst,27/09/1984,23/11/2015,,White Collar,Fixed Term,Full Time,Flex and Fixed,Active,Low,Female,38,"7  Years, 0 Months",7,47803.42,2,0.59,0.57,0.55,1,1,1,1,1,50854.7,0
9495,15688951,Stoneman,Project Manager,15/01/1963,14/12/1997,03/05/2015,White Collar,Fixed Term,Full Time,Flex and Fixed,Voluntarily Terminated,High,Male,60,"17 Years, 4 Months",17,34072.46,3,0.27,0.77,0.51,5,1,1,0,1,40085.25,1
9496,15763460,Yao,Gateway & Procurement Team Leader- Air Logistics,14/10/2000,14/03/2015,,White Collar,Fixed Term,Full Time,Fixed,Active,Medium,Male,22,"7 Years, 9 Months",7,35738.89,3,0.65,0.6,0.98,1,0,0,1,0,42546.3,0
9497,15756992,Chukwukere,National Air Logistics Gateway Trade Lane Specialist,02/01/1989,04/10/2020,,White Collar,Fixed Term,Full Time,Fixed,Active,Low,Male,34,"2 Years, 2 Months",2,32420.89,1,0.65,0.6,0.94,1,0,0,1,0,35627.35,0
9498,15617454,Ifeatu,IT-Support,08/05/1956,18/09/1991,,White Collar,Fixed Term,Full Time,Fixed,Active,Medium,Female,66,"31  Years, 3 Months",31,22704.84,4,0.8,0.59,0.43,2,0,1,0,0,37221.05,0
9499,15701932,Millar,Gateway & Procurement Specialist - Air Logistics,08/01/1998,27/09/2017,,Blue Collar,Fixed Term,Full Time,Fixed,Active,High,Female,25,"5 Years, 2 Months",5,32451.95,2,0.52,0.61,0.57,2,0,1,1,1,34159.95,0
9500,15700813,Igwebuike,Trucking Team Leader- Air Logistics,04/08/1968,13/11/1996,,White Collar,Fixed Term,Full Time,Fixed,Active,Medium,Female,54,"26 Years, 1 Months",26,36279.74,2,0.26,0.5,0.95,4,0,0,1,0,41700.85,0
9501,15645600,Obidimkpa,Warehouse Quality Control Specialist - Air Logistics,10/05/1997,06/07/2016,,Blue Collar,Fixed Term,Full Time,Fixed,Active,Low,Female,25,"6 Years, 5 Months",6,23071.82,3,0.11,0.91,0.94,2,0,1,1,1,25353.65,0
9502,15634146,Hou,Regional Air logistics Trainer Specialist,08/07/1996,24/06/2017,,White Collar,Fixed Term,Full Time,Fixed,Active,Low,Male,26,"5 Years, 5 Months",5,33244.67,1,0.36,0.78,0.65,1,0,1,1,1,36532.6,0
9503,15686743,Moody,Customer Brokerage Specialist,30/04/1979,29/09/2016,,Blue Collar,Fixed Term,Full Time,Fixed,Active,Low,Male,43,"6 Years, 2 Months",6,31373.89,3,0.2,0.73,0.76,2,1,1,1,1,34476.8,0
9504,15698792,Keldie,Software Engineer,28/09/1978,21/07/2016,,White Collar,Fixed Term,Full Time,Flex and Fixed,Active,Low,Female,44,"6 Years, 4 Months",6,65970.04,2,0.87,0.51,0.59,1,1,1,0,1,70180.89,0
9505,15591724,Liu,National Air Logistics Gateway Trade Lane Specialist,11/03/1978,24/02/2016,,White Collar,Fixed Term,Full Time,Fixed,Active,Medium,Female,45,"6 Years, 9 Months",6,31121.6,4,0.1,0.65,0.82,1,0,0,1,0,36613.65,0
9506,15571281,Ts'ao,BI Developer,13/09/1984,09/12/2010,,White Collar,Fixed Term,Full Time,Flex and Fixed,Active,Medium,Male,38,"12 Years, 0 Months",12,57010.55,4,0.4,0.64,0.87,2,1,1,1,1,64056.8,0
9507,15661380,Walker,Perishable Customer Care Team Leader - Air Logistics,21/04/1992,25/03/2006,,White Collar,Fixed Term,Full Time,Fixed,Active,Medium,Male,30,"16 Years, 8 Months",16,39142.42,2,0.89,0.5,0.63,1,0,1,0,1,43013.65,0
9508,15728885,Defalco,Trucking Team Leader- Air Logistics,09/01/1967,27/08/2006,,White Collar,Fixed Term,Full Time,Fixed,Active,Medium,Male,56,"16  Years, 3 Months",16,39217.79,2,0.38,0.53,0.58,1,0,1,1,0,41721.05,0
9509,15618950,Lo Duca,National Perishable Air Logistics Development Manager Seafood,23/04/1979,04/11/2012,,White Collar,Fixed Term,Full Time,Flex and Fixed,Active,Low,Male,43,"10  Years, 1 Months",10,30529.87,4,0.16,0.57,0.76,2,1,1,1,1,37231.55,0
9510,15609804,Hyde,Accounts Payable,23/03/1979,23/08/2021,,White Collar,Fixed Term,Full Time,Fixed,Active,High,Male,43,"1  Years, 3 Months",1,33777.85,2,0.38,0.77,0.91,0,1,0,1,0,33777.85,0
9511,15735849,Kanayochukwu,National Perishable Air Logistics Development Manager Seafood,08/06/1983,11/01/2021,,White Collar,Fixed Term,Full Time,Flex and Fixed,Active,Medium,Female,39,"1  Years, 11 Months",1,33735.75,2,0.66,0.94,0.77,0,1,1,0,1,33735.75,0
9512,15652948,Yen,Warehouse Apprentice- Air Logistics,26/01/2004,16/06/2022,,Blue Collar,Apprentice,Full Time,Fixed,Active,Low,Male,19,"0 Years, 6 Months",0,22206.3,2,0.91,0.5,0.53,0,0,0,1,0,22206.3,0
9513,15618155,Ts'ui,Customer Care Specialist-Key Accounts,27/07/1998,08/11/2018,,White Collar,Fixed Term,Full Time,Fixed,Active,High,Male,24,"4 Years, 1 Months",4,32015.47,4,0.48,0.47,0.57,2,0,1,1,1,33349.45,0
9514,15566378,Tillman,Customer Brokerage Specialist,09/07/1966,13/03/2003,,Blue Collar,Fixed Term,Full Time,Fixed,Active,High,Male,56,"19  Years, 9 Months",19,31299.98,1,0.22,0.92,0.54,1,1,1,0,1,33297.85,0
9515,15565879,Riley,Data Analyst,18/02/1964,16/09/2016,,White Collar,Fixed Term,Full Time,Flex and Fixed,Active,High,Female,59,"6  Years, 3 Months",6,45968.98,2,0.19,0.9,0.87,1,1,1,1,1,48388.4,0
9516,15792922,Tu,National Perishable Air Logistics Development Manager Seafood,28/12/1962,20/09/1998,,White Collar,Fixed Term,Full Time,Flex and Fixed,Active,Medium,Male,60,"24 Years, 2 Months",24,32865.04,2,0.65,0.54,0.46,2,1,1,1,1,33535.75,0
9517,15770567,Ruiz,Data Analyst,22/01/1986,07/07/2020,,White Collar,Fixed Term,Full Time,Flex and Fixed,Active,High,Female,37,"2 Years, 5 Months",2,50904.29,4,0.19,0.58,0.97,2,1,1,1,1,51943.15,0
9518,15738042,Goliwe,Customer Care Specialist-Key Accounts,19/02/1997,07/04/2021,,White Collar,Fixed Term,Full Time,Fixed,Active,High,Male,26,"1  Years, 8 Months",1,34252.6,1,0.28,0.95,0.87,0,0,1,1,0,34252.6,0
9519,15714920,Balashov,National Perishable Air Logistics Development Manager Seafood,02/05/2001,06/05/2013,,White Collar,Fixed Term,Full Time,Flex and Fixed,Active,Medium,Male,21,"9 Years, 7 Months",9,27701.03,1,0.29,0.52,0.71,1,1,1,1,1,32210.5,0
9520,15782121,Leonard,Trucking Team Leader- Air Logistics,17/08/1985,23/04/2017,,White Collar,Fixed Term,Full Time,Fixed,Active,Medium,Female,37,"5 Years, 7 Months",5,38315.97,4,0.9,0.83,0.51,3,0,0,1,0,40332.6,0
9521,15673180,Onyekaozulu,Perishable Operational Care Specialist - Air Logistics,22/12/1984,03/01/2019,,Blue Collar,Fixed Term,Full Time,Fixed,Active,High,Female,38,"3 Years, 11 Months",3,34202.42,3,0.27,0.54,0.92,3,0,0,1,0,35260.23,0
9522,15660636,Carpenter,Data Engineer,06/01/1990,14/05/2018,,White Collar,Fixed Term,Full Time,Flex and Fixed,Active,Medium,Female,33,"4 Years, 7 Months",4,66016.66,4,0.16,0.8,0.85,2,1,0,1,0,68767.35,0
9523,15664504,Beede,National Perishable Air Logistics Development Manager Retail,07/09/1993,15/05/2017,,White Collar,Fixed Term,Full Time,Flex and Fixed,Active,High,Male,29,"5 Years, 7 Months",5,31802.18,2,0.41,0.52,0.57,4,1,1,1,1,35335.75,0
9524,15790322,Beneventi,Customer Servce Administrative Officer,18/09/1959,28/01/2001,,Blue Collar,Fixed Term,Full Time,Fixed,Active,Medium,Female,63,"21  Years, 10 Months",21,29655.21,2,0.71,0.83,0.8,2,0,0,1,0,31716.8,0
9525,15739847,Sadlier,Project Coordinator,12/01/1992,01/05/2022,,White Collar,Fixed Term,Full Time,Fixed,Active,Medium,Male,31,"0 Years, 7 Months",0,34509.45,4,0.47,0.74,0.55,0,0,0,1,0,34509.45,0
9526,15699415,Lewis,Gateway & Procurement Specialist - Air Logistics,25/04/2001,26/05/2021,07/07/2022,Blue Collar,Fixed Term,Full Time,Fixed,Voluntarily Terminated,Low,Female,21,"1  Years, 6 Months",1,32436.26,3,0.35,0.87,0.71,5,0,0,1,0,35256.8,1
9527,15665521,Chiazagomekpele,Data Engineer,14/03/1967,19/10/1997,,White Collar,Fixed Term,Full Time,Flex and Fixed,Active,Medium,Male,56,"25 Years, 1 Months",25,64114.15,3,0.13,0.45,0.87,1,1,1,0,1,68939.95,0
9528,15682868,Elliott,BI Developer,18/02/1975,01/03/2015,05/09/2021,White Collar,Fixed Term,Full Time,Flex and Fixed,Voluntarily Terminated,Medium,Female,48,"6 Years, 6 Months",6,55391.69,3,0.53,0.72,0.72,5,1,1,1,1,62237.85,1
9529,15584462,Liang,BI Developer,16/06/1982,16/05/2020,,White Collar,Fixed Term,Full Time,Flex and Fixed,Active,High,Male,40,"2 Years, 7 Months",2,56941.44,4,0.27,0.73,0.85,1,1,0,1,0,61227.35,0
9530,15661708,She,Accounting Coordinator,22/06/1979,26/11/2012,,White Collar,Fixed Term,Full Time,Fixed,Active,Medium,Female,43,"10  Years, 0 Months",10,30435.78,3,0.58,0.51,0.88,7,1,1,1,1,37116.8,0
9531,15584452,Bozeman,National Air Logistics Pharma Compliance Specialist,16/10/1974,17/09/2012,,Blue Collar,Fixed Term,Full Time,Fixed,Active,High,Male,48,"10  Years, 3 Months",10,30604.46,1,0.28,0.55,0.55,3,0,0,0,0,36005.25,0
9532,15717010,Yu,Data Analyst,16/04/1963,25/06/1986,,White Collar,Fixed Term,Full Time,Flex and Fixed,Active,Low,Female,59,"36 Years, 5 Months",36,42693.12,3,0.53,0.89,0.69,3,1,1,1,1,47436.8,0
9533,15643828,Teng,National Perishable Air Logistics Development Manager Retail,05/04/1977,03/10/2020,,White Collar,Fixed Term,Full Time,Flex and Fixed,Active,Medium,Male,45,"2 Years, 2 Months",2,35493.37,3,0.37,0.85,0.86,1,1,1,1,1,37758.9,0
9534,15733361,Davide,National Perishable Air Logistics Development Manager Retail,03/06/1988,05/12/1993,30/01/2022,White Collar,Fixed Term,Full Time,Flex and Fixed,Voluntarily Terminated,High,Female,34,"28 Years, 1 Months",28,31359.56,2,0.18,0.29,0.85,5,1,0,1,0,34461.05,1
9535,15795488,Beneventi,Warehouse Quality Control Specialist - Air Logistics,06/11/1959,05/07/2004,,Blue Collar,Fixed Term,Full Time,Fixed,Active,High,Male,63,"18 Years, 5 Months",18,26576.93,1,0.35,0.96,0.5,1,0,0,1,0,27398.9,0
9536,15581551,Yobachukwu,National Perishable Air Logistics Development Manager Retail,22/01/1955,12/12/2001,,White Collar,Fixed Term,Full Time,Flex and Fixed,Active,Medium,Male,68,"21 Years, 0 Months",21,23202.94,3,0.28,0.9,0.68,2,1,1,1,1,32226.3,0
9537,15632051,Douglas,Finance Analyst,16/12/1992,06/01/2006,17/09/2016,White Collar,Fixed Term,Full Time,Flex and Fixed,Voluntarily Terminated,Low,Female,30,"10 Years, 8 Months",10,43431.96,3,0.54,0.28,0.94,4,1,0,1,0,48799.95,1
9538,15780409,Egobudike,Gateway & Procurement Specialist - Air Logistics,21/02/1984,11/06/1992,,Blue Collar,Fixed Term,Full Time,Fixed,Active,Low,Male,39,"30 Years, 6 Months",30,32520.01,2,0.3,0.93,0.98,2,0,0,1,0,34595.75,0
9539,15572767,Shelby,Software Engineer,29/12/1972,16/02/2022,,White Collar,Fixed Term,Full Time,Flex and Fixed,Active,Low,Male,50,"0 Years, 10 Months",0,70823.15,4,0.39,0.51,0.57,0,1,0,1,0,70823.15,0
9540,15590337,Golubov,Account Manager ,28/05/1986,10/11/2016,11/01/2018,White Collar,Fixed Term,Full Time,Fixed,Voluntarily Terminated,High,Male,36,"1 Years, 2 Months",1,29801.04,3,0.59,0.97,0.76,4,1,1,1,1,32748.4,1
9541,15634551,Williamson,National Service Excellence Specialist- Air Logistics,25/09/2000,12/07/2009,13/11/2015,White Collar,Fixed Term,Full Time,Flex and Fixed,Voluntarily Terminated,Medium,Male,22,"6 Years, 4 Months",6,31017.37,3,0.49,0.71,0.55,5,0,0,1,0,33280.44,1
9542,15669290,Fan,Trucking Specialist - Air Logistics,19/05/1968,17/12/1986,,Blue Collar,Fixed Term,Full Time,Fixed,Active,High,Male,54,"36  Years, 0 Months",36,33535.32,4,0.57,0.52,0.69,2,0,1,1,1,35982.1,0
9543,15621140,Nwebube,Software Engineer,11/08/1963,15/09/2005,,White Collar,Fixed Term,Full Time,Flex and Fixed,Active,Medium,Male,59,"17  Years, 3 Months",17,63543.71,3,0.08,0.87,0.84,3,1,1,1,1,68179.95,0
9544,15613518,Bellucci,Human Resoruces Coordinator,31/05/1969,31/08/1999,,White Collar,Fixed Term,Full Time,Fixed,Active,High,Female,53,"23 Years, 3 Months",23,30549.006,2,0.36,0.78,0.61,3,0,1,0,1,35522.1,0
9545,15728043,Udinese,Road Logistics Sales Representative,10/10/2001,25/01/2022,,White Collar,Fixed Term,Full Time,Fixed,Active,High,Female,21,"0 Years, 10 Months",0,35038.9,4,0.09,0.57,0.82,0,0,0,1,0,35038.9,0
9546,15570073,Marian,Finance Analyst,08/05/1974,20/09/2017,,White Collar,Fixed Term,Full Time,Flex and Fixed,Active,High,Male,48,"5 Years, 2 Months",5,46525.83,4,0.2,0.8,0.49,1,1,1,1,1,50571.55,0
9547,15777033,Chizoba,BI Developer,17/09/1983,25/08/2017,,White Collar,Fixed Term,Full Time,Flex and Fixed,Active,Medium,Male,39,"5 Years, 3 Months",5,58106.81,2,0.27,0.95,0.95,2,1,1,1,1,61815.75,0
9548,15682454,McFarland,Internal Trainer,28/10/1988,24/02/2019,,White Collar,Fixed Term,Full Time,Fixed,Active,High,Female,34,"3 Years, 9 Months",3,28543.46,2,0.3,0.72,0.73,2,0,1,1,1,32435.75,0
9549,15758513,McDonald,Sea Logiscitcs Customer Care Specialist ,22/08/1989,30/05/2013,,Blue Collar,Fixed Term,Full Time,Fixed,Active,Medium,Male,33,"9 Years, 6 Months",9,33516.06,2,0.2,0.61,0.37,2,0,0,1,0,36430.5,0
9550,15772604,Chiemezie,Sales Account Manager,05/08/1955,20/05/2002,,White Collar,Fixed Term,Full Time,Fixed,Active,High,Male,67,"20 Years, 6 Months",20,29977.44,2,0.96,0.79,0.39,2,1,0,1,0,36557.85,0
9551,15721715,Fane,National Service Excellence Specialist- Air Logistics,15/11/1984,17/02/2016,,White Collar,Fixed Term,Full Time,Flex and Fixed,Active,High,Female,38,"6 Years, 10 Months",6,27750.25,1,0.9,0.72,0.59,2,0,1,1,1,32647.35,0
9552,15688563,Marchesi,Business Development Manager,23/12/1964,01/01/2007,,White Collar,Fixed Term,Full Time,Flex and Fixed,Active,High,Male,58,"15 Years, 11 Months",15,45916.51,1,0.94,0.86,0.91,3,1,0,1,0,48847.35,0
9553,15772009,Scott,Transport Controller,25/09/1978,12/09/2019,,Blue Collar,Fixed Term,Full Time,Fixed,Active,Medium,Female,44,"3 Years, 3 Months",3,24859.37,3,0.3,0.69,0.67,2,0,1,1,0,27021.05,0
9554,15809585,H?,Warehouse Quality Control Specialist - Air Logistics,10/02/1972,20/11/2017,,Blue Collar,Fixed Term,Full Time,Fixed,Active,Medium,Male,51,"5 Years, 0 Months",5,25128.55,4,0.18,0.5,0.65,2,0,0,1,0,27019.95,0
9555,15593778,Craig,Trucking Specialist - Air Logistics,16/04/1965,15/06/1989,07/10/2021,Blue Collar,Fixed Term,Full Time,Fixed,Voluntarily Terminated,Low,Female,57,"32 Years, 3 Months",32,28910.11,1,0.16,0.62,0.68,5,0,0,1,0,34416.8,1
9556,15655360,Chikelu,IT-Support,25/03/1985,03/09/2015,02/03/2017,White Collar,Fixed Term,Full Time,Fixed,Voluntarily Terminated,High,Female,37,"7  Years, 3 Months",7,36229.34,3,0.46,0.76,0.55,4,0,0,1,0,37738.9,1
9557,15780909,Caffyn,Project Manager,31/08/1973,12/05/2007,09/02/2017,White Collar,Fixed Term,Full Time,Flex and Fixed,Voluntarily Terminated,Low,Male,49,"9 Years, 8 Months",9,38706.61,2,0.46,0.97,0.88,5,1,0,0,0,41620.01,1
9558,15757310,Otitodilichukwu,Customer Care Specialist-Key Accounts,10/08/1980,25/12/2019,,White Collar,Fixed Term,Full Time,Fixed,Active,High,Male,42,"2 Years, 11 Months",2,33133.26,4,0.45,0.78,0.57,2,0,1,1,1,33809.45,0
9559,15801411,Green,National Air Logistics Pharma Compliance Specialist,14/02/1999,22/05/2020,18/06/2020,Blue Collar,Fixed Term,Full Time,Fixed,Voluntarily Terminated,High,Male,24,"0 Years, 0 Months",0,30611.02,4,0.19,0.81,0.89,5,0,0,1,0,34785.25,1
9560,15761706,Y?an,Transport Controller,28/10/1958,04/01/1998,,Blue Collar,Fixed Term,Full Time,Fixed,Active,High,Female,64,"24  Years, 11 Months",24,24136.42,4,0.57,0.8,0.95,1,0,1,1,1,25142.1,0
9561,15658409,Mao,Finance Analyst,30/05/1984,04/01/2004,21/07/2019,White Collar,Fixed Term,Full Time,Flex and Fixed,Voluntarily Terminated,High,Male,38,"15 Years, 6 Months",15,43048.85,3,0.45,0.72,0.5,4,1,1,1,1,50056.8,1
9562,15810010,Dahlenburg,Inventory Clerk,12/10/2002,23/06/2020,,Blue Collar,Fixed Term,Full Time,Fixed,Active,High,Male,20,"2 Years, 5 Months",2,24637.23,3,0.94,0.8,0.5,2,0,0,1,0,27374.7,0
9563,15627027,Shih,Gateway & Procurement Specialist - Air Logistics,24/04/1987,05/01/2022,,Blue Collar,Fixed Term,Full Time,Fixed,Active,Medium,Male,35,"0 Years, 11 Months",0,36952.6,4,0.97,0.76,0.74,0,0,1,1,1,36952.6,0
9564,15624374,Maclean,Road Logistics Sales Representative,04/09/2002,27/05/2022,,White Collar,Fixed Term,Full Time,Fixed,Active,High,Male,20,"0 Years, 6 Months",0,32377.85,4,0.27,0.58,0.73,0,0,1,0,0,32377.85,0
9565,15720083,Fiorentino,Regional Air logistics Trainer Specialist,07/02/2000,23/11/2021,,White Collar,Fixed Term,Full Time,Fixed,Active,High,Male,23,"1  Years, 0 Months",1,34293.65,1,0.39,0.75,0.75,0,0,1,0,1,34293.65,0
9566,15752294,Long,Finance Analyst,30/07/1959,24/10/2010,19/03/2022,White Collar,Fixed Term,Full Time,Flex and Fixed,Voluntarily Terminated,High,Female,63,"11 Years, 4 Months",11,45607.77,2,0.22,0.94,0.49,5,1,1,1,1,48518.9,1
9567,15743193,Olson,Warehouse Quality Control Specialist - Air Logistics,28/01/1981,14/06/2017,01/05/2019,Blue Collar,Fixed Term,Full Time,Fixed,Voluntarily Terminated,Low,Male,42,"1 Years, 10 Months",1,24153.02,1,0.27,0.93,0.59,5,0,0,1,1,25694.7,1
9568,15696733,McKenzie,Data Engineer,10/08/1978,12/10/2015,,White Collar,Fixed Term,Full Time,Flex and Fixed,Active,Medium,Male,44,"7 Years, 2 Months",7,58178.36,4,0.14,0.96,0.92,1,1,0,1,0,69259.95,0
9569,15677522,Rossi,Sales Specialist-Air Logitics ,31/07/2001,16/11/2012,,Blue Collar,Fixed Term,Full Time,Fixed,Active,High,Male,21,"10 Years, 1 Months",10,29164.73,4,0.26,0.61,0.57,2,0,0,0,0,32405.25,0
9570,15643523,Power,Human Resoruces Coordinator,19/10/1981,07/10/2021,,White Collar,Fixed Term,Full Time,Fixed,Active,Medium,Female,41,"1  Years, 2 Months",1,33345.25,3,0.29,0.75,0.71,0,0,0,1,0,33345.25,0
9571,15624936,Yen,Customer Brokerage Specialist,09/10/1986,12/11/2017,,Blue Collar,Fixed Term,Full Time,Fixed,Active,Medium,Male,36,"5 Years, 1 Months",5,30971,4,0.43,0.6,0.59,2,1,1,1,0,32601.05,0
9572,15716085,Norris,Analyst Programmer ,22/11/1982,04/02/2012,29/05/2013,White Collar,Fixed Term,Full Time,Flex and Fixed,Voluntarily Terminated,Low,Female,40,"10  Years, 10 Months",10,48655.4,2,0.27,0.65,0.48,4,1,0,1,0,60068.4,1
9573,15641688,Collier,Warehouse Quality Control Specialist - Air Logistics,18/04/1984,24/11/2016,06/09/2019,Blue Collar,Fixed Term,Full Time,Fixed,Voluntarily Terminated,Medium,Male,38,"2 Years, 9 Months",2,26411.98,1,0.3,0.59,0.79,4,0,1,0,1,28097.85,1
9574,15796834,Rivers,Perishable Operational Care Specialist - Air Logistics,15/08/1969,17/02/2005,,Blue Collar,Fixed Term,Full Time,Fixed,Active,Medium,Male,53,"17 Years, 10 Months",17,32178.98,3,0.27,0.93,0.78,1,0,1,1,1,34601.05,0
9575,15720123,Hudson,Accounting Coordinator,26/08/1988,11/07/2017,,White Collar,Fixed Term,Full Time,Fixed,Active,Medium,Male,34,"5 Years, 5 Months",5,30625.56,4,0.29,0.5,1,1,1,0,1,0,34028.4,0
9576,15604732,Milani,Analyst Programmer ,01/07/1956,26/01/2006,,White Collar,Fixed Term,Full Time,Flex and Fixed,Active,Medium,Female,66,"16 Years, 10 Months",16,56558.62,3,0.19,0.62,0.55,3,1,0,0,0,60490.5,0
9577,15723484,Hunt,National Service Excellence Specialist- Air Logistics,10/02/1979,21/07/2016,,White Collar,Fixed Term,Full Time,Flex and Fixed,Active,High,Female,44,"6 Years, 4 Months",6,29868.45,1,0.6,0.55,0.58,2,0,0,1,0,34331.55,0
9578,15807120,Oluchukwu,Finance Analyst,29/06/1969,21/05/1998,26/10/2015,White Collar,Fixed Term,Full Time,Flex and Fixed,Voluntarily Terminated,Medium,Female,53,"17 Years, 5 Months",17,46650.7,2,0.51,0.66,0.87,4,1,0,1,0,49628.4,1
9579,15810891,Lorenzo,Transport Controller,18/05/1967,18/02/2002,,Blue Collar,Fixed Term,Full Time,Fixed,Active,Medium,Male,55,"20 Years, 10 Months",20,22948.87,2,0.57,0.55,0.95,1,0,1,0,1,25785.25,0
9580,15640407,Chidiegwu,Trucking Specialist - Air Logistics,25/03/1985,27/05/2021,,Blue Collar,Fixed Term,Full Time,Fixed,Active,High,Male,37,"1  Years, 6 Months",1,36266.3,4,0.17,0.91,0.66,0,0,1,1,1,36266.3,0
9581,15778838,Warren,Warehouse Specialist - Air Logistics,10/06/1984,23/11/2021,,Blue Collar,Fixed Term,Full Time,Fixed,Active,Low,Male,38,"1 Years, 0 Months",1,25737.85,1,0.48,0.59,0.51,0,0,0,1,0,25737.85,0
9582,15709256,Glover,Analyst Programmer ,15/10/1976,29/08/2015,,White Collar,Fixed Term,Full Time,Flex and Fixed,Active,Medium,Female,46,"7 Years, 3 Months",7,50501.68,3,0.16,0.74,0.54,1,1,1,1,1,60121.05,0
9583,15742285,Andersen,National Perishable Air Logistics Development Manager Seafood,08/06/1984,18/03/2005,,White Collar,Fixed Term,Full Time,Flex and Fixed,Active,High,Male,38,"17 Years, 9 Months",17,29991.01,4,1,0.43,0.51,2,1,1,1,1,32248.4,0
9584,15729019,Arcuri,National Perishable Air Logistics Development Manager Retail,26/06/1965,17/03/2021,,White Collar,Fixed Term,Full Time,Flex and Fixed,Active,Medium,Male,57,"1 Years, 9 Months",1,34493.65,2,0.17,0.85,0.99,0,1,0,1,0,34493.65,0
9585,15608588,Mackinlay,Customer Care Specialist-Key Accounts,09/12/1987,13/05/2011,19/07/2017,White Collar,Fixed Term,Full Time,Fixed,Voluntarily Terminated,High,Male,35,"6 Years, 2 Months",6,34338.67,1,0.08,0.46,0.54,5,0,1,1,1,36530.5,1
9586,15610557,McCarthy,National Air Logistics Gateway Trade Lane Specialist,19/08/1980,15/01/2020,,White Collar,Fixed Term,Full Time,Fixed,Active,High,Female,42,"2 Years, 11 Months",2,35121.09,4,0.28,0.48,0.56,2,0,1,1,1,35837.85,0
9587,15786418,Chiu,National Perishable Air Logistics Development Manager Seafood,25/10/1987,14/04/2020,,White Collar,Fixed Term,Full Time,Flex and Fixed,Active,High,Female,35,"2 Years, 8 Months",2,37139.89,1,0.29,0.96,1,1,1,1,0,1,37897.85,0
9588,15653050,Norriss,Accounts Payable,23/10/1986,30/09/2016,,White Collar,Fixed Term,Full Time,Fixed,Active,High,Female,36,"6 Years, 2 Months",6,27743.86,4,0.26,0.55,0.9,1,1,0,1,0,33028.4,0
9589,15744914,Moore,Data Analyst,06/05/1966,17/09/2002,,White Collar,Fixed Term,Full Time,Flex and Fixed,Active,Low,Male,56,"20 Years, 3 Months",20,43056.59,2,0.3,0.82,0.74,3,1,0,1,0,51257.85,0
9590,15669611,Mott,Accounting Coordinator,29/03/1999,27/12/2013,,White Collar,Fixed Term,Full Time,Fixed,Active,Low,Male,23,"8 Years, 11 Months",8,29916.39,4,0.97,0.78,0.65,3,1,1,1,1,35195.75,0
9591,15594786,Ts'ai,Inside Sales Executive/ Account Manager,26/02/1998,16/10/2022,,White Collar,Fixed Term,Full Time,Flex and Fixed,Active,Medium,Male,25,"0 Years, 2 Months",0,37193.65,3,0.28,0.69,0.71,0,1,1,1,1,37193.65,0
9592,15649211,Fokina,Perishable Customer Care Team Leader - Air Logistics,19/09/1999,26/07/2022,,White Collar,Fixed Term,Full Time,Fixed,Active,Medium,Male,23,"0 Years, 4 Months",0,41515.75,4,0.12,0.61,0.68,0,0,0,1,0,41515.75,0
9593,15766066,Nikitina,Perishable Apprentice- Air Logistics,30/10/2002,03/11/2022,,Blue Collar,Apprentice,Full Time,Fixed,Active,Low,Female,20,"0 Years, 1 Months",0,22433.65,4,0.29,0.53,0.7,0,0,0,1,0,22433.65,0
9594,15772216,Henry,Java Software Engineer ,28/06/1972,19/03/2018,,White Collar,Fixed Term,Full Time,Flex and Fixed,Active,High,Female,50,"4 Years, 8 Months",4,58799.34,3,0.26,0.65,0.77,1,1,1,0,1,65332.6,0
9595,15619898,Chiefo,Data Engineer,14/09/1985,08/01/2016,,White Collar,Fixed Term,Full Time,Flex and Fixed,Active,Low,Male,37,"6 Years, 11 Months",6,65497.93,4,0.92,0.57,0.53,1,1,1,1,1,71975.75,0
9596,15724543,Mao,Trucking Specialist - Air Logistics,13/03/1970,27/09/1991,,Blue Collar,Fixed Term,Full Time,Fixed,Active,Low,Male,53,"31 Years, 2 Months",31,35226.35,3,1,0.6,0.5,2,0,1,1,1,35945.25,0
9597,15755084,Bezrukova,Data Analyst,30/07/1985,05/04/2019,,White Collar,Fixed Term,Full Time,Flex and Fixed,Active,High,Male,37,"3 Years, 8 Months",3,46798.93,3,0.19,0.79,0.55,2,1,0,1,0,50868.4,0
9598,15730441,Dodd,Air Export Operations Manager,07/06/1977,01/05/2018,,White Collar,Fixed Term,Full Time,Fixed,Active,High,Male,45,"4 Years, 7 Months",4,61071.03,4,0.98,0.41,0.5,3,1,1,1,1,69398.9,0
9599,15666767,Lori,Business Development Executive,01/09/1974,21/01/2020,,White Collar,Fixed Term,Full Time,Flex and Fixed,Active,Low,Male,48,"2 Years, 10 Months",2,39904.91,1,0.44,0.79,0.72,1,0,0,0,0,43851.55,0
9600,15690456,Yudina,National Air Logistics Pharma Compliance Specialist,20/05/1997,15/07/2019,,Blue Collar,Fixed Term,Full Time,Fixed,Active,Low,Female,25,"3 Years, 5 Months",3,33704.93,4,0.29,0.5,0.8,1,0,1,0,1,34747.35,0
9601,15570533,Conti,Business Analyst,23/03/1963,25/06/2018,20/05/2022,White Collar,Fixed Term,Full Time,Flex and Fixed,Voluntarily Terminated,Medium,Female,59,"3 Years, 10 Months",3,39989.05,4,0.26,0.8,0.76,4,1,1,0,1,46498.9,1
9602,15797692,Volkova,Operations Specialist,03/03/1979,18/12/2016,,Blue Collar,Fixed Term,Full Time,Fixed,Active,Medium,Female,44,"6 Years, 0 Months",6,34364.97,3,0.89,0.61,0.79,2,0,0,1,0,36173.65,0
9603,15603135,Boni,Software Engineer,27/08/1962,23/11/2007,16/05/2022,White Collar,Fixed Term,Full Time,Flex and Fixed,Voluntarily Terminated,Low,Female,60,"14 Years, 5 Months",14,64166.35,2,0.18,0.99,0.68,4,1,0,0,1,66839.95,1
9604,15698927,Ritchie,Warehouse Apprentice- Air Logistics,28/08/2003,12/05/2022,,Blue Collar,Apprentice,Full Time,Fixed,Active,Low,Male,19,"0 Years, 7 Months",0,21296.8,4,0.26,0.77,0.86,0,0,1,1,1,21296.8,0
9605,15687363,McMillan,National Perishable Air Logistics Development Manager Retail,16/01/1992,28/10/2018,,White Collar,Fixed Term,Full Time,Flex and Fixed,Active,Medium,Male,31,"4 Years, 1 Months",4,32932.8,4,0.14,0.7,0.52,1,1,1,1,1,37003.15,0
9606,15733444,Phillips,Transport Controller,02/01/1959,01/09/1991,,Blue Collar,Fixed Term,Full Time,Fixed,Active,High,Female,64,"31 Years, 3 Months",31,26540.2,1,0.75,0.55,0.87,1,0,0,0,0,28537.85,0
9607,15678057,Lombardi,Warehouse Specialist - Air Logistics,04/05/1984,26/07/2005,,Blue Collar,Fixed Term,Full Time,Fixed,Active,Low,Male,38,"17 Years, 4 Months",17,22597.83,4,0.28,0.87,0.63,2,0,0,0,0,27226.3,0
9608,15806918,Ireland,Account Manager ,17/04/1971,13/06/2014,,White Collar,Fixed Term,Full Time,Fixed,Active,High,Male,51,"8 Years, 6 Months",8,28742.1,4,0.12,0.97,0.6,1,1,1,1,1,33421.05,0
9609,15638247,Boan,Java Software Engineer ,24/09/1982,10/02/2017,,White Collar,Fixed Term,Full Time,Flex and Fixed,Active,Low,Male,40,"5 Years, 10 Months",5,65998.97,3,0.29,0.56,0.99,2,1,0,1,0,69472.6,0
9610,15674833,Shao,Network Engineer,04/09/1977,28/03/2017,,White Collar,Fixed Term,Full Time,Flex and Fixed,Active,High,Female,45,"5 Years, 8 Months",5,62107.35,2,0.7,0.99,0.81,2,1,0,1,0,66782.1,0
9611,15812534,Chiemenam,Human Resoruces Coordinator,27/06/1981,14/06/2015,,White Collar,Fixed Term,Full Time,Fixed,Active,Medium,Male,41,"7 Years, 6 Months",7,30940.85,4,0.88,0.57,0.66,3,0,1,0,1,35564.2,0
9612,15586522,Hunter,IT System Engineer,26/08/1967,28/03/2012,,White Collar,Fixed Term,Full Time,Flex and Fixed,Active,Medium,Male,55,"10 Years, 8 Months",10,60130.73,2,0.83,1,0.84,1,1,0,1,0,71584.2,0
9613,15794297,McKay,Java Software Engineer ,20/03/1972,22/08/2013,,White Collar,Fixed Term,Full Time,Flex and Fixed,Active,Medium,Male,50,"9 Years, 3 Months",9,64160.73,4,0.48,0.97,0.74,2,1,0,1,0,70506.3,0
9614,15737025,Roberts,Sales Account Manager,18/07/1996,29/03/2016,09/09/2017,White Collar,Fixed Term,Full Time,Fixed,Voluntarily Terminated,High,Male,26,"1 Years, 5 Months",1,33816.56,2,0.09,0.81,0.54,5,1,0,0,0,37161.05,1
9615,15615931,Aitken,Pricing Analyst,12/01/1990,07/03/2015,,White Collar,Fixed Term,Full Time,Flex and Fixed,Active,Medium,Female,33,"7 Years, 9 Months",7,48130.89,4,0.65,0.76,0.48,3,1,1,0,0,51753.65,0
9616,15664860,Chao,Customer Brokerage Specialist,28/08/1992,26/04/2013,01/01/2022,Blue Collar,Fixed Term,Full Time,Fixed,Voluntarily Terminated,High,Female,30,"8 Years, 8 Months",8,30123.05,1,0.27,0.95,0.55,5,1,0,1,0,34624.2,1
9617,15664539,Bruce,Java Software Engineer ,01/09/1989,04/12/2017,,White Collar,Fixed Term,Full Time,Flex and Fixed,Active,Low,Male,33,"5 Years, 0 Months",5,64537.56,1,0.43,0.81,0.65,1,1,0,0,0,71708.4,0
9618,15583692,Chan,Pricing Analyst,26/07/1982,29/07/2020,,White Collar,Fixed Term,Full Time,Flex and Fixed,Active,High,Female,40,"2 Years, 4 Months",2,48813.26,4,0.57,0.8,0.65,1,1,0,1,0,49809.45,0
9619,15693131,Watts,Perishable Operational Care Specialist - Air Logistics,24/12/1984,23/01/2014,,Blue Collar,Fixed Term,Full Time,Fixed,Active,Medium,Female,38,"8 Years, 10 Months",8,32331.88,3,0.58,0.72,0.57,1,0,1,1,0,36740.77,0
9620,15779973,Gibbons,Accounts Payable,08/12/1984,18/05/1988,,White Collar,Fixed Term,Full Time,Fixed,Active,Low,Male,38,"34 Years, 7 Months",34,32123.14,2,0.57,0.68,0.65,2,1,1,1,1,36923.15,0
9621,15620557,Ni,Data Engineer,20/06/1989,30/05/2019,,White Collar,Fixed Term,Full Time,Flex and Fixed,Active,Low,Male,33,"3 Years, 6 Months",3,64016.27,2,0.27,0.68,0.61,2,1,1,0,1,68834.7,0
9622,15639549,Jen,Regional Air logistics Trainer Specialist,26/10/1979,26/09/2022,,White Collar,Fixed Term,Full Time,Fixed,Active,High,Female,43,"0 Years, 2 Months",0,36611.55,4,0.52,0.46,0.4,0,0,0,0,0,36611.55,0
9623,15618750,Phillips,National Air Logistics Pharma Compliance Specialist,03/09/1998,27/09/2021,,Blue Collar,Fixed Term,Full Time,Fixed,Active,Low,Male,24,"1  Years, 2 Months",1,36111.55,4,0.46,0.8,0.7,0,0,0,1,0,36111.55,0
9624,15796790,Amaechi,Apprentice,12/07/2001,04/08/2022,,Blue Collar,Apprentice,Full Time,Fixed,Active,High,Female,21,"0 Years, 4 Months",0,23730.5,2,0.69,0.57,0.64,0,0,0,1,0,23730.5,0
9625,15668309,Maslow,Inside Sales Executive/ Account Manager,02/11/1999,02/06/2013,29/07/2022,White Collar,Fixed Term,Full Time,Flex and Fixed,Voluntarily Terminated,Medium,Female,23,"9 Years, 1 Months",9,27665.04,2,0.55,0.58,0.57,5,1,1,1,1,33737.85,1
9626,15732437,Rowley,Pricing Analyst,18/07/1970,01/01/2016,23/12/2018,White Collar,Fixed Term,Full Time,Flex and Fixed,Voluntarily Terminated,Medium,Female,52,"2 Years, 11 Months",2,45211.7,2,0.38,0.91,1,5,1,1,1,1,49143.15,1
9627,15665158,Chukwuemeka,Human Resoruces Coordinator,15/08/1984,18/03/1986,,White Collar,Fixed Term,Full Time,Fixed,Active,Low,Male,38,"36 Years, 9 Months",36,29279.48,4,0.27,0.63,0.67,1,0,1,0,1,31415.75,0
9628,15689322,Bevan,Regional Air logistics Trainer Specialist,14/02/1968,13/01/1983,,White Collar,Fixed Term,Full Time,Fixed,Active,High,Male,55,"39  Years, 11 Months",39,33807.12,4,0.43,0.95,0.86,1,0,0,1,0,35215.75,0
9629,15596624,Topp,Business Analyst,11/10/1973,07/05/2017,,White Collar,Fixed Term,Full Time,Flex and Fixed,Active,High,Female,49,"5 Years, 7 Months",5,41389.67,3,0.26,0.87,0.67,1,1,1,1,1,46505.25,0
9630,15601977,Burgoyne,Sea Logiscitcs Customer Care Specialist ,01/06/1988,11/02/2013,,Blue Collar,Fixed Term,Full Time,Fixed,Active,Low,Male,34,"9 Years, 10 Months",9,28732.44,3,0.91,0.6,0.53,1,0,1,0,1,32650.5,0
9631,15801462,Yermakov,Data Analyst,10/07/1979,16/01/2022,,White Collar,Fixed Term,Full Time,Flex and Fixed,Active,Low,Male,43,"0 Years, 11 Months",0,50452.6,3,0.51,0.95,0.65,0,1,1,1,0,50452.6,0
9632,15566139,Ts'ui,Accountant,24/01/1990,15/11/2019,,White Collar,Fixed Term,Full Time,Fixed,Active,Low,Female,33,"3 Years, 1 Months",3,32253.22,3,0.26,0.67,0.5,1,1,0,1,0,35057.85,0
9633,15791006,Kodilinyechukwu,Recruiter Apprentice,14/07/2001,15/04/2022,,Blue Collar,Apprentice,Full Time,Fixed,Active,Low,Female,21,"0 Years, 8 Months",0,22778.9,4,0.44,0.87,0.63,0,0,0,1,0,22778.9,0
9634,15668057,K?,Perishable Customer Care Team Leader - Air Logistics,19/08/1984,18/09/2013,,White Collar,Fixed Term,Full Time,Fixed,Active,Medium,Female,38,"9 Years, 3 Months",9,35983.15,3,0.12,0.8,0.84,1,0,0,1,0,40430.5,0
9635,15580805,Marino,Finance Analyst,21/11/1979,25/04/2019,,White Collar,Fixed Term,Full Time,Flex and Fixed,Active,Medium,Male,43,"3 Years, 7 Months",3,44523.89,3,0.56,0.93,0.69,1,1,0,1,0,48927.35,0
9636,15658768,Lucas,Pricing Analyst,07/04/1992,20/04/2014,29/03/2021,White Collar,Fixed Term,Full Time,Flex and Fixed,Voluntarily Terminated,High,Female,30,"6 Years, 11 Months",6,40518.91,2,0.12,0.58,0.75,4,1,0,0,0,48236.8,1
9637,15613048,Anderson,Data Engineer,14/05/1980,21/07/2007,04/05/2016,White Collar,Fixed Term,Full Time,Flex and Fixed,Voluntarily Terminated,Medium,Female,42,"8 Years, 9 Months",8,69233.46,2,0.13,0.68,0.55,5,1,1,1,1,71374.7,1
9638,15803654,Wei,National Perishable Air Logistics Development Manager Seafood,16/06/1957,06/01/1984,,White Collar,Fixed Term,Full Time,Flex and Fixed,Active,High,Female,65,"38 Years, 11 Months",38,26850.04,4,0.58,0.76,0.71,3,1,1,1,1,32349.45,0
9639,15662337,Baldwin,Inventory Clerk,17/07/2001,18/09/2012,12/02/2013,Blue Collar,Fixed Term,Full Time,Fixed,Voluntarily Terminated,Low,Female,21,"10  Years, 3 Months",10,22462.07,1,0.19,0.68,0.84,5,0,1,0,1,24957.85,1
9640,15650924,Foster,Warehouse Specialist - Air Logistics,04/08/1978,13/03/2019,,Blue Collar,Fixed Term,Full Time,Fixed,Active,Low,Female,44,"3 Years, 9 Months",3,26012.58,3,0.43,0.99,0.47,1,0,1,1,1,28585.25,0
9641,15647203,Gebhart,Trucking Specialist - Air Logistics,14/06/2001,14/09/2019,,Blue Collar,Fixed Term,Full Time,Fixed,Active,Medium,Female,21,"3 Years, 3 Months",3,35683.73,3,0.38,0.64,0.55,1,0,0,1,0,36787.35,0
9642,15682778,Fedorov,Regional Air logistics Trainer Specialist,26/08/1990,15/10/2015,,White Collar,Fixed Term,Full Time,Fixed,Active,Low,Male,32,"7 Years, 2 Months",7,30843.62,3,0.26,0.61,0.83,2,0,1,1,1,34655.75,0
9643,15579820,Robertson,Road Logistics Sales Representative,07/06/2002,04/11/2014,,White Collar,Fixed Term,Full Time,Fixed,Active,Medium,Male,20,"8 Years, 1 Months",8,28141.43,2,0.38,0.51,0.5,1,0,0,1,0,31978.9,0
9644,15709354,Tudawali,Network Engineer,25/07/1978,04/04/2013,,White Collar,Fixed Term,Full Time,Flex and Fixed,Active,Low,Female,44,"9 Years, 8 Months",9,58051.27,3,0.21,0.69,0.66,1,1,1,1,1,65967.35,0
9645,15728480,Iloerika,Software Engineer,11/01/1988,01/10/2018,,White Collar,Fixed Term,Full Time,Flex and Fixed,Active,Medium,Female,35,"4 Years, 2 Months",4,60631.56,1,0.1,0.85,0.6,2,1,1,1,1,67368.4,0
9646,15641091,Onyemauchechukwu,Transport Controller,06/12/1958,14/07/2014,,Blue Collar,Fixed Term,Full Time,Fixed,Active,Medium,Female,64,"8  Years, 5 Months",8,23311.74,3,0.75,0.55,0.89,3,0,0,0,0,25012.6,0
9647,15603111,Muir,BI Developer,11/05/1975,26/09/2019,03/08/2020,White Collar,Fixed Term,Full Time,Flex and Fixed,Voluntarily Terminated,High,Male,47,"0 Years, 10 Months",0,52803.7,1,0.27,0.56,0.89,5,1,0,1,0,60004.2,1
9648,15679693,Walker,Finance Analyst,30/01/1982,18/02/2021,,White Collar,Fixed Term,Full Time,Flex and Fixed,Active,High,Male,41,"1  Years, 10 Months",1,49374.97,4,0.77,0.69,0.68,1,1,1,0,1,51973.65,0
9649,15797190,Charlton,Sales Account Manager,13/10/1979,24/01/2015,,White Collar,Fixed Term,Full Time,Fixed,Active,Low,Female,43,"7 Years, 10 Months",7,29288.25,4,0.53,0.61,0.46,2,1,0,0,0,33282.1,0
9650,15788025,Tseng,Pricing Analyst,07/11/1972,02/08/2014,,White Collar,Fixed Term,Full Time,Flex and Fixed,Active,Low,Female,50,"8 Years, 4 Months",8,46664.33,3,0.12,0.47,0.65,3,1,1,1,1,50722.1,0
9651,15646168,Ifeatu,Warehouse Shift Manager - Air Logistics,01/06/1983,05/02/2019,,White Collar,Fixed Term,Full Time,Fixed,Active,Medium,Male,39,"3 Years, 10 Months",3,59064.8,3,0.28,0.58,0.79,1,1,0,1,0,60891.55,0
9652,15580493,Chin,Business Development Executive,18/09/1992,08/09/2017,,White Collar,Fixed Term,Full Time,Flex and Fixed,Active,Low,Male,30,"5 Years, 3 Months",5,37403.87,4,0.66,0.77,0.56,1,0,0,1,0,41103.15,0
9653,15726720,Blinova,National Service Excellence Specialist- Air Logistics,30/07/1972,12/11/2012,23/12/2021,White Collar,Fixed Term,Full Time,Flex and Fixed,Voluntarily Terminated,High,Female,50,"10  Years, 1 Months",10,32126.18,2,0.18,0.53,0.64,6,0,0,1,0,35695.75,1
9654,15735799,Maconochie,Accounts Payable,16/10/1955,29/09/2015,,White Collar,Fixed Term,Full Time,Fixed,Active,Low,Male,67,"7 Years, 2 Months",7,29146.8,2,0.22,0.82,0.82,1,1,1,1,1,32029.45,0
9655,15773098,Ch'in,Warehouse Apprentice- Air Logistics,02/08/2004,01/09/2022,,Blue Collar,Apprentice,Full Time,Fixed,Active,Low,Male,18,"0 Years, 3 Months",0,21103.15,2,0.53,0.68,0.61,0,0,0,1,0,21103.15,0
9656,15668971,Nicholson,Project Coordinator,08/12/1987,13/01/2022,,White Collar,Fixed Term,Full Time,Fixed,Active,Medium,Female,35,"0 Years, 11 Months",0,35743.15,1,0.44,0.6,0.72,0,0,0,1,0,35743.15,0
9657,15603221,Burgess,Customer Servce Administrative Officer,30/08/1963,11/01/2005,,Blue Collar,Fixed Term,Full Time,Fixed,Active,Medium,Male,59,"17 Years, 11 Months",17,32903.51,4,0.29,0.93,0.44,2,0,1,0,1,35304.2,0
9658,15740043,Young,Sales Specialist-Air Logitics ,03/12/2003,22/10/2021,,Blue Collar,Fixed Term,Full Time,Fixed,Active,Medium,Male,19,"1  Years, 1 Months",1,30690.99,4,0.3,0.58,0.49,1,0,1,1,1,32306.3,0
9659,15712264,Plumb,Project Coordinator,02/11/1959,28/11/1986,,White Collar,Fixed Term,Full Time,Fixed,Active,Medium,Female,63,"36  Years, 0 Months",36,27004.73,2,0.08,0.61,0.96,4,0,1,1,1,32932.6,0
9660,15751926,Trentino,Inside Sales Executive/ Account Manager,15/12/1989,11/07/2016,,White Collar,Fixed Term,Full Time,Flex and Fixed,Active,Low,Male,33,"6 Years, 5 Months",6,35491.39,4,0.26,0.74,0.71,1,1,1,1,1,37756.8,0
9661,15589401,Allen,National Perishable Air Logistics Development Manager Retail,26/12/1999,17/11/2021,,White Collar,Fixed Term,Full Time,Flex and Fixed,Active,Medium,Female,23,"1  Years, 1 Months",1,32434.7,3,0.27,0.88,0.91,0,1,0,1,0,32434.7,0
9662,15742019,Benford,National Perishable Air Logistics Development Manager Retail,30/09/1997,20/10/2022,,White Collar,Fixed Term,Full Time,Flex and Fixed,Active,High,Female,25,"0 Years, 1 Months",0,35371.55,3,0.2,0.94,0.8,0,1,0,0,0,35371.55,0
9663,15660611,Gallo,Sales Account Manager,18/03/1983,18/01/2014,,White Collar,Fixed Term,Full Time,Fixed,Active,Low,Male,39,"8 Years, 11 Months",8,33185.24,4,0.22,0.44,0.46,3,1,1,1,1,37710.5,0
9664,15607634,Cobb,Gateway & Procurement Team Leader- Air Logistics,07/05/1964,18/03/1985,,White Collar,Fixed Term,Full Time,Fixed,Active,Medium,Male,58,"37  Years, 9 Months",37,32339.36,1,0.84,0.73,0.52,4,0,1,0,1,38046.3,0
9665,15595036,Doherty,Perishable Customer Care Team Leader - Air Logistics,15/01/1968,09/02/2020,,White Collar,Fixed Term,Full Time,Fixed,Active,High,Male,55,"2 Years, 10 Months",2,33159.79,2,0.08,0.9,0.68,1,0,0,1,0,38114.7,0
9666,15745794,Cocci,Business Analyst,25/12/1991,12/10/2015,,White Collar,Fixed Term,Full Time,Flex and Fixed,Active,Medium,Male,31,"7 Years, 2 Months",7,43149.07,4,0.9,0.97,0.49,3,1,1,1,1,48482.1,0
9667,15781689,Macadam,Customer Care Specialist-Key Accounts,09/05/2001,20/01/2019,,White Collar,Fixed Term,Full Time,Fixed,Active,Low,Male,21,"3 Years, 10 Months",3,30188.94,4,0.36,0.86,0.96,4,0,0,1,0,33920.16,0
9668,15696054,Tychonoff,Cloud Service Analyst,08/09/1992,15/04/2015,,White Collar,Fixed Term,Full Time,Flex and Fixed,Active,Medium,Male,30,"7 Years, 8 Months",7,53226.95,1,0.95,0.81,0.98,1,1,1,0,1,59141.05,0
9669,15752467,Johnson,Warehouse Shift Team Leader Healthcare- Air Logistics,03/03/1977,10/01/2015,,White Collar,Fixed Term,Full Time,Fixed,Active,High,Male,46,"7 Years, 11 Months",7,37446.96,4,0.17,0.74,0.76,1,0,1,1,1,41150.5,0
9670,15597739,Tu,Operations Specialist,22/02/1964,18/06/2021,,Blue Collar,Fixed Term,Full Time,Fixed,Active,High,Male,59,"1 Years, 6 Months",1,33596.59,1,0.36,0.92,0.97,1,0,0,1,0,35741.05,0
9671,15651336,Chidiebere,Business Development Executive,01/01/1991,28/09/2018,,White Collar,Fixed Term,Full Time,Flex and Fixed,Active,Medium,Female,32,"4 Years, 2 Months",4,36219.83,3,0.3,0.6,0.62,1,0,0,1,0,41158.9,0
9672,15636061,Pope,Analyst Programmer ,21/01/1955,22/09/2016,,White Collar,Fixed Term,Full Time,Flex and Fixed,Active,Low,Male,68,"6 Years, 2 Months",6,55837.17,2,0.85,0.95,0.53,7,1,1,1,1,59718.9,0
9673,15723013,Sutherland,National Air Logistics Pharma Compliance Specialist,13/11/1971,13/08/2018,,Blue Collar,Fixed Term,Full Time,Fixed,Active,Medium,Male,51,"4 Years, 4 Months",4,30977.66,3,0.15,0.94,0.81,3,0,1,1,1,32268.4,0
9674,15784148,Beneventi,National Air Logistics Gateway Trade Lane Specialist,23/03/1990,09/06/2015,,White Collar,Fixed Term,Full Time,Fixed,Active,Medium,Male,32,"7 Years, 6 Months",7,31149.65,4,0.22,0.54,0.82,2,0,0,0,0,35804.2,0
9675,15578098,Jamieson,Sales Account Manager,30/10/1977,20/03/2019,,White Collar,Fixed Term,Full Time,Fixed,Active,Medium,Male,45,"3 Years, 8 Months",3,35608.19,4,0.52,0.87,0.57,2,1,1,1,1,37881.05,0
9676,15638621,Simmons,Accounts Payable,28/09/1974,07/01/2012,,White Collar,Fixed Term,Full Time,Fixed,Active,Low,Male,48,"10  Years, 11 Months",10,30701.24,4,0.39,0.54,0.74,2,1,0,1,0,36989.45,0
9677,15720924,Chijioke,Transport Controller,11/07/1971,01/12/2016,,Blue Collar,Fixed Term,Full Time,Fixed,Active,High,Female,51,"6 Years, 0 Months",6,21886.53,2,0.3,0.75,0.49,1,0,1,1,1,25449.45,0
9678,15566531,Iloerika,Material Handler ,01/11/2001,14/10/2020,,Blue Collar,Fixed Term,Full Time,Fixed,Active,Medium,Male,21,"2 Years, 2 Months",2,23474.24,4,0.86,0.88,1,1,0,1,0,0,24972.6,0
9679,15718064,Chia,Customer Care Specialist-Key Accounts,15/12/1999,27/06/2013,,White Collar,Fixed Term,Full Time,Fixed,Active,Low,Male,23,"9 Years, 5 Months",9,28214.32,4,0.6,0.78,0.86,3,0,0,0,0,32807.35,0
9680,15605067,Nwachinemelu,Project Coordinator,24/11/1958,24/09/1996,,White Collar,Fixed Term,Full Time,Fixed,Active,High,Male,64,"26 Years, 2 Months",26,26912.9,4,0.2,0.88,0.71,4,0,0,1,0,32820.61,0
9681,15655335,Becher,Recruiter,18/04/1980,24/08/2015,,White Collar,Fixed Term,Full Time,Fixed,Active,Low,Male,42,"7 Years, 3 Months",7,35715.91,1,0.47,0.51,0.94,2,0,0,1,0,38404.2,0
9682,15607301,Romano,Accounting Coordinator,30/11/1972,14/01/2014,,White Collar,Fixed Term,Full Time,Fixed,Active,High,Female,50,"8 Years, 11 Months",8,28132.9,3,0.26,0.73,0.7,2,1,1,1,1,33491.55,0
9683,15694628,Walker,Business Development Executive,18/02/1966,18/06/1998,,White Collar,Fixed Term,Full Time,Flex and Fixed,Active,Medium,Female,57,"24 Years, 6 Months",24,28021.83,3,0.08,0.76,1,3,0,0,1,0,43110.5,0
9684,15607112,Chiawuotu,Operations Specialist,12/06/1998,25/08/2020,,Blue Collar,Fixed Term,Full Time,Fixed,Active,High,Male,24,"2 Years, 3 Months",2,32497.92,4,0.52,0.56,0.83,2,0,1,0,1,36929.45,0
9685,15635775,Watt,Road Logistics Sales Representative,26/03/2002,26/10/2021,,White Collar,Fixed Term,Full Time,Fixed,Active,Medium,Male,20,"1  Years, 1 Months",1,29553.71,1,0.48,0.58,0.63,1,0,0,1,0,31440.12,0
9686,15644280,Udegbunam,Data Engineer,15/07/1990,09/01/2021,,White Collar,Fixed Term,Full Time,Flex and Fixed,Active,Low,Male,32,"1  Years, 11 Months",1,66625.18,3,0.24,0.56,0.47,1,1,0,0,0,70877.85,0
9687,15708362,Watson,Trucking Team Leader- Air Logistics,31/08/1955,30/08/2006,,White Collar,Fixed Term,Full Time,Fixed,Active,High,Male,67,"16 Years, 3 Months",16,30378.11,1,0.08,0.55,0.9,5,0,1,1,1,38946.3,0
9688,15771997,Bryant,Perishable Customer Care Team Leader - Air Logistics,01/01/1971,08/10/2018,,White Collar,Fixed Term,Full Time,Fixed,Active,High,Female,52,"4 Years, 2 Months",4,38285.51,3,0.26,0.74,0.99,1,0,0,1,0,39880.74,0
9689,15730579,Ward,Warehouse Apprentice- Air Logistics,08/12/2002,21/04/2022,,Blue Collar,Apprentice,Full Time,Fixed,Active,Low,Male,20,"0 Years, 7 Months",0,21443.15,2,0.96,0.64,0.92,0,0,1,1,1,21443.15,0
9690,15728005,Urban,BI Developer,02/12/1979,27/01/2022,,White Collar,Fixed Term,Full Time,Flex and Fixed,Active,Low,Female,43,"0 Years, 10 Months",0,61664.2,2,0.78,0.69,0.91,0,1,0,1,0,61664.2,0
9691,15791674,Sutherland,Accountant,14/01/1957,02/04/2010,21/05/2017,White Collar,Fixed Term,Full Time,Fixed,Voluntarily Terminated,Medium,Female,66,"7 Years, 1 Months",7,34088.35,1,0.3,0.99,0.54,5,1,1,0,1,36264.2,1
9692,15754599,K'ung,Software Engineer,23/05/1964,06/12/1984,,White Collar,Fixed Term,Full Time,Flex and Fixed,Active,High,Male,58,"38 Years, 0 Months",38,60224.18,4,0.55,0.66,0.75,1,1,1,1,1,66915.75,0
9693,15693690,Iweobiegbunam,Perishable Customer Care Team Leader - Air Logistics,10/08/2000,26/11/2019,,White Collar,Fixed Term,Full Time,Fixed,Active,Low,Male,22,"3 Years, 0 Months",3,36536,2,0.24,0.79,0.93,2,0,0,1,0,40149.45,0
9694,15728963,Wei,Internal Trainer,17/11/1965,19/08/1989,07/08/2014,White Collar,Fixed Term,Full Time,Fixed,Voluntarily Terminated,Medium,Female,57,"24 Years, 11 Months",24,30990.73,1,0.28,0.92,0.54,8,0,0,0,1,34055.75,1
9695,15659710,Lascelles,National Air Logistics Gateway Trade Lane Specialist,26/07/1970,06/07/2019,,White Collar,Fixed Term,Full Time,Fixed,Active,High,Male,52,"3 Years, 5 Months",3,30610.44,2,0.57,0.84,0.49,1,0,0,1,0,33637.85,0
9696,15658675,Ts'ao,Trucking Team Leader- Air Logistics,30/12/1983,25/03/2018,,White Collar,Fixed Term,Full Time,Fixed,Active,Medium,Male,39,"4 Years, 8 Months",4,41322.43,2,0.56,0.55,0.59,1,0,1,0,1,43044.2,0
9697,15638788,Mack,Sea Logistics Pricing Coordinator,27/04/1957,10/10/1990,,White Collar,Fixed Term,Full Time,Fixed,Active,High,Male,65,"32 Years, 2 Months",32,30513.77,1,0.59,0.8,0.52,1,0,1,1,1,32810.5,0
9698,15609735,Campbell,Perishable Operational Care Specialist - Air Logistics,08/11/1989,13/08/2015,11/08/2021,Blue Collar,Fixed Term,Full Time,Fixed,Voluntarily Terminated,Medium,Male,33,"5 Years, 11 Months",5,30359.34,4,0.38,0.88,0.96,6,0,0,0,0,33732.6,1
9699,15771477,Fiorentini,Project Coordinator,21/06/1975,14/04/2021,,White Collar,Fixed Term,Full Time,Fixed,Active,High,Male,47,"1  Years, 8 Months",1,36364.75,4,0.23,0.8,0.84,1,0,0,0,0,37879.95,0
9700,15570145,Long,Operations Specialist,22/11/1964,27/04/2013,,Blue Collar,Fixed Term,Full Time,Fixed,Active,High,Female,58,"9 Years, 7 Months",9,30263.86,4,0.2,0.75,0.92,1,0,0,1,0,36028.4,0
9701,15797149,Lloyd,Finance Analyst,17/01/1972,10/03/2015,,White Collar,Fixed Term,Full Time,Flex and Fixed,Active,High,Female,51,"7 Years, 9 Months",7,42406.13,4,0.29,0.71,0.7,2,1,1,1,0,49309.45,0
9702,15636912,Sneddon,Gateway & Procurement Specialist - Air Logistics,17/01/1977,12/07/2020,,Blue Collar,Fixed Term,Full Time,Fixed,Active,High,Male,46,"2 Years, 5 Months",2,32791.75,4,0.09,0.66,0.49,1,0,0,1,0,35259.95,0
9703,15687828,Gorshkov,Warehouse Specialist - Air Logistics,22/08/1992,05/08/2020,,Blue Collar,Fixed Term,Full Time,Fixed,Active,High,Female,30,"2 Years, 4 Months",2,24921.33,2,0.13,0.54,0.72,1,0,1,1,0,27088.4,0
9704,15667424,Forbes,Stock Investigator & Analyst,28/01/1972,31/10/2018,,White Collar,Fixed Term,Full Time,Flex and Fixed,Active,High,Female,51,"4 Years, 1 Months",4,46507.66,1,0.56,0.47,0.4,2,1,1,1,1,47456.8,0
9705,15759872,L?,National Service Excellence Specialist- Air Logistics,31/08/1999,19/02/2022,,White Collar,Fixed Term,Full Time,Flex and Fixed,Active,Low,Male,23,"0 Years, 9 Months",0,35626.3,3,0.81,0.87,0.79,0,0,0,1,0,35626.3,0
9706,15572374,Hopetoun,Data Analyst,04/10/1989,29/05/2012,,White Collar,Fixed Term,Full Time,Flex and Fixed,Active,Medium,Male,33,"10  Years, 6 Months",10,38380.35,1,0.3,0.9,0.52,2,1,1,0,1,47383.15,0
9707,15754926,Lucchesi,Human Resoruces Coordinator,13/01/1988,10/10/2018,,White Collar,Fixed Term,Full Time,Fixed,Active,Low,Female,35,"4 Years, 2 Months",4,33337.25,1,0.27,0.51,0.63,3,0,0,1,0,34726.3,0
9708,15687431,Faria,Gateway & Procurement Specialist - Air Logistics,01/07/1993,13/08/2015,,Blue Collar,Fixed Term,Full Time,Fixed,Active,High,Female,29,"7 Years, 4 Months",7,31907.47,1,0.14,0.62,0.71,1,0,1,1,1,35063.15,0
9709,15604515,Yefremov,Software Engineer,13/01/1988,09/11/2016,,White Collar,Fixed Term,Full Time,Flex and Fixed,Active,Low,Female,35,"6 Years, 1 Months",6,61005.78,1,0.18,0.47,0.43,1,1,0,0,0,67784.2,0
9710,15682839,Genovesi,Data Engineer,27/11/1984,06/10/1983,,White Collar,Fixed Term,Full Time,Flex and Fixed,Active,Medium,Female,38,"39 Years, 2 Months",39,47834.77,4,0.98,0.59,0.94,2,1,1,1,1,70345.25,0
9711,15624677,Marquez,Warehouse Quality Control Specialist - Air Logistics,21/08/1999,18/07/2015,,Blue Collar,Fixed Term,Full Time,Fixed,Active,Low,Female,23,"7 Years, 5 Months",7,24492.25,4,0.29,0.87,0.62,1,0,0,0,0,26335.75,0
9712,15646366,Trevisani,Perishable Customer Care Team Leader - Air Logistics,29/09/1991,09/05/2017,,White Collar,Fixed Term,Full Time,Fixed,Active,Medium,Male,31,"5 Years, 7 Months",5,38943.97,4,0.81,0.59,0.97,3,0,1,0,1,40993.65,0
9713,15701768,Tung,Internal Trainer,10/11/1971,19/10/2022,,White Collar,Fixed Term,Full Time,Fixed,Active,Medium,Male,51,"0 Years, 1 Months",0,31780.69,3,0.84,0.87,0.71,0,0,1,1,1,31780.69,0
9714,15623566,Barnhill,Perishable Apprentice- Air Logistics,26/10/2004,18/09/2022,,Blue Collar,Apprentice,Full Time,Fixed,Active,High,Male,18,"0 Years, 3 Months",0,21843.15,4,0.26,0.89,0.93,0,0,1,1,1,21843.15,0
9715,15681274,Marshall,Apprentice,24/09/2004,20/05/2022,,Blue Collar,Apprentice,Full Time,Fixed,Active,Medium,Female,18,"0 Years, 6 Months",0,22117.85,4,0.52,0.73,0.68,0,0,1,1,1,22117.85,0
9716,15762573,Bednall,Aerospace International Logistics Specialist,24/09/1979,19/08/2020,,Blue Collar,Fixed Term,Full Time,Fixed,Active,High,Female,43,"2 Years, 3 Months",2,33274.38,1,0.83,0.79,0.98,2,0,0,1,0,35778.9,0
9717,15706458,Pan,Sea Logistics Pricing Coordinator,10/02/1994,22/01/2014,16/05/2014,White Collar,Fixed Term,Full Time,Fixed,Voluntarily Terminated,Low,Male,29,"0 Years, 3 Months",0,31571.58,1,0.18,0.8,0.74,5,0,1,1,1,35876.8,1
9718,15654222,Ogg,BI Developer,10/02/1963,24/07/1996,,White Collar,Fixed Term,Full Time,Flex and Fixed,Active,Low,Male,60,"26 Years, 4 Months",26,63576.18,4,0.54,0.73,0.89,3,1,1,0,1,64873.65,0
9719,15704053,T'ang,Stock Investigator & Analyst,16/11/1957,17/05/2013,12/02/2020,White Collar,Fixed Term,Full Time,Flex and Fixed,Voluntarily Terminated,Low,Male,65,"6 Years, 8 Months",6,41393.31,2,0.27,0.96,0.9,5,1,0,1,1,47037.85,1
9720,15724321,Baresi,Gateway & Procurement Specialist - Air Logistics,29/07/1984,17/07/2006,13/03/2015,Blue Collar,Fixed Term,Full Time,Fixed,Voluntarily Terminated,Medium,Female,38,"8 Years, 7 Months",8,34411.38,2,0.17,0.66,0.96,5,0,0,0,0,35113.65,1
9721,15621815,Obiajulu,Customer Care Specialist-Key Accounts,28/07/1979,23/11/2020,,White Collar,Fixed Term,Full Time,Fixed,Active,Medium,Female,43,"2 Years, 0 Months",2,34706.77,3,0.21,0.53,0.97,1,0,0,1,0,36922.1,0
9722,15724876,McGregor,Software Engineer,28/01/1978,26/10/2020,,White Collar,Fixed Term,Full Time,Flex and Fixed,Active,Medium,Female,45,"2 Years, 1 Months",2,64880.71,3,0.24,0.86,0.56,1,1,1,1,1,69764.2,0
9723,15696588,Lung,Project Coordinator,15/07/1955,14/09/2011,,White Collar,Fixed Term,Full Time,Fixed,Active,Low,Female,67,"11 Years, 3 Months",11,32224.63,4,0.81,0.92,0.86,1,0,1,1,1,36618.9,0
9724,15612832,Jamieson,BI Developer,12/02/1964,23/08/2018,,White Collar,Fixed Term,Full Time,Flex and Fixed,Active,High,Male,59,"4 Years, 3 Months",4,60027.08,4,0.21,0.31,0.95,2,1,0,0,0,64545.25,0
9725,15804295,Pinto,Perishable Apprentice- Air Logistics,09/08/2003,15/07/2022,,Blue Collar,Apprentice,Full Time,Fixed,Active,Low,Male,19,"0 Years, 5 Months",0,21118.9,2,0.9,0.69,0.73,0,0,1,1,1,21118.9,0
9726,15712536,Fallaci,Pricing Analyst,21/04/1982,23/07/2013,06/07/2022,White Collar,Fixed Term,Full Time,Flex and Fixed,Voluntarily Terminated,Medium,Female,40,"8 Years, 11 Months",8,43522.91,2,0.28,0.7,0.83,8,1,0,1,0,49457.85,1
9727,15662494,Goliwe,National Air Logistics Pharma Compliance Specialist,27/01/1979,16/01/2020,,Blue Collar,Fixed Term,Full Time,Fixed,Active,High,Male,44,"2 Years, 11 Months",2,34835.37,3,0.85,0.63,0.74,1,0,1,1,1,35546.3,0
9728,15807728,Ferri,Accounts Payable,26/08/1964,11/08/2015,14/11/2018,White Collar,Fixed Term,Full Time,Fixed,Voluntarily Terminated,Medium,Female,58,"7  Years, 4 Months",7,31049.84,2,0.46,0.24,0.53,6,1,1,0,1,37409.45,1
9729,15764916,Rowley,Customer Care Specialist-Key Accounts,28/06/1962,05/07/1994,28/07/2013,White Collar,Fixed Term,Full Time,Fixed,Voluntarily Terminated,Medium,Female,60,"19 Years, 0 Months",19,33479.36,2,0.15,0.13,0.94,6,0,1,0,1,36790.5,1
9730,15615330,Tretiakova,Sales Account Manager,12/05/1992,19/09/2015,,White Collar,Fixed Term,Full Time,Fixed,Active,Medium,Male,30,"7 Years, 2 Months",7,34547.04,3,0.44,0.47,0.41,3,1,1,1,1,37147.35,0
9731,15638487,She,Gateway & Procurement Team Leader- Air Logistics,24/06/1986,23/08/2021,,White Collar,Fixed Term,Full Time,Fixed,Active,Low,Male,36,"1  Years, 3 Months",1,39708.4,3,0.11,0.53,0.58,0,0,1,0,1,39708.4,0
9732,15627859,Nebeolisa,Perishable Operational Care Specialist - Air Logistics,21/02/1969,02/07/1991,,Blue Collar,Fixed Term,Full Time,Fixed,Active,High,Male,54,"31 Years, 5 Months",31,28740.19,4,0.71,0.96,0.96,4,0,0,1,0,33034.7,0
9733,15622192,Young,Network Engineer,10/04/1979,13/01/2016,,White Collar,Fixed Term,Full Time,Flex and Fixed,Active,Medium,Male,43,"6 Years, 11 Months",6,62109.74,2,0.42,0.92,0.88,1,1,1,0,1,71390.5,0
9734,15789413,Fitzgerald,Java Software Engineer ,26/03/1966,17/04/2011,,White Collar,Fixed Term,Full Time,Flex and Fixed,Active,Medium,Male,56,"11 Years, 8 Months",11,66887.08,2,0.25,0.56,0.59,1,1,1,1,1,68955.75,0
9735,15583221,Arnold,National Air Logistics Gateway Trade Lane Specialist,19/08/1971,17/03/2020,,White Collar,Fixed Term,Full Time,Fixed,Active,High,Male,51,"2 Years, 9 Months",2,30763.38,1,0.18,0.51,0.88,2,0,1,1,1,33078.9,0
9736,15768495,Chidimma,Accountant,10/10/1979,14/06/2012,01/08/2013,White Collar,Fixed Term,Full Time,Fixed,Voluntarily Terminated,Medium,Female,43,"10  Years, 6 Months",10,28484.7,2,0.3,0.22,0.85,8,1,1,1,1,35166.3,1
9737,15644103,Wells,Network Engineer,04/04/1963,08/06/1988,,White Collar,Fixed Term,Full Time,Flex and Fixed,Active,High,Male,59,"34 Years, 6 Months",34,57889.23,3,0.5,0.83,0.92,2,1,1,0,0,68915.75,0
9738,15741197,Calzada,Revenue Care Specialist- Air Logistics,18/01/1983,21/10/2020,,White Collar,Fixed Term,Full Time,Fixed,Active,Low,Male,40,"2 Years, 1 Months",2,38833.84,3,0.98,0.85,0.48,1,1,0,1,0,41312.6,0
9739,15664547,Black,Accounts Payable,27/04/1981,05/01/2019,24/09/2020,White Collar,Fixed Term,Full Time,Fixed,Voluntarily Terminated,Low,Male,41,"1 Years, 8 Months",1,28239.64,2,0.24,0.85,0.92,7,1,0,0,0,32090.5,1
9740,15797293,Sopuluchukwu,Apprentice,26/07/2003,02/06/2022,,Blue Collar,Apprentice,Full Time,Fixed,Active,Medium,Female,19,"0 Years, 6 Months",0,21355.75,1,0.54,0.85,0.9,0,0,0,1,0,21355.75,0
9741,15572021,Ts'ao,Regional Air logistics Trainer Specialist,04/03/1984,02/11/2018,,White Collar,Fixed Term,Full Time,Fixed,Active,High,Female,39,"4 Years, 1 Months",4,31273.73,4,0.08,0.73,0.82,2,0,0,1,0,32576.8,0
9742,15637461,Ukaegbunam,Perishable Apprentice- Air Logistics,20/12/2004,27/08/2022,,Blue Collar,Apprentice,Full Time,Fixed,Active,Medium,Male,18,"0 Years, 3 Months",0,22826.3,1,0.3,0.18,0.52,0,0,0,1,0,22826.3,0
9743,15620577,Wood,IT-Support,10/01/1981,15/04/2014,,White Collar,Fixed Term,Full Time,Fixed,Active,Medium,Male,42,"8 Years, 8 Months",8,33340.87,4,0.35,0.63,0.87,1,0,1,1,0,37887.35,0
9744,15609643,Furneaux,Aerospace International Logistics Specialist,07/10/1982,13/03/2019,,Blue Collar,Fixed Term,Full Time,Fixed,Active,Medium,Male,40,"3 Years, 9 Months",3,33307.71,3,0.28,0.5,0.48,1,0,1,0,1,34337.85,0
9745,15785358,Gresswell,National Perishable Air Logistics Development Manager Seafood,17/09/1989,17/08/2011,24/02/2016,White Collar,Fixed Term,Full Time,Flex and Fixed,Voluntarily Terminated,High,Male,33,"4 Years, 6 Months",4,29789.45,2,0.14,0.63,0.47,5,1,1,1,1,34638.9,1
9746,15603883,Ch'in,Operations Specialist,13/08/1957,16/12/2017,,Blue Collar,Fixed Term,Full Time,Fixed,Active,Low,Male,65,"5 Years, 0 Months",5,31679.71,2,0.27,0.15,0.95,1,0,1,1,1,34064.2,0
9747,15782550,Ma,Java Software Engineer ,06/12/1988,21/11/2020,,White Collar,Fixed Term,Full Time,Flex and Fixed,Active,Low,Female,34,"2 Years, 0 Months",2,64415.46,1,0.58,0.96,0.69,1,1,1,1,1,70016.8,0
9748,15775761,Iweobiegbunam,Business Development Executive,22/03/1979,24/05/2017,12/03/2022,White Collar,Fixed Term,Full Time,Flex and Fixed,Voluntarily Terminated,Medium,Female,43,"4 Years, 9 Months",4,36046.87,2,0.18,0.96,0.91,8,0,0,0,0,40502.1,1
9749,15680201,Marcelo,Human Resoruces Coordinator,29/03/1996,27/01/2013,07/03/2022,White Collar,Fixed Term,Full Time,Fixed,Voluntarily Terminated,High,Male,26,"9 Years, 1 Months",9,32292.53,2,0.42,0.31,0.51,8,0,0,1,0,35486.3,1
9750,15767594,Azubuike,Accounts Payable,15/12/1964,30/09/1990,,White Collar,Fixed Term,Full Time,Fixed,Active,High,Female,58,"32 Years, 2 Months",32,25096.09,3,0.13,0.59,0.49,2,1,1,1,1,35851.55,0
9751,15591985,Stewart,Road Logistics Sales Representative,05/10/2001,18/07/2015,29/12/2020,White Collar,Fixed Term,Full Time,Fixed,Voluntarily Terminated,Medium,Female,21,"5 Years, 5 Months",5,31286.29,2,0.13,0.75,0.98,5,0,1,1,1,35552.6,1
9752,15789339,Yen,IT-Support,01/10/1980,22/05/2021,,White Collar,Fixed Term,Full Time,Fixed,Active,High,Male,42,"1  Years, 6 Months",1,35496.72,2,0.11,0.96,0.51,1,0,1,0,1,36975.75,0
9753,15781530,Hsieh,Finance Analyst,16/09/1982,02/02/2018,,White Collar,Fixed Term,Full Time,Flex and Fixed,Active,High,Male,40,"4 Years, 10 Months",4,49573.34,3,0.26,0.69,0.67,3,1,1,1,0,51638.9,0
9754,15705174,Chiedozie,Inside Sales Executive/ Account Manager,19/01/1999,13/05/2013,,White Collar,Fixed Term,Full Time,Flex and Fixed,Active,High,Male,24,"9 Years, 7 Months",9,34232.24,4,0.29,0.92,0.89,3,1,1,1,1,37617.85,0
9755,15572114,Shih,Aerospace International Logistics Specialist,15/11/1984,01/11/2016,,Blue Collar,Fixed Term,Full Time,Fixed,Active,Medium,Male,38,"6 Years, 1 Months",6,30881.05,4,0.08,0.96,0.82,2,0,1,1,1,36763.15,0
9756,15804009,Amechi,Sales Account Manager,21/12/1993,06/02/2017,,White Collar,Fixed Term,Full Time,Fixed,Active,Medium,Male,29,"5 Years, 10 Months",5,34554.35,4,0.24,0.67,0.7,1,1,1,1,1,36759.95,0
9757,15662698,Ko,Senior DevOps Engineer,18/09/1975,30/05/2013,03/06/2013,White Collar,Fixed Term,Full Time,Flex and Fixed,Voluntarily Terminated,Low,Female,47,"0 Years, 0 Months",0,61722.23,2,0.19,0.49,0.56,5,1,1,1,1,70138.9,1
9758,15696047,Chimezie,Trucking Specialist - Air Logistics,17/07/1987,28/07/2022,,Blue Collar,Fixed Term,Full Time,Fixed,Active,Medium,Male,35,"0 Years, 4 Months",0,32985.25,3,0.45,0.85,0.65,0,0,1,1,1,32985.25,0
9759,15701160,Azubuike,Trucking Team Leader- Air Logistics,02/06/1976,28/04/2003,,White Collar,Fixed Term,Full Time,Fixed,Active,Medium,Female,46,"19  Years, 7 Months",19,32978.36,2,0.14,0.85,0.53,3,0,1,1,1,42279.95,0
9760,15790093,Aguirre,Warehouse Specialist - Air Logistics,26/04/1999,01/10/2019,,Blue Collar,Fixed Term,Full Time,Fixed,Active,High,Female,23,"3 Years, 2 Months",3,22545.61,4,0.94,0.91,0.77,2,0,0,1,0,25620.01,0
9761,15632143,Lung,Trucking Specialist - Air Logistics,16/10/1993,11/06/2013,,Blue Collar,Fixed Term,Full Time,Fixed,Active,Low,Male,29,"9 Years, 6 Months",9,29848.27,2,0.48,0.7,0.48,3,0,0,0,0,35533.65,0
9762,15736778,Adams,Data Engineer,02/09/1957,07/07/1995,,White Collar,Fixed Term,Full Time,Flex and Fixed,Active,Medium,Female,65,"27 Years, 5 Months",27,49381.68,4,0.18,0.98,0.99,3,1,1,1,1,70545.25,0
9763,15734917,Castiglione,Warehouse Apprentice- Air Logistics,01/07/2002,22/10/2022,,Blue Collar,Apprentice,Full Time,Fixed,Active,High,Male,20,"0 Years, 1 Months",0,21195.75,4,0.93,0.48,0.48,0,0,0,1,0,21195.75,0
9764,15643903,Yao,Account Manager ,15/02/1957,24/10/2004,,White Collar,Fixed Term,Full Time,Fixed,Active,High,Male,66,"18  Years, 1 Months",18,27246.7,4,0.25,0.39,0.6,2,1,0,1,0,32827.35,0
9765,15569526,Morales,Revenue Care Specialist- Air Logistics,10/12/1984,13/09/1988,,White Collar,Fixed Term,Full Time,Fixed,Active,Medium,Male,38,"34 Years, 3 Months",34,36193.92,4,0.2,0.66,0.89,2,1,0,0,0,41129.45,0
9766,15777067,Thomas,Data Engineer,29/12/1968,25/08/1987,,White Collar,Fixed Term,Full Time,Flex and Fixed,Active,High,Male,54,"35 Years, 3 Months",35,66844.45,1,0.26,0.6,0.61,3,1,1,0,1,71875.75,0
9767,15795511,Vasiliev,Perishable Customer Care Team Leader - Air Logistics,04/05/2001,13/06/2019,,White Collar,Fixed Term,Full Time,Fixed,Active,Low,Male,21,"3 Years, 6 Months",3,40037.39,4,0.49,0.88,0.9,2,0,0,1,0,43518.9,0
9768,15610419,Chukwueloka,Perishable Warehouse Specialist - Air Logistics,17/02/1986,19/03/2022,,Blue Collar,Fixed Term,Full Time,Fixed,Active,Medium,Male,37,"0 Years, 8 Months",0,34664.2,3,0.28,0.85,0.83,0,0,1,1,1,34664.2,0
9769,15644994,Ko,Java Software Engineer ,21/07/1977,03/12/2010,19/07/2014,White Collar,Fixed Term,Full Time,Flex and Fixed,Voluntarily Terminated,High,Male,45,"3 Years, 7 Months",3,63322.91,1,0.28,0.76,0.81,6,1,1,0,1,71957.85,1
9770,15703707,Atkins,Technical Support Engineer,16/09/1973,12/05/2018,,White Collar,Fixed Term,Full Time,Flex and Fixed,Active,Low,Male,49,"4 Years, 7 Months",4,58255.82,4,0.29,1,0.67,1,1,0,0,0,60683.15,0
9771,15659327,Moffitt,Human Resoruces Coordinator,13/02/1970,27/03/2012,27/10/2016,White Collar,Fixed Term,Full Time,Fixed,Voluntarily Terminated,Low,Male,53,"4 Years, 7 Months",4,34500.96,2,0.3,0.79,0.74,5,0,0,1,0,36316.8,1
9772,15771323,Panicucci,Aerospace International Logistics Specialist,05/11/1969,27/09/2017,,Blue Collar,Fixed Term,Full Time,Fixed,Active,High,Male,53,"5 Years, 2 Months",5,29134.4,3,0.14,0.63,0.52,2,0,1,1,1,32371.55,0
9773,15750549,Akobundu,Technical Support Engineer,18/05/1984,28/10/2014,,White Collar,Fixed Term,Full Time,Flex and Fixed,Active,Medium,Male,38,"8 Years, 1 Months",8,51531.77,3,0.91,0.5,0.83,1,1,1,1,1,61347.35,0
9774,15698462,Chiu,National Perishable Air Logistics Development Manager Seafood,12/04/1970,25/03/1987,,White Collar,Fixed Term,Full Time,Flex and Fixed,Active,High,Male,52,"35 Years, 8 Months",35,30701.44,3,0.95,0.83,0.74,1,1,1,1,1,33737.85,0
9775,15739692,Tsui,Pricing Analyst,15/04/1975,21/01/2020,,White Collar,Fixed Term,Full Time,Flex and Fixed,Active,High,Male,47,"2 Years, 10 Months",2,46497.77,4,0.35,0.71,0.81,1,1,0,0,0,50541.05,0
9776,15744041,Yobanna,Sea Logiscitcs Customer Care Specialist ,16/01/1963,03/12/2021,,Blue Collar,Fixed Term,Full Time,Fixed,Active,Medium,Female,60,"1 Years, 0 Months",1,33875.75,4,0.94,0.94,0.87,0,0,0,1,0,33875.75,0
9777,15700714,Hollis,National Perishable Air Logistics Development Manager Seafood,21/01/2001,16/03/2014,,White Collar,Fixed Term,Full Time,Flex and Fixed,Active,High,Male,22,"8 Years, 9 Months",8,28688.18,2,0.3,0.56,0.57,1,1,1,1,1,34152.6,0
9778,15777743,Cattaneo,Inside Sales Executive/ Account Manager,13/11/1987,02/07/2014,,White Collar,Fixed Term,Full Time,Flex and Fixed,Active,Low,Female,35,"8 Years, 5 Months",8,31501.33,3,0.21,0.78,0.71,2,1,1,1,1,36629.45,0
9779,15623143,Lung,Software Engineer,26/12/1977,12/10/2018,,White Collar,Fixed Term,Full Time,Flex and Fixed,Active,Medium,Female,45,"4 Years, 2 Months",4,61954.73,1,0.36,0.34,0.46,1,1,0,1,0,67342.1,0
9780,15712568,Angelo,Finance Analyst,02/03/1984,05/06/2012,,White Collar,Fixed Term,Full Time,Flex and Fixed,Active,High,Male,39,"10  Years, 6 Months",10,40044.43,2,0.27,0.62,0.67,2,1,0,1,0,48246.3,0
9781,15617432,Folliero,Sea Logistics Pricing Coordinator,07/01/1978,20/07/2016,,White Collar,Fixed Term,Full Time,Fixed,Active,High,Female,45,"6 Years, 4 Months",6,27621.82,1,0.43,0.82,0.74,1,0,1,1,1,31035.75,0
9782,15650424,Bryant,Accounting Coordinator,24/11/1982,15/10/1985,01/08/2020,White Collar,Fixed Term,Full Time,Fixed,Voluntarily Terminated,Low,Female,40,"34 Years, 9 Months",34,20763.6,2,0.27,0.42,0.5,6,1,1,1,1,37077.85,1
9783,15728829,Weigel,BI Developer,11/02/1972,08/10/2014,,White Collar,Fixed Term,Full Time,Flex and Fixed,Active,Low,Male,51,"8 Years, 2 Months",8,55917.97,1,0.42,0.51,0.79,1,1,0,1,0,63543.15,0
9784,15680430,Ajuluchukwu,"Branch Air Logistics QSHE, Facilities and Security Specialist",01/07/1968,09/06/1995,,White Collar,Fixed Term,Full Time,Fixed,Active,Medium,Female,54,"27  Years, 6 Months",27,29433.66,2,0.28,0.63,0.78,3,0,0,1,0,36337.85,0
9785,15687626,Zhirov,Warehouse Quality Control Specialist - Air Logistics,06/05/1957,18/09/1994,10/07/2021,Blue Collar,Fixed Term,Full Time,Fixed,Voluntarily Terminated,Low,Male,65,"28  Years, 3 Months",28,20560.31,1,0.27,0.43,0.81,7,0,0,1,1,27784.2,1
9786,15609187,Cox,Finance Analyst,11/08/1991,06/05/2019,,White Collar,Fixed Term,Full Time,Flex and Fixed,Active,Medium,Female,31,"3 Years, 7 Months",3,47435.04,1,0.98,0.5,0.49,1,1,0,0,0,48902.1,0
9787,15609521,Chimaraoke,Inside Sales Executive/ Account Manager,15/06/1959,26/05/2017,,White Collar,Fixed Term,Full Time,Flex and Fixed,Active,Medium,Male,63,"5 Years, 6 Months",5,29241.45,4,0.3,0.81,0.87,1,1,1,1,1,32490.5,0
9788,15752626,Genovese,National Air Logistics Gateway Trade Lane Specialist,21/09/1980,03/04/2018,,White Collar,Fixed Term,Full Time,Fixed,Active,Low,Male,42,"4 Years, 8 Months",4,31602.14,3,0.22,0.63,0.7,2,0,1,0,1,32918.9,0
9789,15571756,Ohearn,Internal Trainer,11/02/1967,11/08/2003,,White Collar,Fixed Term,Full Time,Fixed,Active,Medium,Female,56,"19 Years, 4 Months",19,30425.58,2,0.25,0.86,0.7,3,0,0,1,0,33434.7,0
9790,15814040,Munroe,Technical Support Engineer,25/09/1970,20/04/2019,,White Collar,Fixed Term,Full Time,Flex and Fixed,Active,Medium,Female,52,"3 Years, 7 Months",3,58203.06,4,0.59,0.92,0.91,3,1,1,1,1,60003.15,0
9791,15658211,Morrison,Business Analyst,19/06/1987,29/07/2019,,White Collar,Fixed Term,Full Time,Flex and Fixed,Active,Low,Female,35,"3 Years, 4 Months",3,48512.22,3,0.82,0.72,0.78,2,1,1,1,1,50012.6,0
9792,15742091,Parkhill,Warehouse Quality Control Specialist - Air Logistics,08/05/1977,07/06/2017,20/03/2022,Blue Collar,Fixed Term,Full Time,Fixed,Voluntarily Terminated,High,Female,45,"4 Years, 9 Months",4,24470.72,2,0.52,0.78,0.63,6,0,0,1,1,26312.6,1
9793,15787168,Y?,Human Resoruces Coordinator,18/10/1989,22/10/2020,,White Collar,Fixed Term,Full Time,Fixed,Active,High,Female,33,"2 Years, 1 Months",2,32617.27,2,0.22,0.76,0.65,4,0,1,1,0,35843.15,0
9794,15772363,Hilton,Aerospace International Logistics Specialist,27/02/1967,03/05/2009,,Blue Collar,Fixed Term,Full Time,Fixed,Active,Medium,Female,56,"13 Years, 7 Months",13,31555.37,2,0.96,0.84,0.63,2,0,0,1,0,33930.5,0
9795,15659364,Thompson,Business Development Manager,21/05/1986,21/01/2015,,White Collar,Fixed Term,Full Time,Flex and Fixed,Active,High,Male,36,"7 Years, 10 Months",7,44282.96,1,0.3,0.78,0.54,1,1,0,0,0,48133.65,0
9796,15738980,Yobanna,Perishable Customer Care Team Leader - Air Logistics,26/12/1998,19/01/2021,,White Collar,Fixed Term,Full Time,Fixed,Active,High,Male,24,"1  Years, 10 Months",1,38042.99,4,0.65,0.57,0.59,1,0,0,1,0,40045.25,0
9797,15794236,Thorpe,Gateway & Procurement Specialist - Air Logistics,21/11/1964,20/11/2007,,Blue Collar,Fixed Term,Full Time,Fixed,Active,Low,Male,58,"15 Years, 0 Months",15,28871.17,3,0.57,0.15,0.42,1,0,1,1,1,33185.25,0
9798,15721383,Harvey,Perishable Customer Care Team Leader - Air Logistics,11/02/1972,21/03/2016,,White Collar,Fixed Term,Full Time,Fixed,Active,Medium,Male,51,"6 Years, 8 Months",6,34224.84,3,0.13,0.69,0.77,1,0,1,1,1,39338.9,0
9799,15652981,Robinson,Human Resoruces Coordinator,23/09/1993,22/06/2020,,White Collar,Fixed Term,Full Time,Fixed,Active,Medium,Male,29,"2 Years, 5 Months",2,33470.57,4,0.59,0.73,0.6,1,0,1,1,1,36381.05,0
9800,15722731,Manna,Regional Air logistics Trainer Specialist,17/08/1974,06/05/2013,03/04/2018,White Collar,Fixed Term,Full Time,Fixed,Voluntarily Terminated,High,Male,48,"4 Years, 10 Months",4,30965.79,1,0.1,0.96,0.54,5,0,0,1,0,35188.4,1
9801,15640507,Li,Accounting Coordinator,05/06/1976,28/07/2015,05/08/2019,White Collar,Fixed Term,Full Time,Fixed,Voluntarily Terminated,High,Female,46,"4 Years, 0 Months",4,30936.24,1,0.29,0.91,0.78,6,1,1,1,1,35558.9,1
9802,15578878,Hancock,National Service Excellence Specialist- Air Logistics,28/04/1992,12/06/2017,,White Collar,Fixed Term,Full Time,Flex and Fixed,Active,Low,Female,30,"5 Years, 6 Months",5,31760.91,4,0.95,0.58,0.97,1,0,1,1,1,34902.1,0
9803,15744295,Hao,Gateway & Procurement Team Leader- Air Logistics,26/12/1969,12/04/1988,,White Collar,Fixed Term,Full Time,Fixed,Active,Medium,Male,53,"34 Years, 8 Months",34,37838.11,3,0.27,0.84,0.56,1,0,0,1,0,42997.85,0
9804,15776558,Nicholls,National Service Excellence Specialist- Air Logistics,04/04/1956,16/06/2014,,White Collar,Fixed Term,Full Time,Flex and Fixed,Active,High,Male,66,"8 Years, 6 Months",8,27317.19,3,0.9,0.51,0.58,1,0,1,0,1,32520.46,0
9805,15596136,Folliero,Customer Care Specialist-Key Accounts,14/03/1984,21/12/2001,,White Collar,Fixed Term,Full Time,Fixed,Active,High,Female,38,"20 Years, 11 Months",20,33695.34,2,0.22,0.71,0.95,1,0,1,1,1,36231.55,0
9806,15704597,Trumbull,Trucking Team Leader- Air Logistics,29/01/1989,04/09/2022,,White Collar,Fixed Term,Full Time,Fixed,Active,High,Male,34,"0 Years, 3 Months",0,42493.65,1,0.17,0.63,0.82,0,0,1,0,1,42493.65,0
9807,15648272,Medvedeva,BI Developer,30/12/1981,06/05/2013,,White Collar,Fixed Term,Full Time,Flex and Fixed,Active,Low,Male,41,"9 Years, 7 Months",9,50316.8,2,0.46,0.66,0.51,1,1,1,1,1,59900.95,0
9808,15594915,Crist,Sales Specialist-Air Logitics ,08/09/2003,23/12/2020,,Blue Collar,Fixed Term,Full Time,Fixed,Active,Low,Female,19,"1  Years, 11 Months",1,32550.5,4,0.91,0.5,0.8,0,0,1,0,1,32550.5,0
9809,15581115,Middleton,BI Developer,19/12/1971,30/01/2015,,White Collar,Fixed Term,Full Time,Flex and Fixed,Active,Medium,Female,51,"7 Years, 10 Months",7,52357.37,4,0.6,0.56,0.89,1,1,0,0,0,60180.89,0
9810,15763907,Watts,Inside Sales Executive/ Account Manager,08/07/1979,15/02/2022,,White Collar,Fixed Term,Full Time,Flex and Fixed,Active,Low,Female,43,"0 Years, 10 Months",0,32753.65,4,0.3,0.57,0.46,0,1,0,1,0,32753.65,0
9811,15705994,Udinese,Sea Logiscitcs Customer Care Specialist ,15/08/1966,04/03/2020,,Blue Collar,Fixed Term,Full Time,Fixed,Active,Low,Male,56,"2 Years, 9 Months",2,33903.15,2,0.36,0.7,0.65,0,0,0,1,0,33903.15,0
9812,15772421,Tretiakov,Analyst Programmer ,08/11/1987,23/10/2017,,White Collar,Fixed Term,Full Time,Flex and Fixed,Active,Low,Female,35,"5 Years, 1 Months",5,51761.56,4,0.26,0.84,0.62,2,1,1,1,1,58819.95,0
9813,15711572,O'Kane,Finance Analyst,07/05/1974,23/05/2020,,White Collar,Fixed Term,Full Time,Flex and Fixed,Active,Low,Female,48,"2 Years, 6 Months",2,49360,2,0.14,0.33,0.59,2,1,0,1,0,50367.35,0
9814,15691170,Vasilyeva,Business Development Executive,11/04/1984,23/03/2020,,White Collar,Fixed Term,Full Time,Flex and Fixed,Active,Medium,Female,38,"2 Years, 8 Months",2,39475.75,2,0.24,0.64,0.94,1,0,1,1,1,43379.95,0
9815,15600106,Wei,Account Manager ,08/08/1970,24/12/2013,,White Collar,Fixed Term,Full Time,Fixed,Active,High,Male,52,"8 Years, 11 Months",8,29312.43,4,0.59,0.93,0.54,1,1,0,0,0,34895.75,0
9816,15745431,Chinonyelum,Data Engineer,21/10/1973,22/09/2018,,White Collar,Fixed Term,Full Time,Flex and Fixed,Active,High,Male,49,"4 Years, 2 Months",4,64905.17,3,0.5,1,0.58,1,1,1,1,1,69790.5,0
9817,15649508,Chin,Human Resoruces Coordinator,01/11/1994,03/11/2018,,White Collar,Fixed Term,Full Time,Fixed,Active,Low,Male,28,"4 Years, 1 Months",4,30426.66,3,0.08,0.91,0.49,1,0,0,1,0,34575.75,0
9818,15812611,Lorimer,Finance Analyst,20/12/1984,19/11/2020,,White Collar,Fixed Term,Full Time,Flex and Fixed,Active,Low,Female,38,"2 Years, 0 Months",2,47116.29,3,0.29,0.56,0.59,2,1,1,0,1,48077.85,0
9819,15619699,Yeh,BI Developer,23/04/1985,28/03/2020,,White Collar,Fixed Term,Full Time,Flex and Fixed,Active,Medium,Male,37,"2 Years, 8 Months",2,60133.83,4,0.13,0.62,0.52,2,1,0,1,0,61361.05,0
9820,15813946,Duffy,Sales Specialist-Air Logitics ,14/02/2002,12/07/2016,29/04/2022,Blue Collar,Fixed Term,Full Time,Fixed,Voluntarily Terminated,High,Male,21,"5 Years, 9 Months",5,33131.52,2,0.52,0.98,0.68,5,0,0,1,0,35246.3,1
9821,15762762,Onyekachukwu,Apprentice,22/10/2004,27/07/2022,,Blue Collar,Apprentice,Full Time,Fixed,Active,Medium,Female,18,"0 Years, 4 Months",0,23797.85,1,0.47,0.96,0.85,0,0,0,1,0,23797.85,0
9822,15629793,Banks,Sales Account Manager,25/08/1978,29/01/2016,,White Collar,Fixed Term,Full Time,Fixed,Active,Low,Male,44,"6 Years, 10 Months",6,31564.51,4,0.09,0.61,0.99,2,1,0,1,0,36281.05,0
9823,15781298,Hughes,Regional Air logistics Trainer Specialist,04/04/1998,25/10/2017,,White Collar,Fixed Term,Full Time,Fixed,Active,Low,Male,24,"5 Years, 1 Months",5,31207.95,1,0.52,0.92,0.66,1,0,1,0,0,33199.95,0
9824,15622658,Lai,Apprentice,22/06/2001,31/08/2022,,Blue Collar,Apprentice,Full Time,Fixed,Active,Medium,Female,21,"0 Years, 3 Months",0,23818.9,3,0.67,0.58,0.67,0,0,0,1,0,23818.9,0
9825,15658980,Matthews,Java Software Engineer ,26/11/1974,02/12/2016,,White Collar,Fixed Term,Full Time,Flex and Fixed,Active,High,Male,48,"6 Years, 0 Months",6,57501.95,1,0.6,0.47,0.49,1,1,0,1,0,68454.7,0
9826,15701936,Bell,Apprentice,07/09/2001,12/03/2009,18/02/2017,Blue Collar,Apprentice,Full Time,Fixed,Voluntarily Terminated,Medium,Male,21,"7 Years, 11 Months",7,19605.32,2,0.29,0.87,0.7,6,0,0,1,0,21035.75,1
9827,15686917,Tu,Business Development Executive,25/10/1984,10/04/2021,,White Collar,Fixed Term,Full Time,Flex and Fixed,Active,Medium,Female,38,"1  Years, 8 Months",1,42574.7,4,0.3,0.8,0.64,0,0,0,1,0,42574.7,0
9828,15807312,Hsia,Technical Support Engineer,03/04/1955,03/11/1988,,White Collar,Fixed Term,Full Time,Flex and Fixed,Active,Low,Male,67,"34 Years, 1 Months",34,35431.27,3,0.08,0.54,0.53,1,1,1,0,0,61088.4,0
9829,15574523,Cheng,Operations Specialist,07/09/1999,14/05/2013,,Blue Collar,Fixed Term,Full Time,Fixed,Active,Low,Male,23,"9 Years, 7 Months",9,32111.64,3,0.78,0.14,0.83,1,0,1,1,1,36490.5,0
9830,15724200,Cheng,National Service Excellence Specialist- Air Logistics,10/07/1994,13/03/2013,,White Collar,Fixed Term,Full Time,Flex and Fixed,Active,Medium,Male,28,"9 Years, 9 Months",9,29658.95,1,0.18,0.98,0.76,2,0,1,0,1,36169.45,0
9831,15738224,Lin,Project Manager,22/09/1959,18/02/1988,,White Collar,Fixed Term,Full Time,Flex and Fixed,Active,Medium,Male,63,"34 Years, 10 Months",34,37244.84,4,0.35,0.13,0.58,2,1,0,1,0,40928.4,0
9832,15593283,Higgins,Account Manager ,14/02/1971,30/09/2019,08/04/2020,White Collar,Fixed Term,Full Time,Fixed,Voluntarily Terminated,High,Female,52,"0 Years, 6 Months",0,29812.51,2,0.24,0.64,0.81,5,1,1,1,1,33877.85,1
9833,15814690,Chukwujekwu,Perishable Operational Care Specialist - Air Logistics,12/01/1975,06/07/2013,12/04/2022,Blue Collar,Fixed Term,Full Time,Fixed,Voluntarily Terminated,Low,Female,48,"8 Years, 9 Months",8,29322.65,1,0.24,0.91,0.75,6,0,1,1,1,33704.2,1
9834,15807245,McKay,Stock Investigator & Analyst,25/12/1990,29/08/2019,,White Collar,Fixed Term,Full Time,Flex and Fixed,Active,Low,Female,32,"3 Years, 3 Months",3,43323.12,4,0.29,0.24,0.71,1,1,0,1,0,48136.8,0
9835,15799358,Vincent,Accountant,06/01/1997,29/09/2009,04/03/2017,White Collar,Fixed Term,Full Time,Fixed,Voluntarily Terminated,Medium,Female,26,"7 Years, 5 Months",7,34302.49,2,0.26,0.34,0.42,6,1,1,0,1,36805.25,1
9836,15616172,Ubanwa,Pricing Analyst,25/05/1968,02/01/1998,,White Collar,Fixed Term,Full Time,Flex and Fixed,Active,Low,Male,54,"24 Years, 11 Months",24,45781.13,2,0.59,0.51,0.85,2,1,0,1,0,49762.1,0
9837,15777958,Ch'ien,Warehouse Apprentice- Air Logistics,11/03/2003,15/10/2022,,Blue Collar,Apprentice,Full Time,Fixed,Active,High,Male,19,"0 Years, 2 Months",0,21054.7,1,0.17,0.91,0.7,0,0,1,1,1,21054.7,0
9838,15809124,T'ien,Inside Sales Executive/ Account Manager,21/06/1990,29/09/2012,,White Collar,Fixed Term,Full Time,Flex and Fixed,Active,High,Male,32,"10  Years, 2 Months",10,27726.36,3,0.23,0.86,0.9,1,1,1,1,1,33405.25,0
9839,15616367,Ricci,Regional Air logistics Trainer Specialist,29/03/1965,24/04/2011,01/05/2016,White Collar,Fixed Term,Full Time,Fixed,Voluntarily Terminated,High,Male,57,"5 Years, 0 Months",5,33061.04,2,0.35,1,0.61,5,0,0,0,0,33735.75,1
9840,15687385,McDowell,Analyst Programmer ,18/04/1965,19/08/2002,,White Collar,Fixed Term,Full Time,Flex and Fixed,Active,Medium,Male,57,"20  Years, 3 Months",20,52298.72,4,0.29,0.37,0.41,5,1,1,1,1,63010.5,0
9841,15607877,Maclean,National Perishable Air Logistics Development Manager Seafood,07/06/1984,19/11/1997,,White Collar,Fixed Term,Full Time,Flex and Fixed,Active,Medium,Male,38,"25 Years, 0 Months",25,34483.15,4,0.25,0.46,0.73,7,1,1,0,1,36684.2,0
9842,15736327,Manna,Customer Brokerage Specialist,11/06/1962,30/03/2006,,Blue Collar,Fixed Term,Full Time,Fixed,Active,High,Female,60,"16 Years, 8 Months",16,32023.73,3,0.74,0.86,0.8,1,1,1,1,1,34808.4,0
9843,15746704,Jibunoh,Accounting Coordinator,12/08/1997,21/06/2017,,White Collar,Fixed Term,Full Time,Fixed,Active,Low,Male,25,"5 Years, 5 Months",5,32936.83,4,0.47,0.36,0.68,2,1,1,1,1,35800.9,0
9844,15778304,Fan,Human Resoruces Coordinator,20/01/1999,09/08/2018,,White Collar,Fixed Term,Full Time,Fixed,Active,Medium,Male,24,"4 Years, 4 Months",4,30466.52,3,0.68,0.52,0.93,1,0,1,1,1,34621.05,0
9845,15588456,Hsieh,National Perishable Air Logistics Development Manager Seafood,16/08/1984,07/02/2004,,White Collar,Fixed Term,Full Time,Flex and Fixed,Active,High,Female,38,"18 Years, 10 Months",18,28588.69,3,0.1,0.51,0.73,2,1,1,1,1,34444.2,0
9846,15664035,Parsons,Technical Support Engineer,13/02/1988,21/12/2013,,White Collar,Fixed Term,Full Time,Flex and Fixed,Active,High,Female,35,"8 Years, 11 Months",8,50682.91,4,0.59,0.69,0.94,2,1,1,1,1,60336.8,0
9847,15596405,Udinese,Data Engineer,11/12/1956,31/07/2015,,White Collar,Fixed Term,Full Time,Flex and Fixed,Active,Low,Male,66,"7 Years, 4 Months",7,66568.42,3,0.82,0.67,0.5,1,1,1,1,1,69342.1,0
9848,15815097,Root,National Air Logistics Pharma Compliance Specialist,17/07/1981,16/10/2016,,Blue Collar,Fixed Term,Full Time,Fixed,Active,Medium,Female,41,"6 Years, 2 Months",6,32565.78,2,0.3,0.6,0.99,2,0,0,1,0,36184.2,0
9849,15762708,Chiemezie,Customer Servce Administrative Officer,23/01/1993,04/11/2018,,Blue Collar,Fixed Term,Full Time,Fixed,Active,Low,Female,30,"4 Years, 1 Months",4,32780.04,3,0.71,0.71,0.57,2,0,1,1,1,35247.35,0
9850,15776211,Toscani,Finance Analyst,31/07/1978,17/08/2020,,White Collar,Fixed Term,Full Time,Flex and Fixed,Active,Low,Female,44,"2 Years, 4 Months",2,47949.83,3,0.88,0.65,0.79,1,1,1,1,0,48928.4,0
9851,15626012,Obidimkpa,National Perishable Air Logistics Development Manager Seafood,28/10/2000,22/12/2019,,White Collar,Fixed Term,Full Time,Flex and Fixed,Active,Medium,Male,22,"2 Years, 11 Months",2,35556.46,1,0.24,0.48,0.92,2,1,0,0,0,36282.1,0
9852,15792077,Degtyaryov,Inside Sales Executive/ Account Manager,09/01/2000,07/08/2020,,White Collar,Fixed Term,Full Time,Flex and Fixed,Active,Medium,Male,23,"2 Years, 4 Months",2,30950.73,4,0.6,0.67,0.58,1,1,0,1,0,33642.1,0
9853,15718765,Maclean,Pricing Analyst,06/03/1984,22/02/2021,13/01/2022,White Collar,Fixed Term,Full Time,Flex and Fixed,Voluntarily Terminated,High,Male,39,"1  Years, 9 Months",1,42794.89,2,0.11,0.68,0.63,7,1,0,0,0,50946.3,1
9854,15576615,Giordano,Accounts Payable,27/03/1994,13/08/2019,,White Collar,Fixed Term,Full Time,Fixed,Active,High,Male,28,"3 Years, 4 Months",3,32421.77,1,0.57,0.74,0.85,2,1,0,1,0,35241.05,0
9855,15752650,Saad,Sales Account Manager,16/09/1988,30/12/2013,,White Collar,Fixed Term,Full Time,Fixed,Active,High,Female,34,"8 Years, 11 Months",8,31418.94,4,0.42,0.9,0.77,1,1,1,1,1,36533.65,0
9856,15797502,Lord,Pricing Analyst,26/10/1964,31/07/1989,,White Collar,Fixed Term,Full Time,Flex and Fixed,Active,High,Male,58,"33 Years, 4 Months",33,41586.85,1,0.36,0.67,0.83,1,1,1,1,0,48356.8,0
9857,15687329,Hope,BI Developer,30/10/1965,07/08/2020,10/04/2021,White Collar,Fixed Term,Full Time,Flex and Fixed,Voluntarily Terminated,Medium,Female,57,"2  Years, 4 Months",2,60901.34,4,0.14,0.64,0.66,5,1,0,1,1,63438.9,1
9858,15779423,K?,Perishable Operational Care Specialist - Air Logistics,03/01/1993,23/09/2019,,Blue Collar,Fixed Term,Full Time,Fixed,Active,Medium,Male,30,"3 Years, 2 Months",3,29391.03,1,0.17,0.54,0.87,2,0,1,1,1,33398.9,0
9859,15619514,Bull,National Service Excellence Specialist- Air Logistics,07/01/1983,27/02/2011,13/09/2015,White Collar,Fixed Term,Full Time,Flex and Fixed,Voluntarily Terminated,Low,Male,40,"4 Years, 6 Months",4,31444.3,2,0.3,0.6,0.73,7,0,0,1,1,32416.8,1
9860,15615430,Adams,Gateway & Procurement Team Leader- Air Logistics,01/02/1991,11/12/2013,26/11/2018,White Collar,Fixed Term,Full Time,Fixed,Voluntarily Terminated,High,Male,32,"9  Years, 0 Months",9,36865.77,2,0.48,0.72,0.67,8,0,1,1,1,39218.9,1
9861,15716431,Brookes,National Perishable Air Logistics Development Manager Retail,12/07/1982,31/03/2018,,White Collar,Fixed Term,Full Time,Flex and Fixed,Active,High,Female,40,"4 Years, 8 Months",4,35475.5,4,0.8,0.97,0.49,3,1,1,1,1,36953.65,0
9862,15798341,Victor,Analyst Programmer ,18/01/1986,06/11/2017,,White Collar,Fixed Term,Full Time,Flex and Fixed,Active,Low,Male,37,"5 Years, 1 Months",5,55772.98,1,0.82,0.99,0.89,3,1,1,1,1,58708.4,0
9863,15651958,Giles,Trucking Team Leader- Air Logistics,16/08/1984,05/06/2016,,White Collar,Fixed Term,Full Time,Fixed,Active,Medium,Male,38,"6 Years, 6 Months",6,32415.39,4,0.21,0.75,0.93,2,0,1,1,1,38135.75,0
9864,15726179,Ferrari,Regional Air logistics Trainer Specialist,27/07/1974,26/04/2015,20/01/2022,White Collar,Fixed Term,Full Time,Fixed,Voluntarily Terminated,Low,Female,48,"6 Years, 8 Months",6,32004.92,2,0.4,0.84,0.98,5,0,1,1,1,35960.58,1
9865,15652999,Milne,Trucking Specialist - Air Logistics,25/04/1963,28/07/2020,,Blue Collar,Fixed Term,Full Time,Fixed,Active,Medium,Male,59,"2 Years, 4 Months",2,33364.42,2,0.36,0.76,0.5,1,0,1,1,1,36664.2,0
9866,15691950,Parry,National Perishable Air Logistics Development Manager Retail,13/12/1963,09/11/2018,,White Collar,Fixed Term,Full Time,Flex and Fixed,Active,Low,Male,59,"4  Years, 1 Months",4,31223.34,4,0.86,0.96,0.51,1,1,0,1,0,34692.6,0
9867,15632446,Allan,Customer Brokerage Specialist,29/04/1993,15/09/2021,,Blue Collar,Fixed Term,Full Time,Fixed,Active,High,Male,29,"1  Years, 3 Months",1,34264.2,1,0.15,0.12,0.81,0,1,0,0,0,34264.2,0
9868,15620936,Warren,Perishable Customer Care Team Leader - Air Logistics,20/06/1956,28/09/2014,,White Collar,Fixed Term,Full Time,Fixed,Active,Medium,Male,66,"8 Years, 2 Months",8,36589.74,3,0.91,0.54,0.79,1,0,1,1,0,38925.25,0
9869,15587640,Rowntree,Regional Air logistics Trainer Specialist,04/06/1987,04/10/2017,,White Collar,Fixed Term,Full Time,Fixed,Active,High,Female,35,"5 Years, 2 Months",5,30285.76,2,0.84,0.69,0.98,1,0,0,1,0,33281.05,0
9870,15782231,Andrejew,Warehouse Quality Control Specialist - Air Logistics,22/11/1977,05/01/2013,,Blue Collar,Fixed Term,Full Time,Fixed,Active,High,Male,45,"9 Years, 11 Months",9,25042.2,4,0.29,0.77,0.71,2,0,0,1,0,27518.9,0
9871,15580462,Corby,National Air Logistics Warehousing Manager,26/02/1971,30/10/2016,,White Collar,Fixed Term,Full Time,Fixed,Active,Low,Male,52,"6 Years, 1 Months",6,69732.95,3,0.68,0.96,0.86,2,1,1,1,1,77481.05,0
9872,15736371,Kennedy,Material Handler ,16/06/2003,07/02/2021,,Blue Collar,Fixed Term,Full Time,Fixed,Active,Medium,Female,19,"1  Years, 10 Months",1,25086.3,2,0.28,0.53,0.62,0,0,1,1,1,25086.3,0
9873,15648032,Young,Accounting Coordinator,23/04/2001,29/03/2019,,White Collar,Fixed Term,Full Time,Fixed,Active,Medium,Male,21,"3 Years, 8 Months",3,32984.39,1,0.24,0.54,0.72,1,1,1,0,1,35852.6,0
9874,15610454,Poole,Human Resoruces Coordinator,15/02/1972,19/12/2012,,White Collar,Fixed Term,Full Time,Fixed,Active,High,Female,51,"9 Years, 11 Months",9,33337.58,3,0.18,0.89,0.64,1,0,1,1,1,36634.7,0
9875,15671358,Fletcher,Transport Controller,17/02/1976,23/06/2013,,Blue Collar,Fixed Term,Full Time,Fixed,Active,Medium,Male,47,"9 Years, 5 Months",9,22409.96,2,0.3,0.52,0.84,1,0,0,1,0,26999.95,0
9876,15747130,Tsao,Apprentice,27/05/2002,12/03/2022,,Blue Collar,Apprentice,Full Time,Fixed,Active,Low,Male,20,"0 Years, 9 Months",0,21826.3,3,0.28,0.29,0.65,0,0,1,1,1,21826.3,0
9877,15578374,Gilroy,National Air Logistics Pharma Compliance Specialist,04/10/1983,08/05/2013,,Blue Collar,Fixed Term,Full Time,Fixed,Active,High,Male,39,"9 Years, 7 Months",9,31970.67,3,0.26,0.93,0.6,2,0,0,1,0,35132.6,0
9878,15572182,Onwuamaeze,Perishable Apprentice- Air Logistics,20/04/2004,29/06/2009,07/12/2017,Blue Collar,Apprentice,Full Time,Fixed,Voluntarily Terminated,Medium,Female,18,"8 Years, 5 Months",8,20715.89,3,0.26,0.71,0.68,6,0,0,1,0,22227.35,1
9879,15770041,Manna,Data Engineer,05/05/1984,12/06/2013,,White Collar,Fixed Term,Full Time,Flex and Fixed,Active,Low,Female,38,"9  Years, 6 Months",9,66233.79,4,0.14,0.23,0.5,3,1,1,0,1,71066.3,0
9880,15669414,Pisano,National Perishable Air Logistics Development Manager Retail,21/09/1979,13/09/2021,18/03/2022,White Collar,Fixed Term,Full Time,Flex and Fixed,Voluntarily Terminated,Medium,Male,43,"1  Years, 3 Months",1,35472.6,1,0.27,0.89,0.96,0,1,0,1,0,35472.6,1
9881,15777054,Thorpe,Warehouse Specialist - Air Logistics,18/08/1967,01/09/1999,,Blue Collar,Fixed Term,Full Time,Fixed,Active,High,Male,55,"23 Years, 3 Months",23,23852.98,3,0.29,0.51,0.5,2,0,0,1,0,25108.4,0
9882,15621021,Dwyer,IT-Support,05/07/1958,21/04/1998,,White Collar,Fixed Term,Full Time,Fixed,Active,High,Female,64,"24  Years, 7 Months",24,26681.02,1,0.66,0.27,0.64,5,0,0,1,0,39236.8,0
9883,15785490,Okeke,Account Manager ,25/08/1988,13/10/2015,14/11/2020,White Collar,Fixed Term,Full Time,Fixed,Voluntarily Terminated,Low,Male,34,"5 Years, 1 Months",5,30336.81,3,0.14,0.31,0.53,8,1,1,1,1,34473.65,1
9884,15577695,Zito,Warehouse Specialist - Air Logistics,18/03/1997,02/09/2019,,Blue Collar,Fixed Term,Full Time,Fixed,Active,Medium,Male,25,"3 Years, 3 Months",3,25557.58,4,0.13,0.88,0.57,2,0,0,1,0,28085.25,0
9885,15686974,Sergeyeva,Trucking Specialist - Air Logistics,26/11/1982,09/04/2009,05/02/2016,Blue Collar,Fixed Term,Full Time,Fixed,Voluntarily Terminated,High,Female,40,"6 Years, 9 Months",6,31906.95,2,0.55,0.91,0.83,6,0,1,0,1,35850.5,1
9886,15574584,Fang,Network Engineer,25/10/1968,09/03/2012,,White Collar,Fixed Term,Full Time,Flex and Fixed,Active,Low,Male,54,"10 Years, 9 Months",10,58450.52,2,0.27,0.65,0.63,1,1,1,1,1,66421.05,0
9887,15719541,Flannagan,Account Manager ,27/05/1976,08/12/2020,,White Collar,Fixed Term,Full Time,Fixed,Active,High,Male,46,"2 Years, 0 Months",2,34149.55,3,0.94,0.68,0.5,1,1,0,1,0,36719.95,0
9888,15646310,Mao,Gateway & Procurement Team Leader- Air Logistics,14/09/1974,04/08/2015,,White Collar,Fixed Term,Full Time,Fixed,Active,Medium,Male,48,"7 Years, 4 Months",7,40000.69,4,0.48,0.58,0.63,1,0,1,1,1,43956.8,0
9889,15697606,Sturdee,Transport Controller,27/10/1983,21/04/2017,,Blue Collar,Fixed Term,Full Time,Fixed,Active,Low,Female,39,"5 Years, 7 Months",5,23842.22,3,0.37,0.68,0.62,2,0,0,0,0,25636.8,0
9890,15711489,Azikiwe,Business Development Executive,15/12/1987,27/02/2016,,White Collar,Fixed Term,Full Time,Flex and Fixed,Active,Medium,Female,35,"6 Years, 9 Months",6,40390.3,1,0.16,0.59,0.76,3,0,1,1,1,42968.4,0
9891,15670427,Chidi,BI Developer,14/08/1969,05/10/2005,,White Collar,Fixed Term,Full Time,Flex and Fixed,Active,Medium,Male,53,"17  Years, 2 Months",17,50242.67,4,0.9,0.56,0.57,2,1,0,1,0,61271.55,0
9892,15731755,Hull,Trucking Specialist - Air Logistics,11/12/1990,30/03/2012,,Blue Collar,Fixed Term,Full Time,Fixed,Active,Medium,Male,32,"10  Years, 8 Months",10,28414.97,4,0.12,0.74,0.44,4,0,0,1,0,33827.35,0
9893,15796370,Shah,Pricing Analyst,06/09/1987,26/12/2012,,White Collar,Fixed Term,Full Time,Flex and Fixed,Active,Medium,Male,35,"9 Years, 11 Months",9,40781.59,4,0.35,0.5,0.91,2,1,1,0,1,49733.65,0
9894,15598331,Morgan,IT-Support,25/01/1958,08/09/2018,,White Collar,Fixed Term,Full Time,Fixed,Active,High,Female,65,"4  Years, 3 Months",4,42429.84,4,0.3,0.85,0.65,2,0,0,1,0,43295.75,0
9895,15704795,Vagin,BI Developer,21/11/1981,07/03/2019,,White Collar,Fixed Term,Full Time,Flex and Fixed,Active,Medium,Female,41,"3 Years, 9 Months",3,61361.18,1,0.24,0.57,0.48,4,1,1,1,1,65277.85,0
9896,15796764,Bruno,Analyst Programmer ,01/11/1992,01/05/2012,22/09/2020,White Collar,Fixed Term,Full Time,Flex and Fixed,Voluntarily Terminated,Medium,Female,30,"10  Years, 7 Months",10,55152.4,2,0.27,0.89,0.58,6,1,1,1,1,61280.44,1
9897,15589420,Osinachi,National Perishable Air Logistics Development Manager Retail,22/02/2001,26/04/2008,,White Collar,Fixed Term,Full Time,Flex and Fixed,Active,Low,Female,22,"14  Years, 7 Months",14,28347.41,3,0.81,0.76,0.66,1,1,1,1,1,32962.1,0
9898,15810563,Ho,Gateway & Procurement Team Leader- Air Logistics,14/10/1996,20/07/2019,,White Collar,Fixed Term,Full Time,Fixed,Active,Medium,Female,26,"3 Years, 4 Months",3,39292.13,1,0.29,0.96,0.7,1,0,1,1,1,40507.35,0
9899,15746569,Tsui,Perishable Operational Care Specialist - Air Logistics,25/06/1978,30/11/2011,03/06/2016,Blue Collar,Fixed Term,Full Time,Fixed,Voluntarily Terminated,High,Male,44,"4 Years, 6 Months",4,29718.96,2,0.25,0.81,0.68,8,0,0,1,0,33771.55,1
9900,15811594,Gordon,Analyst Programmer ,28/11/1984,05/06/2002,,White Collar,Fixed Term,Full Time,Flex and Fixed,Active,High,Female,38,"20 Years, 6 Months",20,56651.06,3,0.89,0.79,0.85,3,1,1,1,1,58403.15,0
9901,15645896,Duncan,Perishable Manager - Air Logistics,06/01/1965,17/12/2020,,White Collar,Fixed Term,Full Time,Flex and Fixed,Active,High,Male,58,"2 Years, 0 Months",2,65269.61,3,0.58,0.63,0.66,1,1,1,0,1,69435.75,0
9902,15802909,Hu,Apprentice,11/04/2004,13/02/2022,,Blue Collar,Apprentice,Full Time,Fixed,Active,Low,Female,18,"0 Years, 10 Months",0,23835.75,2,0.26,0.92,0.82,0,0,1,1,1,23835.75,0
9903,15797665,Docherty,IT System Engineer,04/07/1986,02/06/2017,,White Collar,Fixed Term,Full Time,Flex and Fixed,Active,High,Female,36,"5  Years, 6 Months",5,69522.1,1,0.99,0.77,0.74,0,1,0,1,0,69522.1,0
9904,15778959,Brookes,IT System Engineer,24/11/1978,07/09/2017,,White Collar,Fixed Term,Full Time,Flex and Fixed,Active,Medium,Female,44,"5 Years, 3 Months",5,62713.97,3,0.78,0.73,0.87,1,1,1,0,1,66014.7,0
9905,15722532,Angelo,Business Development Executive,07/08/1964,06/01/2007,,White Collar,Fixed Term,Full Time,Flex and Fixed,Active,Medium,Female,58,"15 Years, 11 Months",15,36966.11,4,0.78,0.74,0.98,2,0,1,1,0,40622.1,0
9906,15784124,Emenike,Trucking Specialist - Air Logistics,04/11/1991,23/10/2015,28/08/2018,Blue Collar,Fixed Term,Full Time,Fixed,Voluntarily Terminated,Low,Male,31,"2 Years, 10 Months",2,28685.25,3,0.23,0.8,0.74,6,0,0,1,0,33747.35,1
9907,15776518,Pugh,Network Engineer,16/10/1955,09/01/1983,,White Collar,Fixed Term,Full Time,Flex and Fixed,Active,Low,Female,67,"39 Years, 11 Months",39,43205.96,4,0.42,0.82,0.85,5,1,1,1,1,70829.45,0
9908,15611247,McKenzie,Trucking Specialist - Air Logistics,23/04/1994,17/06/2014,,Blue Collar,Fixed Term,Full Time,Fixed,Active,Medium,Female,28,"8 Years, 6 Months",8,32141.45,3,0.68,0.48,0.81,2,0,0,1,0,36944.2,0
9909,15721469,Mach,National Perishable Air Logistics Development Manager Seafood,27/04/1971,09/03/2015,,White Collar,Fixed Term,Full Time,Flex and Fixed,Active,High,Male,51,"7 Years, 9 Months",7,28980.5,4,0.89,0.79,0.54,2,1,0,0,0,34094.7,0
9910,15773338,Endrizzi,Inside Sales Executive/ Account Manager,31/07/1967,08/10/1983,,White Collar,Fixed Term,Full Time,Flex and Fixed,Active,Low,Male,55,"39 Years, 2 Months",39,32408.2,2,0.43,0.87,0.41,1,1,1,1,1,35226.3,0
9911,15784042,L?,Perishable Warehouse Specialist - Air Logistics,23/03/1994,21/05/2014,11/12/2019,Blue Collar,Fixed Term,Full Time,Fixed,Voluntarily Terminated,High,Male,28,"5 Years, 6 Months",5,30968.57,1,0.11,0.96,0.88,5,0,1,1,1,36867.35,1
9912,15776229,MacPherson,Customer Care Specialist-Key Accounts,25/02/1984,06/01/2000,,White Collar,Fixed Term,Full Time,Fixed,Active,Medium,Male,39,"22 Years, 11 Months",22,33423.1,1,0.6,0.96,0.58,3,0,0,0,0,34456.8,0
9913,15655903,Michael,Project Manager,15/07/1967,10/11/1992,,White Collar,Fixed Term,Full Time,Flex and Fixed,Active,Low,Female,55,"30  Years, 1 Months",30,41563.97,4,0.27,0.69,0.66,1,1,1,1,1,43751.55,0
9914,15590177,Chiedozie,National Air Logistics Pharma Compliance Specialist,08/02/2000,05/08/2019,,Blue Collar,Fixed Term,Full Time,Fixed,Active,Medium,Female,23,"3 Years, 4 Months",3,31582.97,1,0.2,0.42,0.58,1,0,1,0,1,33598.9,0
9915,15568876,Hughes,Customer Brokerage Specialist,24/05/1969,14/10/2007,,Blue Collar,Fixed Term,Full Time,Fixed,Active,Low,Female,53,"15 Years, 2 Months",15,30722.04,4,0.41,0.7,0.76,2,1,0,1,0,33760.48,0
9916,15813140,Taylor,Sea Logistics Pricing Coordinator,09/07/1993,25/12/2017,,White Collar,Fixed Term,Full Time,Fixed,Active,Medium,Male,29,"4 Years, 11 Months",4,29834.51,1,0.75,0.97,0.76,1,0,1,0,1,33149.45,0
9917,15770516,Evdokimov,Warehouse Specialist - Air Logistics,06/07/1965,13/04/2002,,Blue Collar,Fixed Term,Full Time,Fixed,Active,Low,Female,57,"20 Years, 8 Months",20,23331.4,4,0.6,0.6,0.59,1,0,1,1,1,25638.9,0
9918,15755731,Davis,Sales Specialist-Air Logitics ,17/04/2002,30/06/2012,28/01/2022,Blue Collar,Fixed Term,Full Time,Fixed,Voluntarily Terminated,Medium,Male,20,"10  Years, 5 Months",10,30770.51,4,0.16,0.63,0.63,5,0,1,0,1,34189.45,1
9919,15574480,Ubanwa,Aerospace International Logistics Specialist,04/07/1955,09/01/2016,,Blue Collar,Fixed Term,Full Time,Fixed,Active,High,Male,67,"6 Years, 11 Months",6,31918.96,1,0.35,0.65,0.82,1,0,0,0,0,36271.55,0
9920,15798084,Murray,Warehouse Apprentice- Air Logistics,18/01/2003,12/06/2022,,Blue Collar,Apprentice,Full Time,Fixed,Active,Medium,Male,20,"0 Years, 6 Months",0,21394.7,4,0.4,0.85,0.81,0,0,0,1,0,21394.7,0
9921,15673020,Smith,Sea Logiscitcs Customer Care Specialist ,21/11/1967,21/04/1990,30/10/2014,Blue Collar,Fixed Term,Full Time,Fixed,Voluntarily Terminated,Low,Female,55,"24 Years, 6 Months",24,34273.39,4,0.26,0.54,0.83,4,0,1,0,1,36461.05,1
9922,15643575,Evseev,Accounting Coordinator,12/06/1979,21/12/2019,,White Collar,Fixed Term,Full Time,Fixed,Active,Low,Male,43,"2 Years, 11 Months",2,33559.8,1,0.72,0.23,0.74,1,1,0,0,0,36878.9,0
9923,15596811,Mitchell,Customer Servce Administrative Officer,23/11/1980,07/10/2022,,Blue Collar,Fixed Term,Full Time,Fixed,Active,Medium,Male,42,"0 Years, 2 Months",0,31286.3,1,0.28,0.95,0.73,0,0,0,1,0,31286.3,0
9924,15786789,Ni,Perishable Apprentice- Air Logistics,18/03/2004,25/11/2021,,Blue Collar,Apprentice,Full Time,Fixed,Active,Medium,Female,18,"1  Years, 0 Months",1,23795.75,3,0.29,1,0.51,0,0,1,1,1,23795.75,0
9925,15578865,Palerma,Sea Logiscitcs Customer Care Specialist ,25/07/1984,30/11/2017,31/05/2022,Blue Collar,Fixed Term,Full Time,Fixed,Terminated for Cause,High,Female,38,"4 Years, 6 Months",4,34600.88,3,0.59,0.77,0.93,5,0,1,1,1,36809.45,1
9926,15605672,Yuan,Internal Trainer,17/01/1990,21/02/2021,,White Collar,Fixed Term,Full Time,Fixed,Active,Low,Female,33,"1  Years, 9 Months",1,33910.22,2,0.36,0.8,0.53,1,0,1,1,1,36074.7,0
9927,15603674,Knight,Stock Investigator & Analyst,25/10/1984,23/11/2013,,White Collar,Fixed Term,Full Time,Flex and Fixed,Active,High,Male,38,"9 Years, 0 Months",9,42803.53,4,0.96,0.88,0.56,1,1,1,1,1,49771.55,0
9928,15759915,Rapuokwu,Trucking Team Leader- Air Logistics,02/07/1992,13/04/2012,,White Collar,Fixed Term,Full Time,Fixed,Active,High,Female,30,"10  Years, 8 Months",10,33008.43,1,0.12,0.73,0.68,5,0,0,1,0,39295.75,0
9929,15686219,Wan,Transport Controller,25/04/1984,08/05/1989,,Blue Collar,Fixed Term,Full Time,Fixed,Active,Low,Male,38,"33 Years, 7 Months",33,24424.69,1,0.27,0.54,0.9,3,0,0,1,0,24923.15,0
9930,15696388,Artamonova,Transport Controller,01/06/1993,23/06/2019,,Blue Collar,Fixed Term,Full Time,Fixed,Active,Low,Male,29,"3 Years, 5 Months",3,23641.58,3,0.77,0.92,0.58,2,0,1,1,1,25421.05,0
9931,15713604,Rossi,Warehouse Apprentice- Air Logistics,21/12/2001,26/03/2022,,Blue Collar,Apprentice,Full Time,Fixed,Active,High,Male,21,"0 Years, 8 Months",0,23042.1,3,0.26,0.14,0.88,0,0,1,1,1,23042.1,0
9932,15647800,Greco,Customer Brokerage Specialist,30/07/1971,02/10/2016,,Blue Collar,Fixed Term,Full Time,Fixed,Active,Medium,Female,51,"6 Years, 2 Months",6,33556.72,4,0.28,0.65,0.79,1,1,0,1,0,36474.7,0
9933,15813451,Fleetwood-Smith,Gateway & Procurement Team Leader- Air Logistics,02/11/2000,29/10/2018,,White Collar,Fixed Term,Full Time,Fixed,Active,Low,Male,22,"4 Years, 1 Months",4,37305.49,2,0.69,0.17,0.89,1,0,1,1,1,42392.6,0
9934,15765375,Butusov,Accounting Coordinator,12/10/1979,01/10/2016,,White Collar,Fixed Term,Full Time,Fixed,Active,Low,Female,43,"6 Years, 2 Months",6,29529.65,4,0.11,0.18,0.67,2,1,0,0,0,34740.77,0
9935,15774586,West,Sea Logiscitcs Customer Care Specialist ,09/01/1955,20/07/2001,19/06/2021,Blue Collar,Fixed Term,Full Time,Fixed,Voluntarily Terminated,Low,Female,68,"21  Years, 4 Months",21,26164.73,1,0.28,0.58,0.5,5,0,1,1,1,35842.1,1
9936,15603454,Sanders,Perishable Warehouse Specialist - Air Logistics,15/09/1982,13/11/2013,,Blue Collar,Fixed Term,Full Time,Fixed,Active,Low,Male,40,"9 Years, 1 Months",9,31799.22,3,0.38,0.63,0.67,2,0,1,0,0,34944.2,0
9937,15653037,Parks,Customer Care Specialist-Key Accounts,02/11/1999,11/03/2020,,White Collar,Fixed Term,Full Time,Fixed,Active,Medium,Male,23,"2 Years, 9 Months",2,34242.23,1,0.76,0.68,0.81,2,0,1,0,1,34941.05,0
9938,15782475,Edith,National Air Logistics Security Compliance Manager,29/03/1973,23/10/2013,,White Collar,Fixed Term,Full Time,Flex and Fixed,Active,Low,Female,49,"9 Years, 1 Months",9,59573.9,2,0.28,0.91,0.98,3,1,1,1,1,68475.75,0
9939,15593496,Korovin,Human Resoruces Coordinator,10/06/1980,26/11/2013,,White Collar,Fixed Term,Full Time,Fixed,Active,Low,Female,42,"9 Years, 0 Months",9,27380.71,3,0.3,0.95,0.94,1,0,0,0,0,32212.6,0
9940,15808971,Lajoie,Cloud Service Analyst,27/12/1991,26/06/2015,,White Collar,Fixed Term,Full Time,Flex and Fixed,Active,Low,Female,31,"7 Years, 5 Months",7,50590.09,3,0.21,0.89,0.76,3,1,1,1,1,60226.3,0
9941,15791972,Bergamaschi,Accounts Payable,13/05/1969,28/10/2007,,White Collar,Fixed Term,Full Time,Fixed,Active,Low,Female,53,"15 Years, 1 Months",15,33235.22,1,0.71,0.76,0.76,2,1,0,0,0,35736.8,0
9942,15676869,T'ien,National Air Logistics Gateway Trade Lane Specialist,12/02/1984,30/01/2021,,White Collar,Fixed Term,Full Time,Fixed,Active,Medium,Male,39,"1  Years, 10 Months",1,30926.99,2,0.43,0.96,0.72,1,0,1,0,0,32901.05,0
9943,15683007,Torode,Gateway & Procurement Specialist - Air Logistics,05/12/1999,19/06/2021,,Blue Collar,Fixed Term,Full Time,Fixed,Active,Low,Female,23,"1  Years, 5 Months",1,35442.1,2,0.57,0.78,0.63,0,0,0,1,0,35442.1,0
9944,15659495,Fu,Sea Logistics Pricing Coordinator,13/10/1980,22/06/2020,,White Collar,Fixed Term,Full Time,Fixed,Active,Low,Male,42,"2 Years, 5 Months",2,32366.64,3,0.73,0.98,0.9,1,0,1,1,1,34432.6,0
9945,15703923,Cameron,IT-Support,08/08/1978,21/12/2016,,White Collar,Fixed Term,Full Time,Fixed,Active,Medium,Male,44,"5 Years, 11 Months",5,38583.97,4,0.89,0.76,0.42,3,0,1,1,1,40614.7,0
9946,15674000,Cattaneo,Perishable Operational Care Specialist - Air Logistics,22/12/1962,17/09/1995,,Blue Collar,Fixed Term,Full Time,Fixed,Active,Low,Male,60,"27  Years, 3 Months",27,30908.96,4,0.48,0.63,0.49,1,0,1,0,1,32535.75,0
9947,15618171,James,Recruiter,21/11/1965,02/09/1995,,White Collar,Fixed Term,Full Time,Fixed,Active,High,Female,57,"27 Years, 3 Months",27,36128.91,2,0.28,0.39,0.37,3,0,1,0,1,39702.1,0
9948,15732202,Abramovich,Accounts Payable,07/04/1983,02/11/2017,23/05/2019,White Collar,Fixed Term,Full Time,Fixed,Voluntarily Terminated,Low,Male,39,"1 Years, 6 Months",1,33197.79,2,0.29,0.35,0.67,4,1,1,1,1,35316.8,1
9949,15735078,Onwughara,Customer Brokerage Specialist,08/06/1984,03/01/2012,,Blue Collar,Fixed Term,Full Time,Fixed,Active,Low,Female,38,"10 Years, 11 Months",10,31623.57,4,0.53,0.8,0.8,3,1,1,1,1,33642.1,0
9950,15798615,Wan,Data Analyst,20/05/1971,23/09/2016,,White Collar,Fixed Term,Full Time,Flex and Fixed,Active,Medium,Female,51,"6 Years, 2 Months",6,40819.68,1,0.47,0.89,0.64,1,1,0,1,0,48023.15,0
9951,15638494,Salinas,Accountant,05/02/1977,17/03/2012,,White Collar,Fixed Term,Full Time,Fixed,Active,Low,Female,46,"10  Years, 9 Months",10,26268.6,2,0.26,0.75,0.41,1,1,1,1,1,32835.75,0
9952,15763874,Ho,Material Handler ,18/12/2002,14/01/2020,,Blue Collar,Fixed Term,Full Time,Fixed,Active,Low,Male,20,"2 Years, 11 Months",2,23320.89,4,0.29,0.94,0.85,2,0,1,1,1,25627.35,0
9953,15696355,Cleveland,Trucking Team Leader- Air Logistics,11/07/1978,19/11/2019,,White Collar,Fixed Term,Full Time,Fixed,Active,Low,Male,44,"3 Years, 0 Months",3,39297.78,1,0.08,0.5,0.75,2,0,0,1,0,43664.2,0
9954,15655952,Burke,Trucking Specialist - Air Logistics,30/05/1994,24/09/2015,,Blue Collar,Fixed Term,Full Time,Fixed,Active,High,Male,28,"7 Years, 2 Months",7,33923.42,4,0.74,0.75,0.95,3,0,1,1,1,36476.8,0
9955,15739850,Trentino,National Air Logistics Warehousing Manager,25/06/1985,10/10/2012,,White Collar,Fixed Term,Full Time,Fixed,Active,Medium,Male,37,"10  Years, 2 Months",10,64504.64,3,0.67,0.84,0.78,1,1,1,0,1,78664.2,0
9956,15611338,Kashiwagi,National Perishable Air Logistics Development Manager Retail,22/07/1969,28/12/2001,,White Collar,Fixed Term,Full Time,Flex and Fixed,Active,Low,Male,53,"20 Years, 11 Months",20,35427.02,1,0.27,0.55,0.81,1,1,1,1,1,36903.15,0
9957,15707861,Nucci,Sales Account Manager,11/07/1982,07/05/2007,15/02/2020,White Collar,Fixed Term,Full Time,Fixed,Terminated for Cause,High,Female,40,"15  Years, 7 Months",15,28223.5,1,0.1,0.59,0.82,4,1,0,1,0,34418.9,1
9958,15672237,Oluchi,Network Engineer,13/05/1983,26/12/2018,,White Collar,Fixed Term,Full Time,Flex and Fixed,Active,High,Male,39,"3 Years, 11 Months",3,60714.3,4,0.3,0.58,0.43,2,1,0,1,0,67460.33,0
9959,15657771,Ts'ui,Human Resoruces Coordinator,27/02/1998,26/03/2018,,White Collar,Fixed Term,Full Time,Fixed,Active,Medium,Male,25,"4 Years, 8 Months",4,32596.97,3,0.65,0.91,0.59,3,0,1,1,1,35050.5,0
9960,15677783,Graham,Accountant,19/04/1981,11/05/2012,,White Collar,Fixed Term,Full Time,Fixed,Active,Low,Male,41,"10  Years, 7 Months",10,26085.88,3,0.17,0.43,0.92,4,1,0,1,0,32607.35,0
9961,15681026,Lucciano,Sea Logistics Pricing Coordinator,15/02/1994,25/11/2013,14/09/2018,White Collar,Fixed Term,Full Time,Fixed,Voluntarily Terminated,Low,Female,29,"4 Years, 9 Months",4,29067.47,4,0.21,0.51,0.79,6,0,1,1,1,35021.05,1
9962,15566543,Aldridge,Warehouse Quality Control Specialist - Air Logistics,11/12/1991,18/08/2020,,Blue Collar,Fixed Term,Full Time,Fixed,Active,Low,Male,31,"2 Years, 4 Months",2,25105.9,4,0.25,0.81,0.96,1,0,0,1,0,26708.4,0
9963,15594612,Flynn,Recruiter,27/07/1973,27/06/2019,18/02/2023,White Collar,Fixed Term,Full Time,Fixed,Terminated for Cause,Low,Male,49,"3 Years, 7 Months",3,38633.95,2,0.15,0.72,0.39,7,0,0,0,0,41099.95,1
9964,15814664,Scott,National Service Excellence Specialist- Air Logistics,29/07/1985,15/04/2018,,White Collar,Fixed Term,Full Time,Flex and Fixed,Active,Medium,Male,37,"4 Years, 8 Months",4,30840.74,3,0.83,0.89,0.99,1,0,0,1,0,35046.3,0
9965,15642785,Douglas,IT System Engineer,23/10/1991,31/12/2014,,White Collar,Fixed Term,Full Time,Flex and Fixed,Active,Medium,Male,31,"7 Years, 11 Months",7,63035.46,4,0.08,0.61,0.74,1,1,0,0,0,68516.8,0
9966,15690164,Shao,Revenue Care Specialist- Air Logistics,12/06/1965,28/12/2014,,White Collar,Fixed Term,Full Time,Fixed,Active,Low,Female,57,"7 Years, 11 Months",7,40572.37,2,0.57,0.57,0.7,1,1,0,0,0,43162.1,0
9967,15590213,Ch'en,IT-Support,15/05/1992,09/09/2014,,White Collar,Fixed Term,Full Time,Fixed,Active,High,Male,30,"8 Years, 3 Months",8,32980.53,2,0.52,0.74,0.82,2,0,1,1,1,35848.4,0
9968,15603794,Pugliesi,Regional Air logistics Trainer Specialist,25/07/1965,10/08/1996,,White Collar,Fixed Term,Full Time,Fixed,Active,High,Male,57,"26 Years, 4 Months",26,30723.51,2,0.29,0.87,0.64,2,0,1,1,1,33762.1,0
9969,15733491,McGregor,National Perishable Air Logistics Development Manager Retail,20/01/1959,24/03/2019,,White Collar,Fixed Term,Full Time,Flex and Fixed,Active,Low,Female,64,"3  Years, 8 Months",3,33446.3,1,0.84,0.58,0.62,0,1,0,0,0,33446.3,0
9970,15806360,Hou,Customer Servce Administrative Officer,30/05/1964,22/01/1996,,Blue Collar,Fixed Term,Full Time,Fixed,Active,Medium,Male,58,"26 Years, 10 Months",26,32150.84,3,0.15,0.63,0.59,3,0,1,0,1,35723.15,0
9971,15587133,Thompson,IT System Engineer,27/06/1968,17/07/2015,,White Collar,Fixed Term,Full Time,Flex and Fixed,Active,Low,Male,54,"7 Years, 5 Months",7,68852.69,4,0.13,0.89,0.85,7,1,0,1,0,70257.85,0
9972,15721377,Chou,BI Developer,30/10/1991,24/09/2021,,White Collar,Fixed Term,Full Time,Flex and Fixed,Active,Low,Female,31,"1  Years, 2 Months",1,60856.8,3,0.1,0.49,0.74,0,1,0,0,0,60856.8,0
9973,15747927,Ch'in,Technical Support Engineer,26/10/1965,08/08/2017,,White Collar,Fixed Term,Full Time,Flex and Fixed,Active,Medium,Male,57,"5 Years, 4 Months",5,50969.17,4,0.27,0.59,0.59,1,1,0,1,0,58585.25,0
9974,15806455,Miller,Human Resoruces Coordinator,13/09/2000,05/06/2015,,White Collar,Fixed Term,Full Time,Fixed,Active,Low,Male,22,"7 Years, 6 Months",7,29298.13,2,0.25,0.71,0.99,1,0,1,1,1,32195.75,0
9975,15695474,Barker,National Air Logistics Pharma Compliance Specialist,08/10/1979,21/04/2017,,Blue Collar,Fixed Term,Full Time,Fixed,Active,Medium,Male,43,"5 Years, 7 Months",5,31958.21,1,0.89,0.58,0.62,1,0,0,1,0,33640.22,0
9976,15666295,Smith,Business Development Manager,01/05/1983,20/09/2012,26/06/2021,White Collar,Fixed Term,Full Time,Flex and Fixed,Voluntarily Terminated,Low,Male,39,"10  Years, 2 Months",10,40974.05,3,0.26,0.84,0.61,3,1,0,1,0,50585.25,1
9977,15656062,Azikiwe,National Air Logistics Pharma Compliance Specialist,02/07/1993,05/03/2012,,Blue Collar,Fixed Term,Full Time,Fixed,Active,High,Female,29,"10 Years, 9 Months",10,32091.08,4,0.28,0.92,0.48,1,0,0,1,0,36886.3,0
9978,15579969,Mancini,Inside Sales Executive/ Account Manager,24/10/1977,21/09/2013,,White Collar,Fixed Term,Full Time,Flex and Fixed,Active,Medium,Female,45,"9 Years, 2 Months",9,30757.21,2,0.85,0.91,0.59,3,1,1,1,1,35764.2,0
9979,15703563,P'eng,Business Development Manager,26/11/1983,14/03/2020,,White Collar,Fixed Term,Full Time,Flex and Fixed,Active,Low,Male,39,"2 Years, 9 Months",2,46841.52,4,0.4,0.92,0.78,1,1,0,1,0,50914.7,0
9980,15692664,Diribe,Inventory Clerk,18/02/2004,08/06/2022,,Blue Collar,Fixed Term,Full Time,Fixed,Active,Low,Female,19,"0 Years, 6 Months",0,27005.25,1,0.72,0.95,0.65,0,0,1,0,1,27005.25,0
9981,15719276,T'ao,Finance Analyst,21/07/1957,15/12/2019,,White Collar,Fixed Term,Full Time,Flex and Fixed,Active,High,Male,65,"3 Years, 0 Months",3,46933.99,2,0.09,0.53,0.62,1,1,0,0,0,49404.2,0
9982,15672754,Burbidge,Customer Brokerage Specialist,22/02/1989,10/12/2007,01/02/2017,Blue Collar,Fixed Term,Full Time,Fixed,Voluntarily Terminated,Medium,Male,34,"9 Years, 1 Months",9,33165.75,2,0.49,0.89,0.89,3,1,1,1,1,35662.1,1
9983,15768163,Griffin,Trucking Specialist - Air Logistics,11/09/1997,13/02/2017,17/09/2019,Blue Collar,Fixed Term,Full Time,Fixed,Voluntarily Terminated,Medium,Female,25,"2 Years, 7 Months",2,32492.84,1,0.48,0.81,0.84,2,0,0,1,1,36103.15,1
9984,15656710,Cocci,Revenue Care Specialist- Air Logistics,12/08/1973,24/02/2012,,White Collar,Fixed Term,Full Time,Fixed,Active,Medium,Male,49,"10  Years, 9 Months",10,35691.14,2,0.29,0.78,0.67,2,1,0,0,0,42489.45,0
9985,15696175,Echezonachukwu,National Perishable Air Logistics Development Manager Retail,11/12/1980,21/01/2019,,White Collar,Fixed Term,Full Time,Flex and Fixed,Active,Medium,Male,42,"3 Years, 10 Months",3,30972.53,3,0.78,0.66,0.48,2,1,1,1,1,34035.75,0
9986,15586914,Nepean,National Air Logistics Warehousing Manager,23/05/1977,26/09/2017,,White Collar,Fixed Term,Full Time,Fixed,Active,Medium,Male,45,"5 Years, 2 Months",5,69372.95,4,0.96,0.37,0.71,1,1,0,1,0,77081.05,0
9987,15581736,Bartlett,Recruiter Apprentice,23/11/2002,22/06/2022,,Blue Collar,Apprentice,Full Time,Fixed,Active,Medium,Male,20,"0 Years, 5 Months",0,21900.95,3,0.11,0.55,0.84,0,0,1,1,1,21900.95,0
9988,15588839,Mancini,National Perishable Air Logistics Development Manager Seafood,23/03/1963,27/01/1987,,White Collar,Fixed Term,Full Time,Flex and Fixed,Active,Low,Male,59,"35 Years, 10 Months",35,28116.53,4,0.75,0.79,0.88,4,1,1,1,1,32317.85,0
9989,15589329,Pirozzi,Sales Account Manager,07/08/1986,27/10/2019,,White Collar,Fixed Term,Full Time,Fixed,Active,Low,Male,36,"3 Years, 1 Months",3,31787.39,4,0.55,0.89,0.83,1,1,0,1,0,32770.5,0
9990,15605622,McMillan,BI Developer,18/01/1984,20/04/2017,,White Collar,Fixed Term,Full Time,Flex and Fixed,Active,Medium,Male,39,"5 Years, 7 Months",5,61689.96,2,0.49,0.54,0.76,1,1,1,1,1,64936.8,0
9991,15798964,Nkemakonam,Technical Support Engineer,18/09/1984,25/11/2015,,White Collar,Fixed Term,Full Time,Flex and Fixed,Active,Medium,Male,38,"7 Years, 0 Months",7,54903.25,1,0.22,0.74,0.8,2,1,0,1,0,59035.75,0
9992,15769959,Ajuluchukwu,Perishable Operational Care Specialist - Air Logistics,17/09/1995,29/01/2021,28/09/2022,Blue Collar,Fixed Term,Full Time,Fixed,Voluntarily Terminated,Low,Female,27,"1  Years, 10 Months",1,32816.99,4,0.14,0.7,0.47,1,0,0,1,0,34544.2,1
9993,15657105,Chukwualuka,Aerospace International Logistics Specialist,04/09/1955,05/07/2005,,Blue Collar,Fixed Term,Full Time,Fixed,Active,High,Male,67,"17 Years, 5 Months",17,25381.72,3,0.65,0.37,0.85,3,0,0,1,0,32540.67,0
9994,15569266,Rahman,Finance Analyst,18/10/1980,23/05/2016,,White Collar,Fixed Term,Full Time,Flex and Fixed,Active,High,Male,42,"6 Years, 6 Months",6,42635.52,2,0.7,0.84,0.71,2,1,0,1,0,48449.45,0
9995,15719294,Wood,Trucking Specialist - Air Logistics,15/02/2000,04/01/2013,,Blue Collar,Fixed Term,Full Time,Fixed,Active,Low,Female,23,"9 Years, 11 Months",9,29990.69,2,0.29,0.55,0.58,2,0,0,0,0,32956.8,0
9996,15606229,Obijiaku,National Air Logistics Gateway Trade Lane Specialist,18/12/1984,16/04/2002,,White Collar,Fixed Term,Full Time,Fixed,Active,High,Male,38,"20  Years, 8 Months",20,28133.41,1,0.46,0.93,0.79,4,0,0,1,0,34732.6,0
9997,15569892,Johnstone,IT-Support,19/04/1973,29/11/2017,,White Collar,Fixed Term,Full Time,Fixed,Active,Medium,Male,49,"5 Years, 0 Months",5,33731.33,4,0.3,0.97,0.55,1,0,1,1,1,35136.8,0
9998,15584532,Liu,Sales Account Manager,13/06/1997,18/07/2019,21/07/2020,White Collar,Fixed Term,Full Time,Fixed,Voluntarily Terminated,Medium,Female,25,"1 Years, 0 Months",1,32200.1,2,0.22,0.64,0.53,0,1,1,0,1,32200.1,1
9999,15682355,Sabbatini,Sea Logistics Pricing Coordinator,24/05/1966,08/03/1984,07/01/2021,White Collar,Fixed Term,Full Time,Fixed,Voluntarily Terminated,Medium,Male,56,"36 Years, 9 Months",36,31619.95,2,0.23,0.62,0.64,3,0,0,1,0,32265.25,1
10000,15628319,Walker,Sea Logiscitcs Customer Care Specialist ,04/10/1999,27/12/2014,,Blue Collar,Fixed Term,Full Time,Fixed,Active,Low,Female,23,"7  Years, 11 Months",7,36622.1,1,0.1,0.26,0.91,0,0,0,1,0,36622.1,0
